# V    B-V
12.856 0.531
12.910 0.490
12.712 0.913
13.025 0.574
14.320 0.830
12.818 0.521
12.818 0.521
14.042 0.590
12.374 0.746
13.411 0.562
12.080 0.778
13.668 0.622
13.117 0.542
13.884 0.584
14.154 0.594
13.915 0.569
13.598 0.551
12.700 0.482
14.140 0.602
12.797 0.553
14.055 0.578
12.931 0.851
12.803 0.547
12.846 0.501
13.285 0.575
13.703 0.561
13.726 0.609
13.640 0.659
12.844 0.522
13.551 0.569
13.530 0.549
12.040 0.600
13.637 0.561
13.642 0.564
13.382 0.548
14.088 0.619
14.112 0.608
13.153 0.548
14.098 0.602
13.402 0.557
13.384 0.554
12.862 0.941
12.865 0.948
14.072 0.602
13.361 0.733
13.762 0.583
13.806 0.578
13.265 0.575
13.253 0.841
13.557 0.554
13.491 0.595
13.488 0.627
13.447 0.627
13.065 0.534
12.964 1.107
12.782 0.813
11.520 0.700
12.725 0.739
12.731 0.738
12.620 0.721
13.482 0.551
13.513 0.533
13.465 0.548
12.687 0.631
12.654 0.618
12.653 0.613
13.522 0.573
13.511 0.593
13.312 0.589
13.311 0.594
13.321 0.583
12.673 0.620
12.653 0.614
12.655 0.613
11.320 0.295
11.317 0.295
13.374 0.554
14.054 0.656
14.047 0.666
13.894 0.535
13.852 0.575
13.853 0.576
13.594 0.622
13.581 0.602
13.763 0.566
13.751 0.572
13.340 0.549
13.322 0.558
14.052 0.703
14.034 0.692
12.595 0.637
12.637 0.640
13.900 0.597
13.847 0.587
14.137 0.592
13.639 0.562
13.422 0.541
11.550 0.410
11.546 0.408
13.568 0.586
12.381 0.980
12.393 0.966
13.795 0.586
13.784 0.579
13.794 0.568
13.430 0.560
13.423 0.558
13.427 0.551
13.994 0.717
13.991 0.721
13.372 0.563
13.374 0.564
13.393 0.550
12.812 0.733
13.779 0.588
13.767 0.590
13.776 0.596
10.007 -0.098
10.010 -0.070
10.022 -0.086
10.030 -0.073
9.995 -0.145
10.022 -0.002
13.898 0.575
13.899 0.586
13.913 0.577
13.230 0.600
13.199 0.598
13.214 0.577
13.184 0.581
13.207 0.592
10.590 1.120
10.519 1.095
10.522 1.092
13.664 0.568
13.616 0.576
13.790 1.051
13.513 1.021
13.626 0.568
13.598 0.555
13.615 0.542
12.286 0.676
12.213 0.673
13.390 0.560
13.409 0.584
13.374 0.576
13.388 0.574
11.090 0.380
11.078 0.430
11.042 0.396
10.905 0.440
12.830 0.560
12.820 0.575
12.805 0.572
12.821 0.564
12.823 0.559
12.828 0.555
13.909 0.531
14.140 0.620
14.128 0.612
14.164 0.608
14.122 0.605
14.138 0.611
14.155 0.604
12.800 0.560
12.823 0.565
12.792 0.561
12.810 0.555
12.670 0.500
12.671 0.513
12.651 0.517
12.667 0.509
12.666 0.504
12.990 0.840
13.015 0.854
12.986 0.850
13.002 0.838
14.210 0.620
14.343 0.537
14.321 0.520
14.342 0.529
14.335 0.526
12.831 0.567
12.860 0.540
12.827 0.557
13.549 0.621
13.458 0.575
13.491 0.630
13.466 0.567
13.449 0.583
13.170 0.580
13.173 0.578
13.091 0.610
13.142 0.588
12.410 0.710
12.400 0.760
12.397 0.744
12.418 0.734
12.387 0.757
12.393 0.745
13.190 0.560
13.173 0.557
13.166 0.562
13.183 0.553
11.140 1.080
11.200 1.080
11.130 1.092
11.139 1.081
10.300 1.270
10.301 1.253
10.300 1.260
10.260 1.250
10.287 1.267
13.096 0.582
13.130 0.620
13.090 0.560
13.077 0.564
13.060 0.567
13.081 0.559
13.075 0.558
13.080 0.552
13.940 0.600
13.933 0.592
13.928 0.574
13.933 0.605
13.917 0.598
13.918 0.592
9.692 1.351
9.710 1.370
9.700 1.390
9.702 1.359
9.720 1.370
9.702 1.353
9.702 1.369
13.510 0.570
13.511 0.571
13.504 0.563
13.562 0.567
12.740 0.590
12.730 0.570
12.724 0.568
12.730 0.554
12.720 0.565
12.726 0.562
13.257 0.603
13.279 0.585
13.254 0.583
14.134 0.640
13.393 0.578
13.422 0.569
13.399 0.567
12.660 0.610
12.647 0.608
12.620 0.603
12.618 0.604
12.641 0.607
12.653 0.606
13.960 0.560
14.140 0.730
14.132 0.707
14.160 0.708
14.147 0.719
14.144 0.717
12.677 0.800
12.690 0.810
12.630 0.800
12.636 0.794
12.596 0.783
12.597 0.800
12.580 0.781
14.054 0.561
12.560 0.590
12.540 0.591
12.526 0.598
12.538 0.590
13.700 0.580
13.670 0.568
13.666 0.560
13.685 0.571
13.646 0.567
13.681 0.565
13.880 0.580
13.854 0.572
13.828 0.575
13.857 0.579
13.868 0.576
13.735 0.569
13.898 0.625
13.893 0.764
13.915 0.606
12.147 0.466
12.200 0.450
12.140 0.460
12.124 0.458
12.126 0.458
12.122 0.453
12.088 0.442
12.119 0.459
13.837 0.598
13.891 0.554
13.872 0.568
13.960 0.590
13.933 0.605
13.956 0.613
13.946 0.588
13.963 0.581
12.816 0.553
12.820 0.550
12.780 0.570
12.765 0.557
12.755 0.559
12.759 0.561
12.722 0.549
12.764 0.554
12.770 0.550
13.181 0.577
13.150 0.600
13.160 0.580
13.147 0.580
13.145 0.566
13.150 0.581
13.153 0.568
13.145 0.564
13.218 0.601
13.200 0.570
13.200 0.580
13.174 0.589
13.183 0.574
13.176 0.590
13.176 0.583
12.932 0.449
12.920 0.430
12.910 0.460
12.884 0.453
12.891 0.448
12.887 0.448
12.893 0.453
11.251 0.415
13.100 0.620
13.096 0.599
13.095 0.608
13.104 0.601
13.098 0.598
13.687 0.552
12.287 0.569
12.270 0.560
12.270 0.590
12.247 0.579
12.260 0.569
12.248 0.575
12.255 0.572
11.465 1.051
11.460 1.060
11.450 1.090
11.432 1.057
11.435 1.061
11.428 1.074
11.429 1.070
11.315 0.610
11.303 0.609
14.040 0.660
14.061 0.714
14.058 0.647
13.626 0.473
13.836 0.642
13.280 0.590
13.220 0.580
13.192 0.584
13.183 0.581
13.198 0.586
13.147 0.579
13.195 0.570
13.196 0.568
10.490 1.110
10.465 1.093
10.480 1.110
10.482 1.083
10.451 1.097
10.454 1.109
10.467 1.095
14.160 0.638
14.170 0.622
11.550 0.890
11.520 0.870
11.555 0.904
11.477 0.885
12.850 0.800
12.835 0.783
12.876 0.776
12.825 0.764
12.755 0.764
12.850 0.580
12.834 0.568
12.848 0.544
12.836 0.564
12.817 0.573
13.130 0.580
12.846 0.609
13.270 0.600
13.242 0.596
13.257 0.573
13.275 0.582
13.243 0.594
13.259 0.619
13.285 0.575
12.570 0.600
12.538 0.593
12.533 0.589
12.555 0.575
12.542 0.592
13.260 0.570
13.233 0.566
13.261 0.570
13.235 0.573
13.247 0.567
10.480 1.100
10.493 1.085
13.510 0.570
13.480 0.573
13.512 0.560
13.480 0.576
11.280 0.130
11.267 0.131
17.628 0.293
10.530 0.570
10.544 0.570
10.533 0.572
10.491 0.578
10.990 0.110
10.962 0.165
10.949 0.101
12.756 0.592
12.755 0.568
12.253 0.623
13.308 0.631
13.015 0.750
12.800 0.450
12.784 0.487
12.816 0.457
12.803 0.463
12.808 0.589
12.823 0.610
12.819 0.560
12.811 0.564
12.677 0.684
12.677 0.695
12.674 0.668
10.550 1.130
10.550 1.120
10.549 1.129
10.533 1.123
10.538 1.114
12.868 0.603
12.930 0.940
12.934 0.917
12.908 0.924
12.900 0.918
14.038 0.533
13.329 0.495
13.315 0.485
13.305 0.482
14.110 0.630
14.115 0.640
14.125 0.618
14.104 0.619
14.102 0.621
9.680 1.360
9.690 1.360
9.656 1.344
13.148 0.597
13.136 0.582
13.113 0.573
12.110 1.006
11.837 0.895
12.710 0.600
12.725 0.587
12.713 0.580
12.694 0.589
12.692 0.587
13.709 0.601
12.650 0.590
12.650 0.574
12.625 0.571
13.076 0.564
13.078 0.560
14.020 0.610
14.030 0.608
14.031 0.607
14.018 0.603
13.698 0.635
12.650 0.590
12.664 0.598
12.657 0.572
12.635 0.584
12.770 0.830
12.777 0.822
12.769 0.806
12.752 0.819
12.650 0.630
12.648 0.617
12.646 0.605
12.632 0.613
13.290 0.573
12.270 0.220
12.257 0.260
12.259 0.236
12.243 0.250
11.100 0.190
11.063 0.190
11.098 0.189
11.066 0.224
13.864 0.660
13.198 0.620
13.213 0.614
13.209 0.614
13.197 0.618
13.700 0.540
13.717 0.547
13.696 0.517
13.696 0.543
13.689 0.527
12.870 0.540
12.909 0.534
12.872 0.519
12.856 0.528
12.850 0.524
10.950 0.220
10.940 0.220
10.946 0.227
10.929 0.247
13.186 0.559
12.826 0.775
12.230 0.993
12.267 0.981
13.620 0.600
13.663 0.585
13.616 0.592
13.608 0.585
12.690 0.720
12.722 0.683
12.684 0.696
14.001 0.617
13.939 0.583
13.748 0.605
13.213 0.600
13.198 0.566
11.103 0.850
14.020 0.650
14.044 0.619
13.986 0.626
14.017 0.618
12.600 0.600
12.562 0.593
12.589 0.583
12.591 0.583
13.037 0.667
13.799 0.629
13.450 0.550
13.333 0.564
13.416 0.538
13.551 0.569
12.911 1.000
12.278 0.385
13.214 0.556
14.114 0.600
14.131 0.610
14.087 0.600
13.730 0.660
13.673 0.660
13.719 0.656
13.719 0.653
12.260 0.580
12.219 0.567
12.248 0.563
12.249 0.564
13.754 0.597
13.824 0.562
13.786 0.579
15.786 0.677
13.850 0.600
13.794 0.590
13.841 0.583
13.820 0.581
13.763 0.592
13.806 0.575
13.800 0.582
13.786 0.570
12.760 0.580
12.779 0.560
12.690 0.564
12.710 0.570
11.330 1.070
11.266 1.076
11.250 1.071
11.630 1.050
11.637 1.050
11.622 1.037
12.514 0.598
12.562 0.581
14.079 0.658
12.368 0.581
12.413 0.562
13.629 0.659
10.580 1.100
10.760 1.130
10.761 1.135
13.079 0.559
13.098 0.548
13.067 0.536
12.750 0.758
12.774 0.742
12.934 0.919
12.959 0.914
12.947 0.892
13.220 0.567
13.176 0.535
13.338 0.575
13.354 0.568
13.336 0.550
13.584 0.594
13.567 0.549
11.520 1.050
11.495 1.053
11.490 1.032
13.534 0.540
13.371 0.572
13.316 0.581
11.260 0.620
13.381 0.572
13.370 0.554
12.505 0.663
12.906 0.970
14.047 0.602
12.729 0.577
12.684 0.558
12.647 0.581
10.780 0.940
13.505 0.630
13.419 0.445
12.809 0.603
13.448 0.613
13.303 0.459
14.136 0.514
12.688 0.622
13.904 0.637
13.388 0.577
12.705 0.575
12.716 0.518
12.690 0.569
11.721 0.510
14.093 0.689
13.898 0.700
14.100 0.549
10.600 0.340
12.920 0.983
12.920 0.983
13.960 0.612
12.429 0.618
10.550 1.100
12.790 0.584
13.355 0.577
13.151 0.572
12.699 0.561
13.414 0.567
13.410 0.582
13.220 0.604
13.833 0.615
13.094 0.749
13.762 0.581
14.036 0.615
10.700 0.110
12.889 0.817
13.457 0.514
13.517 0.536
15.649 0.876
15.556 0.895
15.559 0.855
16.025 1.077
15.991 1.082
15.828 1.016
15.861 1.012
15.829 1.031
12.647 0.685
11.570 0.680
11.240 1.100
12.988 0.540
14.741 0.649
14.689 0.720
15.256 0.617
12.629 0.594
15.561 0.698
15.051 0.775
12.940 0.540
15.368 0.501
15.475 0.679
15.352 0.622
14.493 0.582
13.594 0.560
13.469 0.557
15.750 0.900
15.761 0.904
15.731 0.684
15.673 0.846
15.732 0.864
16.210 0.640
16.179 0.631
16.161 0.681
16.174 0.638
16.417 1.022
16.143 1.006
16.347 1.097
16.393 1.067
17.100 1.150
17.026 1.221
17.690 1.360
17.598 1.355
17.805 1.391
17.590 1.566
17.632 1.414
19.640 1.920
20.340 1.640
20.399 1.440
20.020 1.410
20.200 1.270
20.550 1.530
20.250 1.480
20.590 1.860
21.100 1.320
20.950 1.460
21.190 0.630
20.660 0.260
21.260 0.910
21.150 2.350
20.830 1.400
20.950 1.530
20.700 1.590
20.750 0.850
20.640 1.310
20.417 1.231
21.110 1.570
21.440 1.420
20.970 0.970
21.380 1.520
21.010 1.440
20.820 0.900
20.710 1.650
21.020 0.990
20.841 0.966
20.760 0.890
21.130 1.140
21.430 1.110
24.740 1.730
21.670 0.990
21.550 1.190
22.570 -0.370
21.670 2.170
20.740 1.840
21.150 1.040
21.180 2.080
22.500 -0.320
21.750 0.720
21.640 1.830
22.390 0.030
22.070 0.230
21.000 1.590
21.910 1.570
21.740 0.430
21.160 2.070
21.650 1.180
21.920 2.120
22.090 0.770
21.500 1.360
22.380 0.310
22.450 0.290
21.560 1.710
22.510 0.300
22.420 -0.320
21.160 1.100
22.310 0.460
21.930 0.570
21.260 2.520
21.860 1.570
22.550 0.300
21.210 1.950
12.760 0.550
12.839 0.532
12.787 0.547
15.770 0.950
15.781 0.981
14.210 0.720
14.183 0.711
14.205 0.701
14.169 0.718
14.540 0.730
14.516 0.737
14.545 0.701
14.494 0.741
15.740 0.910
15.708 0.907
15.774 0.869
15.697 0.891
15.729 0.903
16.410 1.060
15.800 1.090
15.779 1.068
15.820 1.087
15.614 0.861
15.107 0.777
15.148 0.755
15.119 0.784
16.412 1.082
16.301 1.023
15.141 0.878
15.074 0.878
15.055 0.910
14.564 0.684
14.553 0.680
15.864 0.770
15.866 0.771
15.376 0.835
15.365 0.822
15.368 0.810
16.169 0.747
16.162 0.743
14.972 0.765
14.979 0.751
14.966 0.743
16.645 1.007
15.515 0.570
15.519 0.575
16.157 0.989
16.149 1.005
15.696 0.902
15.717 0.897
14.693 0.632
14.616 0.679
16.280 1.128
14.380 0.709
14.632 0.829
14.638 0.820
15.371 0.887
15.414 0.892
15.378 0.887
14.130 0.620
14.122 0.606
14.113 0.600
14.106 0.594
15.296 0.603
15.303 0.582
16.362 1.059
16.309 1.006
16.321 1.033
14.177 0.665
14.179 0.636
14.181 0.661
16.678 1.119
16.668 1.120
14.481 0.670
14.493 0.666
14.464 0.661
14.695 0.761
14.702 0.749
16.600 1.141
16.586 1.113
16.557 1.095
14.513 0.706
14.540 0.690
15.609 0.950
15.920 0.935
15.628 0.907
16.504 1.243
14.537 0.587
14.555 0.555
15.361 0.630
14.105 0.734
15.415 0.832
14.632 0.813
15.097 1.190
14.475 0.628
14.704 0.718
16.351 0.630
15.927 0.936
16.079 0.617
16.155 0.828
13.949 0.849
14.916 0.735
14.528 0.665
15.209 0.786
17.950 1.430
17.838 1.335
19.270 0.940
19.173 0.936
20.700 0.170
18.670 1.520
18.607 1.550
20.840 0.640
16.890 1.020
16.876 1.055
16.775 0.699
20.360 0.370
17.980 1.520
19.840 1.520
18.450 1.503
17.764 1.368
17.770 1.345
19.341 0.432
18.530 1.580
18.518 1.476
20.690 1.820
18.760 1.570
18.722 1.508
19.150 1.640
20.840 2.110
17.780 1.510
17.718 1.473
17.689 1.045
19.810 1.510
19.817 1.581
14.190 0.790
19.436 0.886
18.710 0.910
18.745 0.788
15.742 0.903
15.705 0.850
15.341 0.824
15.328 0.776
15.229 0.779
16.570 1.190
16.567 1.156
16.660 1.139
17.026 1.219
16.941 1.119
17.440 0.769
17.473 0.724
18.431 1.532
18.298 1.353
17.160 1.240
17.145 1.200
17.137 1.227
13.770 0.580
13.767 0.574
13.792 0.585
13.480 0.640
13.477 0.614
13.518 0.635
19.500 0.930
19.513 0.783
16.683 0.745
16.681 0.767
13.840 0.640
13.821 0.627
13.833 0.619
13.806 0.634
13.805 0.631
15.770 0.990
15.736 0.992
15.767 0.982
15.920 1.110
15.921 1.076
15.877 1.094
15.914 1.101
14.190 0.630
14.191 0.625
14.198 0.596
14.150 0.619
14.147 0.612
14.480 0.680
14.486 0.666
14.465 0.686
14.473 0.666
14.453 0.663
14.980 0.910
15.711 0.985
16.400 1.150
16.409 1.116
16.429 1.116
14.610 0.720
14.623 0.685
14.579 0.697
14.598 0.693
16.270 1.050
16.255 1.030
16.268 1.022
16.283 1.016
14.200 0.650
14.220 0.621
14.185 0.630
14.184 0.624
14.169 0.622
14.067 0.643
14.072 0.623
14.101 0.624
15.943 0.623
14.960 0.900
14.980 0.877
14.949 0.875
15.200 0.820
15.244 0.792
15.197 0.800
15.490 0.880
15.514 0.865
15.475 0.873
15.464 0.851
15.820 1.010
15.809 1.006
15.803 0.991
15.505 1.098
15.523 1.091
15.319 0.820
15.311 0.839
15.289 0.821
14.901 0.733
14.913 0.730
14.590 0.684
14.583 0.691
14.553 0.673
15.474 0.864
15.457 0.856
15.427 0.850
15.727 0.560
15.731 0.548
14.579 0.810
14.346 0.643
14.356 0.657
15.658 0.484
15.691 0.481
15.634 0.491
16.520 1.099
16.426 1.170
14.479 0.632
15.896 1.185
14.790 0.750
14.314 0.783
14.304 0.781
16.054 1.057
15.530 0.891
14.381 0.656
15.975 1.105
15.472 0.909
12.831 0.504
14.671 0.694
14.901 0.910
15.677 0.867
15.289 0.828
16.251 0.993
16.095 1.014
15.320 0.782
15.124 0.848
14.413 0.715
14.960 0.759
14.865 0.829
14.141 0.709
14.387 0.598
14.622 0.808
14.115 0.632
14.628 0.694
14.386 0.650
14.712 0.699
13.701 0.596
15.589 0.779
14.578 0.672
15.016 0.780
14.765 0.614
15.010 0.748
14.570 1.020
14.234 0.618
10.930 1.150
20.560 1.080
17.760 1.490
17.657 1.641
20.570 1.760
19.490 1.570
18.290 1.490
18.232 1.411
17.250 1.280
17.181 1.271
17.192 1.226
17.315 1.233
17.225 1.276
19.518 0.661
19.620 1.380
18.302 1.479
18.366 1.372
20.534 -0.140
20.580 1.430
17.970 0.970
17.950 0.982
18.056 0.942
19.480 1.620
19.453 1.619
16.720 0.720
16.707 0.694
16.685 0.732
18.140 1.470
18.126 1.432
18.013 1.481
19.980 1.820
18.630 1.630
17.700 1.450
17.720 1.338
17.665 1.338
20.770 0.410
17.710 1.390
17.580 1.343
17.659 1.374
20.400 0.490
17.860 1.370
17.798 1.443
17.790 1.427
17.794 1.379
19.020 1.580
19.053 1.376
19.680 1.410
19.674 1.340
18.010 1.460
18.024 1.425
17.698 1.608
19.260 1.590
19.265 1.647
21.340 1.350
17.875 1.386
17.829 1.271
17.791 1.414
17.558 1.331
17.571 1.230
17.517 1.324
19.045 0.953
12.720 0.590
12.767 0.577
12.713 0.550
12.688 0.574
12.682 0.581
15.520 1.000
15.550 0.978
15.517 0.974
15.499 1.015
15.800 1.080
15.796 1.090
15.820 1.067
15.783 1.078
14.420 0.680
14.411 0.685
14.418 0.664
14.399 0.669
14.390 0.780
14.401 0.775
14.356 0.770
14.377 0.767
14.900 0.760
14.901 0.762
14.911 0.726
14.890 0.754
14.886 0.751
14.645 0.800
14.592 0.725
14.644 0.763
14.991 0.798
14.960 0.757
14.977 0.785
14.889 0.756
14.913 0.768
14.911 0.758
15.250 0.820
15.263 0.820
15.236 0.770
15.263 0.799
15.297 0.797
15.308 0.827
15.293 0.815
15.540 0.880
15.571 0.863
15.493 0.851
15.506 0.886
15.495 0.856
15.720 0.921
15.743 0.914
15.713 0.908
14.934 0.758
14.958 0.751
14.936 0.743
12.094 1.007
12.124 1.010
12.138 1.002
12.122 0.995
14.174 0.656
14.225 0.605
14.178 0.628
15.444 0.852
15.428 0.846
15.167 0.807
15.162 0.780
15.801 0.914
15.752 0.908
15.158 0.832
15.511 0.867
15.494 0.851
15.465 0.966
16.373 0.864
16.448 0.861
16.008 0.678
16.058 0.649
15.915 0.841
15.943 0.836
15.714 0.649
15.843 0.958
16.074 0.961
14.318 0.674
15.154 0.819
15.240 0.843
15.224 0.807
15.752 0.927
15.323 0.568
15.055 0.775
15.584 0.946
14.593 0.718
16.295 1.424
14.504 0.846
15.914 0.980
14.438 0.706
15.850 1.128
14.460 0.812
15.797 0.870
15.389 0.879
14.340 0.682
14.786 0.711
15.392 0.591
14.248 0.775
14.248 0.775
14.120 0.724
14.537 0.684
20.205 0.481
22.010 0.440
18.590 1.520
18.590 1.359
17.350 1.460
17.373 1.515
17.327 1.432
20.810 1.870
20.380 1.250
16.620 1.270
16.627 1.290
16.614 1.255
16.611 1.299
20.100 1.310
19.925 1.533
20.120 1.450
19.940 1.680
19.851 1.583
19.510 1.500
19.521 1.348
19.890 0.810
19.830 0.741
20.590 1.650
20.310 1.810
21.110 0.390
21.080 0.569
17.690 1.469
17.792 1.536
19.658 1.682
20.477 0.940
20.780 1.370
19.930 1.600
16.788 1.292
16.837 1.262
17.595 1.023
17.642 0.997
16.666 1.134
16.664 1.095
16.646 0.701
12.090 1.020
13.310 0.620
13.349 0.590
14.760 0.720
14.718 0.729
14.756 0.715
14.725 0.727
12.720 0.560
12.693 0.564
12.718 0.553
12.691 0.543
12.712 0.549
12.693 0.559
13.300 0.460
13.262 0.462
13.260 0.464
13.307 0.465
13.288 0.456
13.266 0.466
15.380 0.830
15.377 0.848
15.382 0.835
15.384 0.832
15.398 0.833
16.200 1.180
16.182 1.179
16.183 1.182
15.610 1.050
15.606 1.030
15.418 0.950
14.330 0.660
14.292 0.658
14.283 0.644
14.285 0.649
14.333 0.537
14.304 0.551
14.320 0.660
14.303 0.675
14.313 0.719
14.305 0.654
13.020 0.860
13.051 0.877
13.004 0.959
13.019 0.860
13.027 0.855
14.919 0.732
14.781 0.725
13.289 0.594
13.301 0.628
13.294 0.569
13.301 0.565
15.267 0.818
15.286 0.807
15.565 0.822
15.547 0.849
15.567 0.821
15.793 0.880
15.545 0.852
15.687 0.948
15.547 0.882
14.925 0.713
14.897 0.733
14.900 0.725
16.253 1.015
15.474 0.856
15.562 0.849
15.541 0.845
14.199 0.666
14.169 0.622
15.315 0.810
15.272 0.779
16.369 1.030
16.330 1.023
15.771 0.896
15.769 0.878
15.094 0.721
15.056 0.749
15.750 0.981
15.741 1.002
15.997 0.780
16.025 0.772
14.997 0.741
14.998 0.750
14.994 0.746
14.562 0.862
14.557 0.874
14.564 0.861
14.823 0.698
14.819 0.732
14.824 0.721
14.742 0.740
14.636 0.678
14.626 0.687
14.630 0.675
15.586 0.869
15.609 0.850
15.599 0.804
15.186 0.762
15.156 0.768
15.415 0.811
15.360 0.811
14.652 0.688
15.989 0.823
15.322 0.518
14.634 0.747
14.792 0.719
14.787 0.723
15.011 0.756
15.021 0.758
15.830 0.801
15.774 0.934
15.777 0.911
16.436 1.211
14.971 0.750
15.611 0.547
14.477 0.658
14.581 0.648
15.798 0.841
15.217 0.813
14.281 0.587
12.313 0.989
14.148 0.639
14.760 0.689
14.280 0.893
14.261 0.630
14.548 0.625
14.975 0.701
14.264 0.699
9.980 1.100
14.760 0.705
14.465 0.760
15.276 0.618
14.996 0.734
15.353 0.802
14.823 0.736
15.009 0.799
14.426 1.029
15.532 0.667
15.234 0.617
14.535 0.673
16.190 1.030
16.185 1.000
15.930 0.882
16.144 0.988
17.680 1.530
17.653 1.527
17.483 1.288
17.707 1.392
16.240 1.000
16.224 1.004
16.291 0.908
16.231 1.014
16.248 1.000
16.802 1.073
17.940 1.470
21.240 1.060
17.660 1.410
17.716 1.398
18.033 1.452
17.380 1.300
18.081 1.052
17.149 1.394
17.105 1.391
19.070 1.200
18.943 1.370
19.450 1.680
16.470 1.150
16.501 1.081
16.414 1.320
16.373 1.148
19.500 1.580
21.180 0.440
20.350 0.700
19.510 0.510
19.281 0.628
18.176 1.237
18.013 1.346
18.000 1.440
19.186 1.438
18.314 1.677
17.470 1.352
17.532 1.263
19.194 0.698
18.651 1.621
19.187 1.525
18.305 0.897
18.454 0.805
15.090 0.760
17.776 0.803
17.820 0.780
16.732 1.132
14.500 0.757
17.570 1.306
17.733 1.358
17.315 1.139
17.289 1.114
16.341 1.056
16.152 0.976
16.724 1.093
16.719 1.103
17.176 1.239
17.078 1.318
17.801 1.234
17.768 1.183
18.124 1.480
18.225 1.753
18.725 0.871
18.638 1.030
18.389 0.935
18.502 0.670
17.739 0.812
16.424 1.212
16.352 1.259
18.470 1.025
17.430 1.284
17.292 1.253
17.426 1.248
17.959 1.362
16.698 1.173
18.736 0.663
18.756 0.872
16.475 0.717
17.587 1.059
18.083 0.864
18.030 1.011
18.231 1.469
18.249 1.460
16.981 1.280
17.026 1.214
17.773 0.659
17.810 0.609
17.303 1.401
13.780 1.266
17.099 1.244
17.089 1.238
16.452 1.070
16.436 1.078
16.593 1.117
16.659 1.113
17.427 0.884
17.198 1.018
17.641 1.164
16.527 0.530
17.118 0.625
17.148 0.580
19.020 -0.420
19.400 1.475
19.868 1.458
16.814 1.078
18.133 1.416
17.502 0.619
20.222 1.407
18.576 1.407
20.369 0.513
19.670 0.706
18.064 0.532
20.702 0.052
16.856 0.839
16.540 0.927
19.444 1.179
19.496 0.928
17.033 1.034
21.239 0.200
20.721 0.507
18.858 0.670
19.731 0.647
18.162 0.769
19.132 1.371
16.895 1.134
19.207 1.196
17.165 1.167
17.126 1.102
19.534 0.642
18.277 0.842
20.722 0.642
18.319 1.136
19.334 1.501
17.118 1.011
19.424 1.110
18.132 1.252
19.537 0.981
19.445 0.889
14.422 0.656
19.561 1.072
19.198 1.603
16.571 0.619
20.636 0.852
18.491 1.396
15.650 0.860
18.305 1.406
20.215 1.498
19.918 1.217
15.234 0.782
16.200 0.982
18.715 1.525
18.144 0.669
20.176 0.257
17.047 1.191
18.428 1.219
17.174 0.571
15.442 0.835
20.163 1.379
19.198 1.614
16.683 1.229
18.873 0.478
14.040 0.879
18.431 1.516
19.232 1.158
18.482 1.593
19.475 0.955
16.906 0.811
17.243 1.252
17.241 1.217
18.982 1.404
16.669 1.092
20.683 1.105
19.010 1.435
16.330 0.992
19.819 0.773
16.149 0.918
17.260 1.257
17.866 0.763
15.918 0.767
19.693 1.709
18.339 0.676
19.407 1.523
15.427 0.902
19.781 1.497
18.151 1.513
20.124 1.695
18.185 1.516
18.006 0.540
18.350 1.497
20.696 0.630
19.095 1.613
19.394 0.980
18.599 1.533
19.324 1.087
17.779 1.390
17.824 1.339
19.018 1.033
20.004 1.616
18.093 1.542
19.300 0.712
18.749 1.474
20.599 0.629
15.734 0.851
19.984 1.552
16.756 0.641
19.608 1.456
19.147 1.480
17.311 1.183
19.689 1.110
16.116 0.967
18.938 0.510
15.305 0.560
15.731 0.886
17.815 1.292
17.840 1.006
18.716 1.509
17.269 1.173
17.603 0.609
19.569 1.530
20.497 0.249
17.868 0.820
18.170 1.378
16.843 1.090
19.030 0.341
19.114 1.385
16.289 0.670
16.984 0.817
19.587 1.555
16.021 0.575
19.224 0.848
20.237 1.470
16.479 1.059
17.905 0.859
15.695 0.872
16.752 0.928
19.229 1.373
20.063 0.632
19.802 1.249
15.688 1.007
16.375 1.055
16.371 1.035
17.996 0.757
19.968 1.159
19.950 1.671
17.653 0.671
18.536 1.639
18.508 1.560
19.653 1.486
19.879 0.900
17.863 1.258
15.851 0.907
17.573 1.219
18.397 1.414
18.059 1.321
16.780 1.179
20.313 1.302
16.361 0.632
13.448 0.536
18.424 0.612
18.469 0.840
19.625 1.348
18.681 1.408
16.598 1.137
16.148 0.858
16.183 0.953
16.171 0.963
19.662 1.469
19.426 1.513
18.424 1.003
20.194 0.491
18.700 1.497
19.646 1.451
18.825 1.330
18.725 0.387
19.908 1.499
17.690 1.223
19.183 0.957
18.187 0.702
15.467 0.833
17.966 1.474
16.488 1.067
15.094 0.766
17.334 0.715
19.262 0.511
19.827 1.409
18.799 1.319
20.225 1.012
18.638 1.382
17.244 0.722
18.143 1.134
18.562 1.467
20.892 1.690
16.196 0.998
18.409 1.443
18.330 1.430
18.165 0.529
19.132 0.579
18.819 0.622
18.315 1.512
19.942 0.494
21.091 1.389
17.503 1.301
17.429 1.332
19.378 1.031
18.564 1.570
17.558 1.111
16.929 0.891
19.340 1.466
19.685 0.707
18.095 1.399
18.040 1.440
19.557 1.449
19.638 0.790
17.434 1.111
19.693 1.301
17.385 0.815
18.696 1.122
16.057 0.917
16.137 0.714
17.203 0.783
17.656 0.708
19.073 1.490
19.676 1.543
17.372 1.277
17.284 1.255
14.551 1.071
17.160 0.781
15.114 0.810
19.581 0.458
17.807 1.339
15.301 0.815
16.277 1.019
19.372 1.477
19.026 1.003
19.869 0.736
15.905 1.024
18.708 1.527
20.146 0.083
18.319 1.345
17.795 1.088
18.779 1.548
17.913 1.469
15.501 0.828
19.531 0.516
20.290 0.482
19.245 1.526
18.454 1.023
18.709 0.783
18.465 0.863
15.807 0.884
20.700 0.713
19.057 1.409
19.391 1.512
19.577 1.423
20.036 1.020
19.682 1.577
16.108 0.613
17.929 1.420
20.301 0.239
16.382 1.045
16.341 0.665
20.788 0.831
17.136 1.232
19.829 0.278
15.350 0.830
15.681 0.901
19.490 0.997
19.943 1.681
17.288 1.321
17.176 1.254
17.156 1.238
20.578 1.267
19.284 1.102
19.912 0.563
16.754 1.123
16.729 1.147
19.105 1.381
18.559 0.834
19.561 1.480
16.783 0.537
18.807 0.730
19.745 1.385
17.165 0.649
16.303 1.025
18.593 1.447
19.133 1.641
19.476 0.922
19.636 1.526
16.709 1.130
16.272 0.934
19.345 1.300
17.175 1.281
20.976 0.011
17.581 1.321
17.572 1.323
18.726 1.536
20.514 1.453
15.920 0.930
19.128 1.667
19.568 0.222
19.685 0.906
19.729 1.431
19.601 1.395
20.635 0.326
19.370 0.369
20.184 1.431
19.153 1.382
18.492 1.521
19.110 1.414
19.308 0.542
19.998 0.452
17.708 1.348
18.403 1.445
16.371 1.022
20.552 0.610
18.361 1.513
19.656 0.796
19.396 1.738
20.112 0.510
17.041 0.175
19.817 1.049
20.214 1.271
20.652 0.826
19.892 1.310
20.454 0.477
19.595 1.564
17.974 0.954
18.690 0.541
17.286 1.175
16.983 1.098
18.110 1.470
17.909 0.826
19.289 0.532
17.316 1.242
15.793 0.881
16.730 0.634
20.197 0.856
16.935 1.341
17.644 1.306
17.645 1.328
16.556 0.605
17.042 1.198
17.015 1.208
19.690 0.783
19.009 1.222
19.554 0.412
20.831 0.774
20.410 1.409
19.643 1.746
13.785 0.551
19.124 1.103
20.712 1.103
20.233 1.492
16.585 1.095
16.570 1.106
16.118 0.916
18.819 1.308
19.345 1.461
15.447 0.958
15.390 0.970
20.107 1.389
18.746 0.743
19.847 0.959
20.102 0.406
14.867 0.726
14.852 0.721
14.865 0.711
17.457 0.886
17.839 0.800
20.449 0.853
16.595 0.792
15.788 0.805
17.445 1.506
19.247 1.486
20.501 0.613
19.934 2.184
19.511 0.902
16.921 1.143
16.931 1.112
17.413 1.421
19.632 1.186
15.258 0.752
17.404 1.312
17.270 0.732
17.962 1.268
17.401 1.305
20.187 1.449
19.638 1.650
15.061 0.766
18.150 1.124
15.028 0.747
15.007 0.752
15.016 0.747
20.796 1.063
17.598 1.409
19.118 1.650
18.856 1.225
20.396 1.636
16.902 1.170
20.362 0.416
16.612 1.658
18.548 1.513
17.410 1.394
18.335 1.390
17.564 1.320
16.643 1.453
17.838 1.623
20.658 0.899
18.708 0.183
18.593 1.339
20.042 0.726
19.876 1.953
16.782 1.266
16.212 1.032
18.898 1.560
21.326 1.507
20.353 0.990
19.983 1.359
16.769 1.083
18.535 1.489
19.006 1.737
17.596 0.405
20.814 1.159
18.952 1.361
19.733 0.321
19.953 1.371
19.955 1.500
16.814 1.231
16.936 1.117
16.735 1.314
19.421 1.593
16.280 1.003
15.677 0.859
15.669 0.881
15.691 0.862
20.899 0.516
18.612 -0.113
17.758 0.595
17.784 0.473
20.655 1.457
15.546 0.743
20.723 1.283
19.319 1.472
19.046 1.494
15.230 0.790
15.214 0.793
15.266 0.762
15.215 0.777
15.209 0.797
15.215 0.779
19.897 1.444
15.814 0.680
17.455 1.309
19.486 1.801
16.891 1.375
18.673 1.607
20.363 1.724
19.388 1.537
18.972 0.771
17.160 1.516
16.571 0.820
14.335 0.807
14.378 0.851
14.369 0.839
14.323 0.818
19.059 1.285
20.374 0.315
20.619 0.747
19.160 1.459
17.977 0.963
18.132 0.931
19.024 1.300
18.999 1.508
14.950 0.760
14.928 0.759
15.017 0.750
14.930 0.695
14.927 0.758
14.947 0.738
15.055 0.797
14.969 0.736
14.861 0.800
19.693 0.949
19.680 1.440
14.981 0.781
19.080 0.536
20.555 0.306
20.147 1.772
19.778 1.541
17.908 0.640
15.794 0.903
19.284 0.942
13.695 0.552
16.628 0.662
20.757 0.784
17.941 1.440
15.979 0.986
18.406 0.856
18.036 0.589
13.766 1.013
16.723 0.585
18.331 0.451
17.491 0.944
16.623 0.594
16.641 0.570
20.211 0.697
14.770 0.470
14.746 0.467
14.765 0.457
14.743 0.467
19.916 0.714
17.957 1.438
18.589 1.674
19.623 1.537
14.972 0.891
14.987 0.908
14.961 0.890
19.669 0.661
18.124 1.450
19.497 0.507
12.777 0.548
18.946 1.492
20.594 0.683
16.183 1.001
21.170 0.777
18.600 1.556
19.763 0.900
17.319 0.763
17.838 1.310
18.628 1.465
19.529 0.674
19.637 1.479
19.473 1.675
19.720 0.997
15.439 0.946
17.892 0.899
19.665 1.634
19.407 0.855
16.904 1.197
16.421 0.755
18.986 1.172
14.737 0.744
18.050 1.415
18.323 1.513
19.371 1.519
17.067 0.648
16.978 0.679
17.352 1.285
17.317 1.272
19.055 1.391
16.828 0.713
18.210 0.493
17.239 0.686
19.947 1.658
18.599 0.841
16.295 1.449
20.160 1.206
19.921 1.678
16.215 1.020
20.236 0.430
18.355 1.470
21.214 0.252
17.290 0.946
19.972 1.514
18.762 1.513
18.871 0.918
19.656 -0.098
17.135 1.233
17.886 0.496
16.391 0.739
18.858 1.475
19.093 1.567
20.186 0.666
18.999 1.530
20.072 1.123
20.137 1.555
19.651 1.222
16.410 0.584
19.572 0.548
19.220 1.429
17.718 0.505
19.424 1.329
18.573 1.098
18.408 1.419
18.775 1.522
18.907 1.555
17.792 1.541
18.852 1.576
18.854 1.539
16.632 0.942
15.211 0.623
17.103 1.093
18.037 1.149
18.249 0.682
16.423 1.059
17.299 1.032
16.588 1.077
18.458 1.338
20.935 0.319
20.466 0.943
18.262 1.199
14.645 0.747
19.449 1.323
19.685 0.450
18.062 0.794
16.475 0.931
15.770 0.937
19.688 1.589
15.459 0.875
12.695 0.584
18.087 1.473
15.930 1.072
16.673 1.101
16.164 0.554
18.685 1.189
18.592 1.506
19.787 0.874
18.802 1.011
16.933 0.913
21.306 0.839
17.176 0.933
17.998 1.005
20.907 0.715
18.580 1.549
18.007 0.988
17.371 1.308
17.378 1.283
19.922 1.010
16.201 0.838
16.227 0.848
18.359 0.964
18.610 1.006
19.708 0.647
19.964 0.971
19.270 1.511
18.086 1.469
20.695 0.489
20.924 -0.185
18.720 1.600
16.929 1.346
16.990 1.332
18.806 1.316
16.784 1.245
17.872 1.354
16.059 0.874
18.557 1.535
19.101 1.248
14.918 0.701
20.218 1.334
18.556 1.319
19.245 1.342
18.119 1.282
18.715 1.548
20.034 0.585
17.181 1.274
20.157 0.724
19.234 0.720
18.974 1.165
17.139 0.729
20.209 0.784
20.052 0.707
17.991 1.382
17.255 0.880
20.862 0.314
18.880 0.407
18.535 1.499
15.383 0.990
18.791 0.743
17.500 0.590
13.776 0.608
18.813 1.460
20.076 0.960
18.355 0.688
15.894 0.932
19.449 1.006
19.588 1.754
17.219 1.331
17.372 1.055
18.546 0.625
16.672 1.136
20.379 1.692
15.774 1.013
19.607 1.474
17.815 0.544
20.269 0.874
16.742 0.689
18.281 1.422
20.222 0.936
18.666 1.535
20.258 1.752
20.262 0.607
18.252 0.628
16.018 1.148
17.230 1.505
20.482 0.566
20.489 0.902
18.024 1.431
18.724 1.422
18.089 1.470
20.746 0.715
18.740 1.575
16.760 0.957
20.618 0.683
16.575 0.951
18.912 0.525
20.731 1.111
19.023 1.574
17.898 1.477
18.027 1.441
18.075 0.530
19.511 1.648
18.979 1.486
20.246 1.431
18.817 1.557
16.919 0.881
21.038 1.180
19.621 1.412
20.010 1.598
18.415 1.026
18.333 1.195
19.727 0.840
18.627 0.598
18.612 0.659
16.648 1.176
19.648 1.769
19.312 1.542
18.772 1.156
14.228 0.658
18.063 1.419
18.780 1.440
17.840 1.449
17.800 1.024
16.297 0.950
18.315 1.338
17.435 0.846
17.576 0.535
17.799 1.015
19.722 0.732
18.955 0.487
19.823 1.650
18.841 1.235
19.180 1.464
19.265 1.415
19.493 1.570
19.789 0.992
18.706 1.391
18.627 1.167
16.735 0.919
17.685 1.089
16.690 0.740
19.498 1.284
19.493 0.266
17.730 1.448
19.524 1.267
19.523 1.138
19.811 0.644
18.985 1.502
18.779 1.479
18.067 1.496
17.461 0.872
18.426 1.559
19.255 1.516
17.414 1.535
20.031 0.646
19.725 0.858
18.345 0.403
19.112 0.514
19.817 1.820
18.583 1.298
19.109 1.206
18.985 1.435
20.340 1.089
17.770 0.610
18.395 1.283
18.579 1.527
20.170 0.715
15.994 0.709
18.871 1.330
15.262 0.802
16.381 1.063
19.727 1.737
16.204 1.156
19.555 0.499
19.239 1.346
17.481 1.056
17.562 1.376
20.200 1.479
17.598 1.328
20.473 0.856
17.190 0.622
16.525 0.616
19.240 0.552
19.836 0.520
18.632 1.496
19.029 0.737
19.740 1.557
18.680 0.741
20.871 0.458
19.709 1.766
20.174 1.414
19.369 1.416
16.367 0.640
17.562 1.592
19.291 0.534
16.512 1.079
20.053 0.567
19.533 1.562
17.262 1.294
14.710 0.736
16.548 1.081
20.826 0.170
19.862 0.913
20.564 1.129
18.784 0.700
20.104 1.423
17.787 0.881
17.505 1.534
17.156 0.950
16.692 0.642
17.498 1.304
18.847 1.304
17.358 1.625
19.107 1.517
16.243 1.357
18.359 1.474
18.982 0.933
19.679 0.858
18.536 1.508
19.681 0.908
17.816 1.404
19.588 1.438
17.952 0.448
17.197 1.142
17.803 1.426
19.490 0.584
17.373 1.306
19.511 0.440
15.803 0.858
20.830 0.544
20.940 0.630
18.556 1.474
18.352 1.606
18.991 0.829
17.150 1.139
18.380 1.105
18.939 0.959
20.020 1.186
20.199 0.595
20.867 0.744
16.650 0.573
19.792 1.333
17.914 1.088
17.636 1.366
18.265 1.415
18.868 0.530
20.369 1.282
15.807 0.969
19.224 0.685
20.859 1.127
21.053 1.039
19.620 1.661
19.188 0.540
16.101 0.519
20.069 0.600
16.477 0.579
19.901 1.601
16.061 1.010
17.383 1.064
20.309 0.540
18.128 0.739
19.866 1.883
20.711 1.388
17.439 1.430
15.925 0.654
18.942 1.554
17.963 1.526
17.996 0.882
16.672 1.124
20.218 0.878
16.919 1.676
12.760 0.680
15.840 1.040
14.848 0.716
14.720 0.722
15.690 0.880
14.932 0.809
14.560 0.850
13.050 0.540
15.544 0.971
17.970 1.400
 
