# File generated by CMD 3.0 (http://stev.oapd.inaf.it/cmd) on Thu Jun  8 21:08:24 CEST 2017
# isochrones PARSEC release v1.2S + COLIBRI release PR16, as in Marigo et al. 2017
# Basic reference: Marigo et al. (2017), ApJ, 835, 77
# Photometric system: <i>UBVRIJHK</i> (cf. Maiz-Apellaniz 2006 + Bessell 1990)
# O-rich circumstellar dust ignored
# C-rich circumstellar dust ignored
# Kind of output: isochrone tables
# Zini Age Mini  Mass   logL    logTe  logg  label   McoreTP C_O  period0 period1 pmode  Mloss  tau1m   X   Y   Xc  Xn  Xo  Cexcess  Z 	 mbolmag  Umag    Bmag    Vmag    Rmag    Imag    Jmag    Hmag    Kmag
0.01500 1.30e+10 0.0900000036    0.090 -3.422  3.3630  5.218    0  0.000  0.463     0.00     0.00 -1         0      0.00 7.000e-01 2.990e-01 1.100e-03 5.880e-04 3.170e-03 -1.000 1.000e-03 13.324 25.039 21.093 18.651 16.365 13.881 11.221 10.620 10.283
0.01500 1.30e+10 0.0997286811    0.100 -3.243  3.3884  5.186    0  0.000  0.463     0.00     0.00 -1         0      0.00 7.000e-01 2.990e-01 1.100e-03 5.880e-04 3.170e-03 -1.000 1.000e-03 12.878 23.096 19.793 17.584 15.523 13.142 10.764 10.210 9.897
0.01500 1.30e+10 0.1000000089    0.100 -3.239  3.3890  5.185    0  0.000  0.463     0.00     0.00 -1         0      0.00 7.000e-01 2.990e-01 1.100e-03 5.880e-04 3.170e-03 -1.000 1.000e-03 12.866 23.047 19.760 17.555 15.500 13.123 10.753 10.200 9.887
0.01500 1.30e+10 0.1014375836    0.101 -3.218  3.3918  5.181    0  0.000  0.463     0.00     0.00 -1         0      0.00 7.000e-01 2.990e-01 1.100e-03 5.880e-04 3.170e-03 -1.000 1.000e-03 12.814 22.843 19.622 17.433 15.404 13.043 10.704 10.154 9.841
0.01500 1.30e+10 0.1200000048    0.120 -2.973  3.4241  5.138    0  0.000  0.463     0.00     0.00 -1         0      0.00 7.000e-01 2.990e-01 1.100e-03 5.880e-04 3.170e-03 -1.000 1.000e-03 12.202 20.462 17.977 15.994 14.262 12.127 10.141 9.616 9.310
0.01500 1.30e+10 0.1400000006    0.140 -2.789  3.4442  5.102    0  0.000  0.463     0.00     0.00 -1         0      0.00 7.000e-01 2.990e-01 1.100e-03 5.880e-04 3.170e-03 -1.000 1.000e-03 11.743 19.195 16.954 15.049 13.469 11.500 9.735 9.205 8.912
0.01500 1.30e+10 0.1445780247    0.145 -2.755  3.4475  5.095    0  0.000  0.463     0.00     0.00 -1         0      0.00 7.000e-01 2.990e-01 1.100e-03 5.880e-04 3.170e-03 -1.000 1.000e-03 11.658 18.973 16.777 14.888 13.334 11.394 9.659 9.128 8.835
0.01500 1.30e+10 0.1599999964    0.160 -2.647  3.4578  5.073    0  0.000  0.463     0.00     0.00 -1         0      0.00 7.000e-01 2.990e-01 1.100e-03 5.880e-04 3.170e-03 -1.000 1.000e-03 11.388 18.278 16.221 14.381 12.908 11.060 9.418 8.884 8.595
0.01500 1.30e+10 0.2000000179    0.200 -2.425  3.4766  5.023    0  0.000  0.463     0.00     0.00 -1         0      0.00 7.000e-01 2.990e-01 1.100e-03 5.880e-04 3.170e-03 -1.000 1.000e-03 10.833 16.988 15.184 13.440 12.101 10.419 8.915 8.380 8.096
0.01500 1.30e+10 0.2500000000    0.250 -2.209  3.4927  4.968    0  0.000  0.463     0.00     0.00 -1         0      0.00 7.000e-01 2.990e-01 1.100e-03 5.880e-04 3.170e-03 -1.000 1.000e-03 10.293 15.927 14.281 12.608 11.364 9.816 8.417 7.878 7.605
0.01500 1.30e+10 0.3000000119    0.300 -2.044  3.5032  4.924    0  0.000  0.463     0.00     0.00 -1         0      0.00 7.000e-01 2.990e-01 1.100e-03 5.880e-04 3.170e-03 -1.000 1.000e-03 9.879 15.225 13.654 12.022 10.831 9.365 8.028 7.486 7.220
0.01500 1.30e+10 0.3500000238    0.350 -1.900  3.5120  4.882    0  0.000  0.463     0.00     0.00 -1         0      0.00 7.000e-01 2.990e-01 1.100e-03 5.880e-04 3.170e-03 -1.000 1.000e-03 9.519 14.643 13.128 11.529 10.377 8.977 7.687 7.142 6.883
0.01500 1.30e+10 0.4000000358    0.400 -1.755  3.5232  4.839    0  0.000  0.463     0.00     0.00 -1         0      0.00 7.000e-01 2.990e-01 1.100e-03 5.880e-04 3.170e-03 -1.000 1.000e-03 9.157 14.029 12.570 11.009 9.903 8.582 7.350 6.797 6.547
0.01500 1.30e+10 0.4500000477    0.450 -1.603  3.5358  4.789    0  0.000  0.463     0.00     0.00 -1  1.88e-15      0.00 7.000e-01 2.990e-01 1.100e-03 5.880e-04 3.170e-03 -1.000 1.000e-03 8.778 13.387 11.983 10.462 9.402 8.173 7.002 6.440 6.198
0.01500 1.30e+10 0.5000000000    0.500 -1.442  3.5516  4.737    0  0.000  0.463     0.00     0.00 -1         0      0.00 7.000e-01 2.990e-01 1.100e-03 5.880e-04 3.170e-03 -1.000 1.000e-03 8.374 12.705 11.347 9.867 8.857 7.737 6.638 6.062 5.829
0.01500 1.30e+10 0.5500000119    0.550 -1.256  3.5727  4.677    0  0.000  0.463     0.00     0.00 -1         0      0.00 7.000e-01 2.990e-01 1.100e-03 5.880e-04 3.170e-03 -1.000 1.000e-03 7.910 11.956 10.639 9.214 8.252 7.245 6.218 5.625 5.414
0.01500 1.30e+10 0.6000000238    0.600 -1.076  3.5988  4.639    0  0.000  0.463     0.00     0.00 -1         0      0.00 7.000e-01 2.990e-01 1.100e-03 5.880e-04 3.170e-03 -1.000 1.000e-03 7.460 10.788 9.712 8.446 7.581 6.791 5.841 5.158 5.031
0.01500 1.30e+10 0.6499999762    0.650 -0.889  3.6312  4.617    0  0.000  0.463     0.00     0.00 -1         0      0.00 7.000e-01 2.990e-01 1.100e-03 5.880e-04 3.170e-03 -1.000 1.000e-03 6.992 9.902 8.886 7.705 6.944 6.327 5.476 4.780 4.681
0.01500 1.30e+10 0.7000000477    0.700 -0.704  3.6636  4.594    0  0.000  0.463     0.00     0.00 -1         0      0.00 7.000e-01 2.990e-01 1.100e-03 5.880e-04 3.170e-03 -1.000 1.000e-03 6.530 8.885 8.053 7.000 6.352 5.841 5.102 4.485 4.409
0.01500 1.30e+10 0.7117032409    0.712 -0.661  3.6708  4.587    0  0.000  0.463     0.00     0.00 -1         0      0.00 7.000e-01 2.990e-01 1.100e-03 5.880e-04 3.170e-03 -1.000 1.000e-03 6.422 8.649 7.869 6.844 6.222 5.727 5.015 4.421 4.349
0.01500 1.30e+10 0.7293331027    0.729 -0.596  3.6815  4.575    0  0.000  0.463     0.00     0.00 -1         0      0.00 7.000e-01 2.990e-01 1.100e-03 5.880e-04 3.170e-03 -1.000 1.000e-03 6.260 8.300 7.599 6.614 6.029 5.558 4.884 4.325 4.258
0.01500 1.30e+10 0.7459516525    0.746 -0.535  3.6912  4.562    0  0.000  0.463     0.00     0.00 -1         0      0.00 7.000e-01 2.990e-01 1.100e-03 5.880e-04 3.170e-03 -1.000 1.000e-03 6.107 7.980 7.355 6.406 5.853 5.403 4.762 4.234 4.172
0.01500 1.30e+10 0.7500000000    0.750 -0.520  3.6935  4.559    0  0.000  0.463     0.00     0.00 -1   2.3e-14      0.00 7.000e-01 2.990e-01 1.100e-03 5.880e-04 3.170e-03 -1.000 1.000e-03 6.069 7.902 7.296 6.356 5.810 5.365 4.733 4.211 4.151
0.01500 1.30e+10 0.7543966174    0.754 -0.504  3.6957  4.554    0  0.000  0.463     0.00     0.00 -1  2.39e-14      0.00 7.000e-01 2.990e-01 1.100e-03 5.880e-04 3.170e-03 -1.000 1.000e-03 6.029 7.825 7.236 6.304 5.765 5.325 4.700 4.185 4.126
0.01500 1.30e+10 0.7689009309    0.769 -0.451  3.7029  4.538    0  0.000  0.463     0.00     0.00 -1         0      0.00 7.000e-01 2.990e-01 1.100e-03 5.880e-04 3.170e-03 -1.000 1.000e-03 5.897 7.577 7.044 6.140 5.621 5.194 4.594 4.100 4.044
0.01500 1.30e+10 0.7819701433    0.782 -0.403  3.7092  4.523    0  0.000  0.463     0.00     0.00 -1         0      0.00 7.000e-01 2.990e-01 1.100e-03 5.880e-04 3.170e-03 -1.000 1.000e-03 5.778 7.355 6.872 5.993 5.491 5.075 4.496 4.021 3.968
0.01500 1.30e+10 0.7947040796    0.794 -0.356  3.7152  4.507    0  0.000  0.463     0.00     0.00 -1         0      0.00 7.000e-01 2.990e-01 1.100e-03 5.880e-04 3.170e-03 -1.000 1.000e-03 5.660 7.143 6.708 5.851 5.366 4.961 4.401 3.942 3.892
0.01500 1.30e+10 0.8000000715    0.800 -0.336  3.7177  4.500    0  0.000  0.463     0.00     0.00 -1  3.63e-14      0.00 7.000e-01 2.990e-01 1.100e-03 5.880e-04 3.170e-03 -1.000 1.000e-03 5.611 7.056 6.640 5.793 5.314 4.913 4.361 3.909 3.860
0.01500 1.30e+10 0.8000196218    0.800 -0.336  3.7177  4.500    0  0.000  0.463     0.00     0.00 -1  3.64e-14      0.00 7.000e-01 2.990e-01 1.100e-03 5.880e-04 3.170e-03 -1.000 1.000e-03 5.611 7.055 6.640 5.793 5.314 4.913 4.361 3.909 3.860
0.01500 1.30e+10 0.8131713867    0.813 -0.286  3.7234  4.480    0  0.000  0.463     0.00     0.00 -1         0      0.00 7.000e-01 2.990e-01 1.100e-03 5.880e-04 3.170e-03 -1.000 1.000e-03 5.486 6.842 6.470 5.646 5.182 4.791 4.257 3.822 3.775
0.01500 1.30e+10 0.8255159259    0.825 -0.239  3.7286  4.459    0  0.000  0.463     0.00     0.00 -1         0      0.00 7.000e-01 2.990e-01 1.100e-03 5.880e-04 3.170e-03 -1.000 1.000e-03 5.367 6.646 6.313 5.510 5.058 4.676 4.158 3.737 3.691
0.01500 1.30e+10 0.8369251490    0.836 -0.194  3.7332  4.439    0  0.000  0.463     0.00     0.00 -1         0      0.00 7.000e-01 2.990e-01 1.100e-03 5.880e-04 3.170e-03 -1.000 1.000e-03 5.254 6.466 6.168 5.384 4.943 4.568 4.064 3.655 3.611
0.01500 1.30e+10 0.8479393721    0.847 -0.149  3.7374  4.417    0  0.000  0.463     0.00     0.00 -1         0      0.00 7.000e-01 2.990e-01 1.100e-03 5.880e-04 3.170e-03 -1.000 1.000e-03 5.143 6.293 6.025 5.260 4.828 4.461 3.970 3.572 3.529
0.01500 1.30e+10 0.8500000238    0.849 -0.141  3.7382  4.412    0  0.000  0.463     0.00     0.00 -1         0      0.00 7.000e-01 2.990e-01 1.100e-03 5.880e-04 3.170e-03 -1.000 1.000e-03 5.122 6.261 5.999 5.237 4.807 4.441 3.952 3.556 3.513
0.01500 1.30e+10 0.8615270257    0.861 -0.092  3.7421  4.385    0  0.000  0.463     0.00     0.00 -1         0      0.00 7.000e-01 2.990e-01 1.100e-03 5.880e-04 3.170e-03 -1.000 1.000e-03 5.000 6.087 5.851 5.106 4.685 4.324 3.847 3.460 3.419
0.01500 1.30e+10 0.8730952740    0.872 -0.042  3.7455  4.355    0  0.000  0.463     0.00     0.00 -1         0      0.00 7.000e-01 2.990e-01 1.100e-03 5.880e-04 3.170e-03 -1.000 1.000e-03 4.876 5.918 5.704 4.974 4.560 4.205 3.738 3.359 3.320
0.01500 1.30e+10 0.8844192028    0.883  0.006  3.7483  4.323    0  0.000  0.463     0.00     0.00 -1         0      0.00 7.000e-01 2.990e-01 1.100e-03 5.880e-04 3.170e-03 -1.000 9.999e-04 4.754 5.759 5.562 4.845 4.437 4.087 3.628 3.256 3.217
0.01500 1.30e+10 0.8940812349    0.893  0.050  3.7503  4.292    0  0.000  0.463     0.00     0.00 -1         0      0.00 7.000e-01 2.990e-01 1.100e-03 5.880e-04 3.170e-03 -1.000 1.000e-03 4.644 5.623 5.439 4.731 4.328 3.980 3.527 3.160 3.122
0.01500 1.30e+10 0.8971654773    0.896  0.064  3.7509  4.281    0  0.000  0.463     0.00     0.00 -1         0      0.00 7.000e-01 2.990e-01 1.100e-03 5.880e-04 3.170e-03 -1.000 1.000e-03 4.609 5.580 5.399 4.694 4.292 3.946 3.494 3.129 3.090
0.01500 1.30e+10 0.8999999762    0.899  0.078  3.7512  4.270    0  0.000  0.463     0.00     0.00 -1  1.16e-13      0.00 7.000e-01 2.990e-01 1.100e-03 5.880e-04 3.170e-03 -1.000 9.999e-04 4.574 5.541 5.362 4.659 4.258 3.912 3.461 3.096 3.058
0.01500 1.30e+10 0.9044309258    0.903  0.100  3.7517  4.252    0  0.000  0.463     0.00     0.00 -1  1.24e-13      0.00 7.000e-01 2.990e-01 1.100e-03 5.880e-04 3.170e-03 -1.000 1.000e-03 4.519 5.479 5.304 4.603 4.202 3.857 3.408 3.044 3.007
0.01500 1.30e+10 0.9112654924    0.910  0.135  3.7519  4.221    0  0.000  0.463     0.00     0.00 -1  1.39e-13      0.00 7.000e-01 2.990e-01 1.100e-03 5.880e-04 3.170e-03 -1.000 1.000e-03 4.432 5.389 5.214 4.515 4.115 3.770 3.321 2.959 2.921
0.01500 1.30e+10 0.9191470146    0.918  0.177  3.7512  4.180    0  0.000  0.463     0.00     0.00 -1  1.59e-13      0.00 7.000e-01 2.990e-01 1.100e-03 5.880e-04 3.170e-03 -1.000 1.000e-03 4.327 5.294 5.114 4.411 4.010 3.664 3.213 2.849 2.811
0.01500 1.30e+10 0.9234412313    0.922  0.201  3.7503  4.155    0  0.000  0.463     0.00     0.00 -1         0      0.00 7.000e-01 2.990e-01 1.100e-03 5.880e-04 3.170e-03 -1.000 9.999e-04 4.268 5.247 5.061 4.355 3.952 3.605 3.151 2.784 2.746
0.01500 1.30e+10 0.9263764620    0.925  0.217  3.7487  4.134    0  0.000  0.463     0.00     0.00 -1         0      0.00 7.000e-01 2.990e-01 1.100e-03 5.880e-04 3.170e-03 -1.000 1.000e-03 4.227 5.225 5.030 4.317 3.911 3.561 3.103 2.733 2.694
0.01500 1.30e+10 0.9331352711    0.932  0.255  3.7435  4.079    0  0.000  0.463     0.00     0.00 -1         0      0.00 7.000e-01 2.990e-01 1.100e-03 5.880e-04 3.170e-03 -1.000 1.000e-03 4.134 5.198 4.971 4.235 3.819 3.461 2.987 2.605 2.564
0.01500 1.30e+10 0.9387406707    0.937  0.282  3.7340  4.017    0  0.000  0.463     0.00     0.00 -1         0      0.00 7.000e-01 2.990e-01 1.100e-03 5.880e-04 3.170e-03 -1.000 1.000e-03 4.066 5.258 4.969 4.191 3.755 3.382 2.880 2.474 2.431
0.01500 1.30e+10 0.9418794513    0.940  0.292  3.7237  3.966    0  0.000  0.463     0.00     0.00 -1         0      0.00 7.000e-01 2.990e-01 1.100e-03 5.880e-04 3.170e-03 -1.000 1.000e-03 4.039 5.380 5.019 4.194 3.736 3.346 2.812 2.380 2.332
0.01500 1.30e+10 0.9439474940    0.943  0.302  3.7141  3.919    0  0.000  0.463     0.00     0.00 -1         0      0.00 7.000e-01 2.990e-01 1.100e-03 5.880e-04 3.170e-03 -1.000 1.000e-03 4.016 5.505 5.071 4.205 3.724 3.317 2.752 2.294 2.243
0.01500 1.30e+10 0.9458064437    0.944  0.323  3.7048  3.861    0  0.000  0.463     0.00     0.00 -1         0      0.00 7.000e-01 2.990e-01 1.100e-03 5.880e-04 3.170e-03 -1.000 1.000e-03 3.963 5.599 5.094 4.188 3.685 3.261 2.666 2.180 2.126
0.01500 1.30e+10 0.9474721551    0.946  0.359  3.6975  3.796    0  0.000  0.463     0.00     0.00 -1         0      0.00 7.000e-01 2.990e-01 1.100e-03 5.880e-04 3.170e-03 -1.000 1.000e-03 3.871 5.625 5.064 4.126 3.605 3.169 2.548 2.042 1.984
0.01500 1.30e+10 0.9481320381    0.947  0.378  3.6950  3.768    0  0.000  0.463     0.00     0.00 -1         0      0.00 7.000e-01 2.990e-01 1.100e-03 5.880e-04 3.170e-03 -1.000 1.000e-03 3.824 5.619 5.039 4.090 3.563 3.122 2.493 1.979 1.920
0.01500 1.30e+10 0.9487305880    0.947  0.402  3.6934  3.738    0  0.000  0.463     0.00     0.00 -1         0      0.00 7.000e-01 2.990e-01 1.100e-03 5.880e-04 3.170e-03 -1.000 1.000e-03 3.765 5.586 4.994 4.038 3.507 3.063 2.428 1.909 1.850
0.01500 1.30e+10 0.9497311115    0.948  0.446  3.6910  3.685    0  0.000  0.463     0.00     0.00 -1         0      0.00 7.000e-01 2.990e-01 1.100e-03 5.880e-04 3.170e-03 -1.000 1.000e-03 3.656 5.515 4.906 3.940 3.404 2.955 2.312 1.786 1.725
0.01500 1.30e+10 0.9499999881    0.948  0.459  3.6906  3.670    0  0.000  0.463     0.00     0.00 -1  5.38e-13      0.00 7.000e-01 2.990e-01 1.100e-03 5.880e-04 3.170e-03 -1.000 1.000e-03 3.622 5.489 4.876 3.909 3.371 2.921 2.276 1.749 1.688
0.01500 1.30e+10 0.9507613778    0.949  0.498  3.6892  3.626    0  0.000  0.463     0.00     0.00 -1  6.18e-13      0.00 7.000e-01 2.990e-01 1.100e-03 5.880e-04 3.170e-03 -1.000 1.000e-03 3.524 5.414 4.792 3.818 3.277 2.824 2.175 1.644 1.582
0.01500 1.30e+10 0.9515910745    0.950  0.545  3.6879  3.574    0  0.000  0.463     0.00     0.00 -1  7.32e-13      0.00 7.000e-01 2.990e-01 1.100e-03 5.880e-04 3.170e-03 -1.000 1.000e-03 3.406 5.317 4.686 3.705 3.162 2.707 2.053 1.518 1.456
0.01500 1.30e+10 0.9522866607    0.951  0.588  3.6870  3.528    0  0.000  0.463     0.00     0.00 -1  8.52e-13      0.00 7.000e-01 2.990e-01 1.100e-03 5.880e-04 3.170e-03 -1.000 1.000e-03 3.300 5.226 4.588 3.603 3.057 2.601 1.943 1.406 1.343
0.01500 1.30e+10 0.9529510140    0.951  0.632  3.6860  3.480    0  0.000  0.463     0.00     0.00 -1  9.96e-13      0.00 7.000e-01 2.990e-01 1.100e-03 5.880e-04 3.170e-03 -1.000 9.999e-04 3.189 5.132 4.487 3.497 2.949 2.491 1.829 1.290 1.227
0.01500 1.30e+10 0.9535741806    0.952  0.677  3.6851  3.432    0  0.000  0.463     0.00     0.00 -1  1.17e-12      0.00 7.000e-01 2.990e-01 1.100e-03 5.880e-04 3.170e-03 -1.000 1.000e-03 3.077 5.039 4.384 3.389 2.839 2.379 1.714 1.173 1.109
0.01500 1.30e+10 0.9541566372    0.953  0.722  3.6840  3.383    0  0.000  0.463     0.00     0.00 -1  1.37e-12      0.00 7.000e-01 2.990e-01 1.100e-03 5.880e-04 3.170e-03 -1.000 1.000e-03 2.964 4.945 4.281 3.279 2.728 2.266 1.597 1.053 0.988
0.01500 1.30e+10 0.9546559453    0.953  0.764  3.6831  3.337    0  0.000  0.463     0.00     0.00 -1  1.59e-12      0.00 7.000e-01 2.990e-01 1.100e-03 5.880e-04 3.170e-03 -1.000 1.000e-03 2.859 4.859 4.186 3.179 2.625 2.161 1.489 0.943 0.877
0.01500 1.30e+10 0.9551681876    0.953  0.811  3.6819  3.286    0  0.000  0.463     0.00     0.00 -1  1.88e-12      0.00 7.000e-01 2.990e-01 1.100e-03 5.880e-04 3.170e-03 -1.000 1.000e-03 2.743 4.766 4.081 3.068 2.512 2.046 1.369 0.820 0.754
0.01500 1.30e+10 0.9556062222    0.954  0.854  3.6807  3.238    0  0.000  0.463     0.00     0.00 -1  2.19e-12      0.00 7.000e-01 2.990e-01 1.100e-03 5.880e-04 3.170e-03 -1.000 1.000e-03 2.635 4.679 3.986 2.966 2.407 1.938 1.258 0.705 0.638
0.01500 1.30e+10 0.9560117126    0.954  0.897  3.6795  3.191    0  0.000  0.463     0.00     0.00 -1  2.55e-12      0.00 7.000e-01 2.990e-01 1.100e-03 5.880e-04 3.170e-03 -1.000 1.000e-03 2.528 4.595 3.891 2.866 2.303 1.832 1.146 0.590 0.522
0.01500 1.30e+10 0.9563688040    0.955  0.938  3.6782  3.144    0  0.000  0.463     0.00     0.00 -1  2.96e-12      0.00 7.000e-01 2.990e-01 1.100e-03 5.880e-04 3.170e-03 -1.000 1.000e-03 2.425 4.516 3.801 2.770 2.204 1.730 1.040 0.480 0.411
0.01500 1.30e+10 0.9567024112    0.955  0.980  3.6768  3.097    0  0.000  0.463     0.00     0.00 -1  3.44e-12      0.00 7.000e-01 2.990e-01 1.100e-03 5.880e-04 3.170e-03 -1.000 1.000e-03 2.321 4.437 3.712 2.673 2.104 1.627 0.932 0.369 0.299
0.01500 1.30e+10 0.9570150375    0.955  1.022  3.6753  3.050    0  0.000  0.463     0.00     0.00 -1     4e-12      0.00 7.000e-01 2.990e-01 1.100e-03 5.880e-04 3.170e-03 -1.000 1.000e-03 2.216 4.359 3.622 2.576 2.003 1.523 0.822 0.255 0.184
0.01500 1.30e+10 0.9573057890    0.955  1.064  3.6737  3.001    0  0.000  0.463     0.00     0.00 -1  4.67e-12      0.00 7.000e-01 2.990e-01 1.100e-03 5.880e-04 3.170e-03 -1.000 1.000e-03 2.109 4.281 3.532 2.478 1.901 1.418 0.711 0.139 0.067
0.01500 1.30e+10 0.9575600028    0.955  1.105  3.6722  2.954    0  0.000  0.463     0.00     0.00 -1   5.4e-12      0.00 7.000e-01 2.990e-01 1.100e-03 5.880e-04 3.170e-03 -1.000 1.000e-03 2.008 4.212 3.448 2.386 1.805 1.319 0.606 0.030 -0.044
0.01500 1.30e+10 0.9577961564    0.956  1.145  3.6706  2.908    0  0.000  0.463     0.00     0.00 -1  6.25e-12      0.00 7.000e-01 2.990e-01 1.100e-03 5.880e-04 3.170e-03 -1.000 1.000e-03 1.908 4.144 3.365 2.294 1.709 1.220 0.501 -0.080 -0.154
0.01500 1.30e+10 0.9580783844    0.956  1.197  3.6683  2.846    0  0.000  0.463     0.00     0.00 -1  7.57e-12      0.00 7.000e-01 2.990e-01 1.100e-03 5.880e-04 3.170e-03 -1.000 1.000e-03 1.776 4.057 3.258 2.175 1.584 1.090 0.362 -0.224 -0.300
0.01500 1.30e+10 0.9582754970    0.956  1.237  3.6666  2.800    0  0.000  0.463     0.00     0.00 -1  8.75e-12      0.00 7.000e-01 2.990e-01 1.100e-03 5.880e-04 3.170e-03 -1.000 1.000e-03 1.677 3.993 3.178 2.086 1.490 0.993 0.258 -0.333 -0.411
0.01500 1.30e+10 0.9585115910    0.956  1.289  3.6642  2.739    0  0.000  0.463     0.00     0.00 -1  1.06e-11      0.00 7.000e-01 2.990e-01 1.100e-03 5.880e-04 3.170e-03 -1.000 1.000e-03 1.548 3.911 3.075 1.971 1.369 0.866 0.123 -0.474 -0.555
0.01500 1.30e+10 0.9587266445    0.956  1.340  3.6618  2.678    0  0.000  0.463     0.00     0.00 -1  1.27e-11      0.00 7.000e-01 2.990e-01 1.100e-03 5.880e-04 3.170e-03 -1.000 1.000e-03 1.421 3.834 2.975 1.859 1.250 0.742 -0.011 -0.614 -0.697
0.01500 1.30e+10 0.9589267969    0.956  1.389  3.6594  2.619    0  0.000  0.463     0.00     0.00 -1  1.53e-11      0.00 7.000e-01 2.990e-01 1.100e-03 5.880e-04 3.170e-03 -1.000 1.000e-03 1.297 3.759 2.879 1.750 1.134 0.621 -0.141 -0.752 -0.836
0.01500 1.30e+10 0.9591318369    0.956  1.436  3.6570  2.563    0  0.000  0.463     0.00     0.00 -1  1.81e-11      0.00 7.000e-01 2.990e-01 1.100e-03 5.880e-04 3.170e-03 -1.000 1.000e-03 1.180 3.690 2.788 1.648 1.024 0.507 -0.265 -0.881 -0.968
0.01500 1.30e+10 0.9593325257    0.956  1.467  3.6556  2.525    0  0.000  0.463     0.00     0.00 -1  2.04e-11      0.00 7.000e-01 2.990e-01 1.100e-03 5.880e-04 3.170e-03 -1.000 1.000e-03 1.102 3.642 2.726 1.578 0.951 0.431 -0.347 -0.968 -1.056
0.01500 1.30e+10 0.9594567418    0.956  1.448  3.6569  2.550    0  0.000  0.463     0.00     0.00 -1  1.92e-11      0.00 7.000e-01 2.990e-01 1.100e-03 5.880e-04 3.170e-03 -1.000 1.000e-03 1.150 3.664 2.759 1.618 0.994 0.477 -0.296 -0.912 -0.999
0.01500 1.30e+10 0.9595719576    0.956  1.409  3.6594  2.599    0  0.000  0.463     0.00     0.00 -1  1.67e-11      0.00 7.000e-01 2.990e-01 1.100e-03 5.880e-04 3.170e-03 -1.000 1.000e-03 1.247 3.712 2.829 1.700 1.084 0.571 -0.191 -0.801 -0.886
0.01500 1.30e+10 0.9595981240    0.956  1.401  3.6599  2.610    0  0.000  0.463     0.00     0.00 -1  1.61e-11      0.00 7.000e-01 2.990e-01 1.100e-03 5.880e-04 3.170e-03 -1.000 1.000e-03 1.268 3.722 2.844 1.717 1.103 0.592 -0.169 -0.777 -0.861
0.01500 1.30e+10 0.9597458243    0.956  1.449  3.6574  2.551    0  0.000  0.463     0.00     0.00 -1   1.9e-11      0.00 7.000e-01 2.990e-01 1.100e-03 5.880e-04 3.170e-03 -1.000 1.000e-03 1.147 3.653 2.752 1.612 0.990 0.474 -0.297 -0.912 -0.999
0.01500 1.30e+10 0.9598931670    0.956  1.498  3.6547  2.492    0  0.000  0.463     0.00     0.00 -1  2.27e-11      0.00 7.000e-01 2.990e-01 1.100e-03 5.880e-04 3.170e-03 -1.000 1.000e-03 1.026 3.586 2.660 1.507 0.877 0.355 -0.426 -1.048 -1.137
0.01500 1.30e+10 0.9600338340    0.956  1.547  3.6520  2.432    0  0.000  0.463     0.00     0.00 -1  2.72e-11      0.00 7.000e-01 2.990e-01 1.100e-03 5.880e-04 3.170e-03 -1.000 1.000e-03 0.903 3.528 2.572 1.404 0.766 0.237 -0.556 -1.185 -1.277
0.01500 1.30e+10 0.9601634145    0.956  1.596  3.6492  2.372    0  0.000  0.463     0.00     0.00 -1  3.27e-11      0.00 7.000e-01 2.990e-01 1.100e-03 5.880e-04 3.170e-03 -1.000 1.000e-03 0.781 3.473 2.486 1.302 0.655 0.119 -0.685 -1.321 -1.417
0.01500 1.30e+10 0.9602799416    0.956  1.643  3.6465  2.313    0  0.000  0.463     0.00     0.00 -1   3.9e-11      0.00 7.000e-01 2.990e-01 1.100e-03 5.880e-04 3.170e-03 -1.000 1.000e-03 0.661 3.421 2.403 1.204 0.548 0.005 -0.811 -1.454 -1.553
0.01500 1.30e+10 0.9603872895    0.956  1.691  3.6437  2.254    0  0.000  0.463     0.00     0.00 -1  4.66e-11      0.00 7.000e-01 2.990e-01 1.100e-03 5.880e-04 3.170e-03 -1.000 1.000e-03 0.542 3.371 2.321 1.106 0.441 -0.110 -0.937 -1.588 -1.690
0.01500 1.30e+10 0.9604852796    0.956  1.739  3.6408  2.195    0  0.000  0.463     0.00     0.00 -1  5.57e-11      0.00 7.000e-01 2.990e-01 1.100e-03 5.880e-04 3.170e-03 -1.000 1.000e-03 0.423 3.324 2.240 1.009 0.334 -0.224 -1.063 -1.721 -1.827
0.01500 1.30e+10 0.9605737925    0.956  1.786  3.6379  2.136    0  0.000  0.463     0.00     0.00 -1  6.64e-11      0.00 7.000e-01 2.990e-01 1.100e-03 5.880e-04 3.170e-03 -1.000 1.000e-03 0.306 3.282 2.163 0.916 0.231 -0.335 -1.187 -1.853 -1.962
0.01500 1.30e+10 0.9606529474    0.956  1.831  3.6350  2.079    0  0.000  0.463     0.00     0.00 -1  7.89e-11      0.00 7.000e-01 2.990e-01 1.100e-03 5.880e-04 3.170e-03 -1.000 1.000e-03 0.191 3.243 2.089 0.826 0.131 -0.444 -1.308 -1.981 -2.094
0.01500 1.30e+10 0.9607267976    0.955  1.878  3.6321  2.021    0  0.000  0.463     0.00     0.00 -1  9.38e-11      0.00 7.000e-01 2.990e-01 1.100e-03 5.880e-04 3.170e-03 -1.000 1.000e-03 0.076 3.206 2.016 0.736 0.030 -0.554 -1.431 -2.111 -2.228
0.01500 1.30e+10 0.9607939720    0.955  1.923  3.6291  1.963    0  0.000  0.463     0.00     0.00 -1  1.11e-10      0.00 7.000e-01 2.990e-01 1.100e-03 5.880e-04 3.170e-03 -1.000 1.000e-03 -0.038 3.175 1.945 0.648 -0.070 -0.662 -1.552 -2.239 -2.360
0.01500 1.30e+10 0.9608540535    0.955  1.968  3.6261  1.907    0  0.000  0.463     0.00     0.00 -1  1.32e-10      0.00 7.000e-01 2.990e-01 1.100e-03 5.880e-04 3.170e-03 -1.000 1.000e-03 -0.150 3.150 1.878 0.562 -0.167 -0.768 -1.670 -2.365 -2.490
0.01500 1.30e+10 0.9609099030    0.954  2.013  3.6231  1.849    0  0.000  0.463     0.00     0.00 -1  1.56e-10      0.00 7.000e-01 2.990e-01 1.100e-03 5.880e-04 3.170e-03 -1.000 9.999e-04 -0.263 3.126 1.813 0.480 -0.261 -0.874 -1.790 -2.492 -2.622
0.01500 1.30e+10 0.9609599113    0.954  2.057  3.6201  1.793    0  0.000  0.463     0.00     0.00 -1  1.84e-10      0.00 7.000e-01 2.990e-01 1.100e-03 5.880e-04 3.170e-03 -1.000 9.999e-04 -0.372 3.107 1.752 0.400 -0.352 -0.976 -1.906 -2.616 -2.751
0.01500 1.30e+10 0.9610062242    0.954  2.101  3.6170  1.736    0  0.000  0.463     0.00     0.00 -1  2.18e-10      0.00 7.000e-01 2.990e-01 1.100e-03 5.880e-04 3.170e-03 -1.000 1.000e-03 -0.483 3.090 1.691 0.321 -0.444 -1.079 -2.023 -2.741 -2.881
0.01500 1.30e+10 0.9610487819    0.953  2.145  3.6139  1.680    0  0.000  0.463     0.00     0.00 -1  2.57e-10      0.00 7.000e-01 2.990e-01 1.100e-03 5.880e-04 3.170e-03 -1.000 1.000e-03 -0.593 3.075 1.631 0.242 -0.535 -1.182 -2.140 -2.866 -3.010
0.01500 1.30e+10 0.9610864520    0.953  2.187  3.6109  1.625    0  0.000  0.463     0.00     0.00 -1  3.02e-10      0.00 7.000e-01 2.990e-01 1.100e-03 5.880e-04 3.170e-03 -1.000 1.000e-03 -0.698 3.061 1.577 0.170 -0.620 -1.280 -2.252 -2.986 -3.135
0.01500 1.30e+10 0.9611225128    0.952  2.231  3.6077  1.569    0  0.000  0.463     0.00     0.00 -1  3.57e-10      0.00 7.000e-01 2.990e-01 1.100e-03 5.880e-04 3.170e-03 -1.000 1.000e-03 -0.807 3.045 1.522 0.099 -0.704 -1.381 -2.368 -3.111 -3.264
0.01500 1.30e+10 0.9611546993    0.952  2.273  3.6046  1.514    0  0.000  0.463     0.00     0.00 -1  4.18e-10      0.00 7.000e-01 2.990e-01 1.100e-03 5.880e-04 3.170e-03 -1.000 1.000e-03 -0.912 3.032 1.471 0.031 -0.785 -1.478 -2.480 -3.231 -3.390
0.01500 1.30e+10 0.9611843824    0.951  2.315  3.6014  1.459    0  0.000  0.463     0.00     0.00 -1  4.91e-10      0.00 7.000e-01 2.990e-01 1.100e-03 5.880e-04 3.170e-03 -1.000 1.000e-03 -1.017 3.028 1.423 -0.035 -0.864 -1.573 -2.591 -3.352 -3.515
0.01500 1.30e+10 0.9612118602    0.950  2.356  3.5982  1.405    0  0.000  0.463     0.00     0.00 -1  5.76e-10      0.00 7.000e-01 2.990e-01 1.100e-03 5.880e-04 3.170e-03 -1.000 1.000e-03 -1.121 3.026 1.376 -0.100 -0.943 -1.669 -2.703 -3.471 -3.639
0.01500 1.30e+10 0.9612367153    0.950  2.397  3.5951  1.351    0  0.000  0.463     0.00     0.00 -1  6.73e-10      0.00 7.000e-01 2.990e-01 1.100e-03 5.880e-04 3.170e-03 -1.000 1.000e-03 -1.222 3.020 1.336 -0.155 -1.012 -1.761 -2.812 -3.589 -3.762
0.01500 1.30e+10 0.9612597823    0.949  2.437  3.5918  1.297    0  0.000  0.463     0.00     0.00 -1  7.86e-10      0.00 7.000e-01 2.990e-01 1.100e-03 5.880e-04 3.170e-03 -1.000 1.000e-03 -1.323 3.018 1.298 -0.206 -1.078 -1.852 -2.921 -3.706 -3.884
0.01500 1.30e+10 0.9612813592    0.948  2.478  3.5885  1.243    0  0.000  0.463     0.00     0.00 -1  9.19e-10      0.00 7.000e-01 2.990e-01 1.100e-03 5.880e-04 3.170e-03 -1.000 1.000e-03 -1.425 3.016 1.261 -0.259 -1.146 -1.944 -3.030 -3.824 -4.007
0.01500 1.30e+10 0.9613002539    0.947  2.516  3.5853  1.191    0  0.000  0.463     0.00     0.00 -1  1.07e-09      0.00 7.000e-01 2.990e-01 1.100e-03 5.880e-04 3.170e-03 -1.000 1.000e-03 -1.521 3.018 1.228 -0.307 -1.209 -2.030 -3.133 -3.936 -4.124
0.01500 1.30e+10 0.9613180757    0.946  2.555  3.5819  1.139    0  0.000  0.463     0.00     0.00 -1  1.24e-09      0.00 7.000e-01 2.990e-01 1.100e-03 5.880e-04 3.170e-03 -1.000 1.000e-03 -1.617 3.016 1.201 -0.345 -1.263 -2.115 -3.238 -4.049 -4.242
0.01500 1.30e+10 0.9613348842    0.945  2.594  3.5786  1.086    0  0.000  0.463     0.00     0.00 -1  1.44e-09      0.00 7.000e-01 2.990e-01 1.100e-03 5.880e-04 3.170e-03 -1.000 1.000e-03 -1.715 3.011 1.176 -0.378 -1.314 -2.200 -3.344 -4.164 -4.361
0.01500 1.30e+10 0.9613535404    0.944  2.641  3.5744  1.022    0  0.000  0.463     0.00     0.00 -1  1.73e-09      0.00 7.000e-01 2.990e-01 1.100e-03 5.880e-04 3.170e-03 -1.000 1.000e-03 -1.832 3.009 1.151 -0.415 -1.373 -2.302 -3.472 -4.302 -4.505
0.01500 1.30e+10 0.9613705873    0.942  2.687  3.5702  0.958    0  0.000  0.463     0.00     0.00 -1  2.07e-09      0.00 7.000e-01 2.990e-01 1.100e-03 5.880e-04 3.170e-03 -1.000 1.000e-03 -1.947 3.016 1.132 -0.446 -1.428 -2.401 -3.597 -4.438 -4.648
0.01500 1.30e+10 0.9613859057    0.940  2.731  3.5659  0.896    0  0.000  0.463     0.00     0.00 -1  2.46e-09      0.00 7.000e-01 2.990e-01 1.100e-03 5.880e-04 3.170e-03 -1.000 1.000e-03 -2.058 3.018 1.134 -0.446 -1.457 -2.491 -3.721 -4.571 -4.787
0.01500 1.30e+10 0.9614001513    0.938  2.776  3.5616  0.833    0  0.000  0.463     0.00     0.00 -1  2.93e-09      0.00 7.000e-01 2.990e-01 1.100e-03 5.880e-04 3.170e-03 -1.000 1.000e-03 -2.169 3.020 1.138 -0.442 -1.485 -2.581 -3.845 -4.703 -4.926
0.01500 1.30e+10 0.9614131451    0.936  2.819  3.5573  0.772    0  0.000  0.463     0.00     0.00 -1  3.48e-09      0.00 7.000e-01 2.990e-01 1.100e-03 5.880e-04 3.170e-03 -1.000 1.000e-03 -2.278 3.023 1.144 -0.438 -1.511 -2.668 -3.966 -4.833 -5.063
0.01500 1.30e+10 0.9614249468    0.934  2.861  3.5530  0.711    0  0.000  0.463     0.00     0.00 -1  4.12e-09      0.00 7.000e-01 2.990e-01 1.100e-03 5.880e-04 3.170e-03 -1.000 1.000e-03 -2.383 3.023 1.172 -0.402 -1.514 -2.743 -4.085 -4.959 -5.197
0.01500 1.30e+10 0.9614359140    0.932  2.903  3.5487  0.651    0  0.000  0.463     0.00     0.00 -1  4.87e-09      0.00 7.000e-01 2.990e-01 1.100e-03 5.880e-04 3.170e-03 -1.000 1.000e-03 -2.488 3.023 1.213 -0.347 -1.506 -2.811 -4.203 -5.085 -5.330
0.01500 1.30e+10 0.9614461064    0.929  2.945  3.5442  0.590    0  0.000  0.463     0.00     0.00 -1  5.76e-09      0.00 7.000e-01 2.990e-01 1.100e-03 5.880e-04 3.170e-03 -1.000 1.000e-03 -2.592 3.025 1.258 -0.289 -1.494 -2.879 -4.321 -5.210 -5.463
0.01500 1.30e+10 0.9614553452    0.927  2.985  3.5398  0.532    0  0.000  0.463     0.00     0.00 -1  6.76e-09      0.00 7.000e-01 2.990e-01 1.100e-03 5.880e-04 3.170e-03 -1.000 1.000e-03 -2.692 3.027 1.321 -0.207 -1.467 -2.931 -4.434 -5.331 -5.591
0.01500 1.30e+10 0.9614640474    0.923  3.024  3.5354  0.473    0  0.000  0.463     0.00     0.00 -1  7.94e-09      0.00 7.000e-01 2.990e-01 1.100e-03 5.880e-04 3.170e-03 -1.000 1.000e-03 -2.790 3.029 1.406 -0.098 -1.425 -2.969 -4.548 -5.450 -5.718
0.01500 1.30e+10 0.9614719748    0.920  3.062  3.5310  0.415    0  0.000  0.463     0.00     0.00 -1  9.28e-09      0.00 7.000e-01 2.990e-01 1.100e-03 5.880e-04 3.170e-03 -1.000 1.000e-03 -2.886 3.033 1.496 0.017 -1.378 -3.004 -4.659 -5.567 -5.842
0.01500 1.30e+10 0.9614794850    0.917  3.101  3.5265  0.358    0  0.000  0.463     0.00     0.00 -1  1.09e-08      0.00 7.000e-01 2.990e-01 1.100e-03 5.880e-04 3.170e-03 -1.000 1.000e-03 -2.982 3.037 1.601 0.151 -1.320 -3.027 -4.770 -5.682 -5.965
0.01500 1.30e+10 0.9614862204    0.913  3.137  3.5221  0.302    0  0.000  0.463     0.00     0.00 -1  1.26e-08      0.00 7.000e-01 2.990e-01 1.100e-03 5.880e-04 3.170e-03 -1.000 1.000e-03 -3.072 3.041 1.729 0.317 -1.243 -3.022 -4.876 -5.792 -6.083
0.01500 1.30e+10 0.9614926577    0.908  3.173  3.5176  0.246    0  0.000  0.463     0.00     0.00 -1  1.47e-08      0.00 7.000e-01 2.990e-01 1.100e-03 5.880e-04 3.170e-03 -1.000 9.999e-04 -3.163 3.047 1.866 0.492 -1.160 -3.013 -4.982 -5.902 -6.202
0.01500 1.30e+10 0.9614984989    0.904  3.208  3.5132  0.191    0  0.000  0.463     0.00     0.00 -1   1.7e-08      0.00 7.000e-01 2.990e-01 1.100e-03 5.880e-04 3.170e-03 -1.000 1.000e-03 -3.250 3.055 2.006 0.671 -1.072 -2.996 -5.084 -6.007 -6.316
0.01500 1.30e+10 0.9615041614    0.899  3.243  3.5087  0.136    0  0.000  0.463     0.00     0.00 -1  1.96e-08      0.00 7.000e-01 2.990e-01 1.100e-03 5.880e-04 3.170e-03 -1.000 1.000e-03 -3.337 3.058 2.151 0.863 -0.977 -2.958 -5.186 -6.112 -6.429
0.01500 1.30e+10 0.9615094662    0.894  3.277  3.5043  0.081    0  0.000  0.463     0.00     0.00 -1  2.27e-08      0.00 7.000e-01 2.990e-01 1.100e-03 5.880e-04 3.170e-03 -1.000 1.000e-03 -3.423 3.063 2.304 1.062 -0.876 -2.914 -5.286 -6.216 -6.541
0.01500 1.30e+10 0.9615144730    0.888  3.311  3.4998  0.026    0  0.000  0.463     0.00     0.00 -1  2.62e-08      0.00 7.000e-01 2.990e-01 1.100e-03 5.880e-04 3.170e-03 -1.000 1.000e-03 -3.507 3.071 2.462 1.267 -0.770 -2.866 -5.385 -6.319 -6.653
0.01500 1.30e+10 0.9615192413    0.881  3.344  3.4953 -0.028    0  0.000  0.463     0.00     0.00 -1  3.03e-08      0.00 7.000e-01 2.990e-01 1.100e-03 5.880e-04 3.170e-03 -1.000 1.000e-03 -3.591 3.068 2.571 1.393 -0.710 -2.835 -5.483 -6.419 -6.760
0.01500 1.30e+10 0.9615246058    0.873  3.382  3.4901 -0.091    0  0.000  0.463     0.00     0.00 -1  3.56e-08      0.00 7.000e-01 2.990e-01 1.100e-03 5.880e-04 3.170e-03 -1.000 1.000e-03 -3.686 3.068 2.703 1.544 -0.634 -2.794 -5.594 -6.534 -6.882
0.01500 1.30e+10 0.9615280032    0.867  1.661  3.6678  2.339    4  0.000  0.463     0.00     0.00 -1         0      0.00 7.000e-01 2.990e-01 1.100e-03 5.880e-04 3.170e-03 -1.000 1.000e-03 0.618 2.988 2.126 1.010 0.420 -0.073 -0.803 -1.382 -1.461
0.01500 1.30e+10 0.9615995288    0.867  1.669  3.6673  2.329    4  0.000  0.463     0.00     0.00 -1         0      0.00 7.000e-01 2.990e-01 1.100e-03 5.880e-04 3.170e-03 -1.000 1.000e-03 0.599 2.980 2.112 0.994 0.402 -0.092 -0.824 -1.405 -1.484
0.01500 1.30e+10 0.9616653919    0.867  1.672  3.6672  2.325    4  0.000  0.463     0.00     0.00 -1         0      0.00 7.000e-01 2.990e-01 1.100e-03 5.880e-04 3.170e-03 -1.000 1.000e-03 0.591 2.975 2.106 0.987 0.394 -0.099 -0.833 -1.413 -1.492
0.01500 1.30e+10 0.9617324471    0.867  1.671  3.6674  2.326    4  0.000  0.463     0.00     0.00 -1         0      0.00 7.000e-01 2.990e-01 1.100e-03 5.880e-04 3.170e-03 -1.000 1.000e-03 0.592 2.971 2.104 0.986 0.394 -0.099 -0.831 -1.411 -1.490
0.01500 1.30e+10 0.9617999196    0.867  1.669  3.6679  2.331    4  0.000  0.463     0.00     0.00 -1         0      0.00 7.000e-01 2.990e-01 1.100e-03 5.880e-04 3.170e-03 -1.000 1.000e-03 0.597 2.967 2.104 0.989 0.398 -0.094 -0.824 -1.403 -1.481
0.01500 1.30e+10 0.9618656635    0.867  1.666  3.6685  2.336    4  0.000  0.463     0.00     0.00 -1         0      0.00 7.000e-01 2.990e-01 1.100e-03 5.880e-04 3.170e-03 -1.000 1.000e-03 0.605 2.964 2.106 0.993 0.404 -0.087 -0.815 -1.392 -1.470
0.01500 1.30e+10 0.9619346857    0.867  1.663  3.6691  2.342    4  0.000  0.463     0.00     0.00 -1         0      0.00 7.000e-01 2.990e-01 1.100e-03 5.880e-04 3.170e-03 -1.000 1.000e-03 0.613 2.961 2.108 0.997 0.410 -0.079 -0.805 -1.381 -1.458
0.01500 1.30e+10 0.9620019197    0.867  1.660  3.6696  2.347    4  0.000  0.463     0.00     0.00 -1         0      0.00 7.000e-01 2.990e-01 1.100e-03 5.880e-04 3.170e-03 -1.000 1.000e-03 0.621 2.958 2.110 1.002 0.417 -0.072 -0.795 -1.369 -1.446
0.01500 1.30e+10 0.9620702863    0.867  1.657  3.6702  2.352    4  0.000  0.463     0.00     0.00 -1         0      0.00 7.000e-01 2.990e-01 1.100e-03 5.880e-04 3.170e-03 -1.000 1.000e-03 0.629 2.956 2.112 1.007 0.423 -0.065 -0.786 -1.358 -1.435
0.01500 1.30e+10 0.9621381164    0.867  1.654  3.6707  2.357    4  0.000  0.463     0.00     0.00 -1         0      0.00 7.000e-01 2.990e-01 1.100e-03 5.880e-04 3.170e-03 -1.000 1.000e-03 0.636 2.953 2.113 1.011 0.428 -0.058 -0.777 -1.348 -1.424
0.01500 1.30e+10 0.9622080922    0.867  1.651  3.6712  2.362    4  0.000  0.463     0.00     0.00 -1         0      0.00 7.000e-01 2.990e-01 1.100e-03 5.880e-04 3.170e-03 -1.000 1.000e-03 0.642 2.950 2.115 1.015 0.433 -0.052 -0.770 -1.339 -1.415
0.01500 1.30e+10 0.9622814655    0.868  1.649  3.6717  2.366    4  0.000  0.463     0.00     0.00 -1         0      0.00 7.000e-01 2.990e-01 1.100e-03 5.880e-04 3.170e-03 -1.000 1.000e-03 0.648 2.948 2.116 1.018 0.438 -0.047 -0.762 -1.331 -1.406
0.01500 1.30e+10 0.9623550177    0.868  1.647  3.6721  2.370    4  0.000  0.463     0.00     0.00 -1         0      0.00 7.000e-01 2.990e-01 1.100e-03 5.880e-04 3.170e-03 -1.000 1.000e-03 0.653 2.945 2.117 1.021 0.442 -0.042 -0.756 -1.323 -1.398
0.01500 1.30e+10 0.9624267817    0.868  1.645  3.6724  2.373    4  0.000  0.463     0.00     0.00 -1         0      0.00 7.000e-01 2.990e-01 1.100e-03 5.880e-04 3.170e-03 -1.000 1.000e-03 0.657 2.943 2.117 1.023 0.445 -0.038 -0.751 -1.317 -1.391
0.01500 1.30e+10 0.9624503255    0.868  1.645  3.6725  2.374    4  0.000  0.463     0.00     0.00 -1         0      0.00 7.000e-01 2.990e-01 1.100e-03 5.880e-04 3.170e-03 -1.000 1.000e-03 0.659 2.942 2.117 1.024 0.446 -0.037 -0.749 -1.315 -1.389
0.01500 1.30e+10 0.9624726772    0.868  1.644  3.6726  2.375    4  0.000  0.463     0.00     0.00 -1         0      0.00 7.000e-01 2.990e-01 1.100e-03 5.880e-04 3.170e-03 -1.000 1.000e-03 0.660 2.941 2.117 1.024 0.447 -0.036 -0.748 -1.313 -1.388
0.01500 1.30e+10 0.9625418186    0.868  1.643  3.6729  2.377    4  0.000  0.463     0.00     0.00 -1         0      0.00 7.000e-01 2.990e-01 1.100e-03 5.880e-04 3.170e-03 -1.000 1.000e-03 0.663 2.939 2.117 1.025 0.449 -0.033 -0.744 -1.309 -1.383
0.01500 1.30e+10 0.9626090527    0.868  1.642  3.6731  2.379    4  0.000  0.463     0.00     0.00 -1         0      0.00 7.000e-01 2.990e-01 1.100e-03 5.880e-04 3.170e-03 -1.000 1.000e-03 0.665 2.937 2.117 1.026 0.450 -0.031 -0.741 -1.305 -1.380
0.01500 1.30e+10 0.9626734853    0.868  1.642  3.6733  2.380    4  0.000  0.463     0.00     0.00 -1         0      0.00 7.000e-01 2.990e-01 1.100e-03 5.880e-04 3.170e-03 -1.000 1.000e-03 0.666 2.936 2.117 1.027 0.451 -0.030 -0.740 -1.303 -1.377
0.01500 1.30e+10 0.9627427459    0.868  1.642  3.6734  2.381    4  0.000  0.463     0.00     0.00 -1         0      0.00 7.000e-01 2.990e-01 1.100e-03 5.880e-04 3.170e-03 -1.000 1.000e-03 0.666 2.934 2.116 1.026 0.451 -0.030 -0.739 -1.302 -1.376
0.01500 1.30e+10 0.9628083110    0.868  1.642  3.6735  2.381    4  0.000  0.463     0.00     0.00 -1         0      0.00 7.000e-01 2.990e-01 1.100e-03 5.880e-04 3.170e-03 -1.000 1.000e-03 0.665 2.932 2.114 1.025 0.450 -0.031 -0.740 -1.303 -1.376
0.01500 1.30e+10 0.9628754854    0.868  1.643  3.6735  2.380    4  0.000  0.463     0.00     0.00 -1         0      0.00 7.000e-01 2.990e-01 1.100e-03 5.880e-04 3.170e-03 -1.000 1.000e-03 0.664 2.930 2.113 1.023 0.448 -0.033 -0.741 -1.304 -1.378
0.01500 1.30e+10 0.9629413486    0.868  1.644  3.6734  2.379    4  0.000  0.463     0.00     0.00 -1         0      0.00 7.000e-01 2.990e-01 1.100e-03 5.880e-04 3.170e-03 -1.000 1.000e-03 0.661 2.928 2.110 1.021 0.446 -0.035 -0.744 -1.307 -1.381
0.01500 1.30e+10 0.9629459977    0.868  1.644  3.6734  2.379    4  0.000  0.463     0.00     0.00 -1         0      0.00 7.000e-01 2.990e-01 1.100e-03 5.880e-04 3.170e-03 -1.000 1.000e-03 0.661 2.928 2.110 1.020 0.445 -0.036 -0.745 -1.308 -1.382
0.01500 1.30e+10 0.9629855752    0.868  1.645  3.6734  2.377    4  0.000  0.463     0.00     0.00 -1         0      0.00 7.000e-01 2.990e-01 1.100e-03 5.880e-04 3.170e-03 -1.000 1.000e-03 0.658 2.927 2.108 1.018 0.443 -0.038 -0.748 -1.311 -1.385
0.01500 1.30e+10 0.9630517960    0.868  1.647  3.6732  2.375    4  0.000  0.463     0.00     0.00 -1         0      0.00 7.000e-01 2.990e-01 1.100e-03 5.880e-04 3.170e-03 -1.000 1.000e-03 0.653 2.925 2.105 1.014 0.438 -0.043 -0.753 -1.317 -1.391
0.01500 1.30e+10 0.9631176591    0.869  1.649  3.6730  2.371    4  0.000  0.463     0.00     0.00 -1         0      0.00 7.000e-01 2.990e-01 1.100e-03 5.880e-04 3.170e-03 -1.000 1.000e-03 0.646 2.923 2.101 1.009 0.432 -0.050 -0.760 -1.325 -1.399
0.01500 1.30e+10 0.9631819725    0.869  1.653  3.6727  2.367    4  0.000  0.463     0.00     0.00 -1         0      0.00 7.000e-01 2.990e-01 1.100e-03 5.880e-04 3.170e-03 -1.000 1.000e-03 0.638 2.921 2.096 1.002 0.425 -0.058 -0.770 -1.335 -1.409
0.01500 1.30e+10 0.9632483125    0.869  1.657  3.6723  2.361    4  0.000  0.463     0.00     0.00 -1         0      0.00 7.000e-01 2.990e-01 1.100e-03 5.880e-04 3.170e-03 -1.000 1.000e-03 0.628 2.919 2.090 0.994 0.416 -0.068 -0.781 -1.348 -1.422
0.01500 1.30e+10 0.9633144140    0.869  1.662  3.6717  2.354    4  0.000  0.463     0.00     0.00 -1         0      0.00 7.000e-01 2.990e-01 1.100e-03 5.880e-04 3.170e-03 -1.000 1.000e-03 0.615 2.916 2.082 0.984 0.404 -0.080 -0.795 -1.363 -1.438
0.01500 1.30e+10 0.9633801579    0.869  1.668  3.6712  2.346    4  0.000  0.463     0.00     0.00 -1         0      0.00 7.000e-01 2.990e-01 1.100e-03 5.880e-04 3.170e-03 -1.000 1.000e-03 0.601 2.913 2.074 0.973 0.392 -0.094 -0.811 -1.381 -1.456
0.01500 1.30e+10 0.9634457231    0.869  1.674  3.6705  2.337    4  0.000  0.463     0.00     0.00 -1         0      0.00 7.000e-01 2.990e-01 1.100e-03 5.880e-04 3.170e-03 -1.000 1.000e-03 0.584 2.909 2.065 0.960 0.377 -0.109 -0.830 -1.401 -1.477
0.01500 1.30e+10 0.9635108709    0.869  1.681  3.6698  2.327    4  0.000  0.463     0.00     0.00 -1         0      0.00 7.000e-01 2.990e-01 1.100e-03 5.880e-04 3.170e-03 -1.000 1.000e-03 0.566 2.905 2.054 0.946 0.361 -0.127 -0.850 -1.423 -1.500
0.01500 1.30e+10 0.9635767937    0.869  1.684  3.6696  2.324    4  0.000  0.463     0.00     0.00 -1         0      0.00 7.000e-01 2.990e-01 1.100e-03 5.880e-04 3.170e-03 -1.000 1.000e-03 0.561 2.903 2.051 0.942 0.357 -0.132 -0.855 -1.429 -1.506
0.01500 1.30e+10 0.9636443257    0.869  1.699  3.6680  2.302    4  0.000  0.463     0.00     0.00 -1         0      0.00 7.000e-01 2.990e-01 1.100e-03 5.880e-04 3.170e-03 -1.000 1.000e-03 0.522 2.895 2.029 0.911 0.322 -0.170 -0.900 -1.478 -1.556
0.01500 1.30e+10 0.9637097716    0.869  1.727  3.6654  2.264    4  0.000  0.463     0.00     0.00 -1         0      0.00 7.000e-01 2.990e-01 1.100e-03 5.880e-04 3.170e-03 -1.000 1.000e-03 0.453 2.880 1.989 0.859 0.262 -0.236 -0.976 -1.561 -1.642
0.01500 1.30e+10 0.9637579918    0.869  1.764  3.6619  2.213    4  0.000  0.463     0.00     0.00 -1         0      0.00 7.000e-01 2.990e-01 1.100e-03 5.880e-04 3.170e-03 -1.000 1.000e-03 0.361 2.861 1.937 0.790 0.182 -0.323 -1.077 -1.672 -1.756
0.01500 1.30e+10 0.9637838006    0.869  1.802  3.6582  2.160    4  0.000  0.463     0.00     0.00 -1         0      0.00 7.000e-01 2.990e-01 1.100e-03 5.880e-04 3.170e-03 -1.000 1.000e-03 0.266 2.842 1.884 0.717 0.099 -0.414 -1.183 -1.787 -1.875
0.01500 1.30e+10 0.9637978077    0.869  1.841  3.6545  2.107    4  0.000  0.463     0.00     0.00 -1         0      0.00 7.000e-01 2.990e-01 1.100e-03 5.880e-04 3.170e-03 -1.000 1.000e-03 0.168 2.822 1.828 0.643 0.015 -0.506 -1.290 -1.904 -1.996
0.01500 1.30e+10 0.9638053775    0.869  1.880  3.6508  2.053    4  0.000  0.463     0.00     0.00 -1         0      0.00 7.000e-01 2.990e-01 1.100e-03 5.880e-04 3.170e-03 -1.000 1.000e-03 0.070 2.810 1.777 0.573 -0.068 -0.598 -1.397 -2.021 -2.117
0.01500 1.30e+10 0.9638093710    0.869  1.919  3.6472  1.999    4  0.000  0.463     0.00     0.00 -1         0      0.00 7.000e-01 2.990e-01 1.100e-03 5.880e-04 3.170e-03 -1.000 1.000e-03 -0.027 2.798 1.726 0.504 -0.149 -0.689 -1.503 -2.137 -2.237
0.01500 1.30e+10 0.9638117552    0.869  1.958  3.6436  1.946    4  0.000  0.463     0.00     0.00 -1         0      0.00 7.000e-01 2.990e-01 1.100e-03 5.880e-04 3.170e-03 -1.000 1.000e-03 -0.124 2.791 1.676 0.434 -0.231 -0.780 -1.609 -2.252 -2.357
0.01500 1.30e+10 0.9638132453    0.869  1.995  3.6403  1.895    4  0.000  0.463     0.00     0.00 -1         0      0.00 7.000e-01 2.990e-01 1.100e-03 5.880e-04 3.170e-03 -1.000 1.000e-03 -0.217 2.784 1.629 0.368 -0.309 -0.866 -1.710 -2.362 -2.470
0.01500 1.30e+10 0.9638141394    0.869  2.024  3.6377  1.856    4  0.000  0.463     0.00     0.00 -1         0      0.00 7.000e-01 2.990e-01 1.100e-03 5.880e-04 3.170e-03 -1.000 1.000e-03 -0.290 2.782 1.594 0.318 -0.368 -0.934 -1.789 -2.447 -2.559
0.01500 1.30e+10 0.9638143182    0.869  2.032  3.6370  1.845    4  0.000  0.463     0.00     0.00 -1         0      0.00 7.000e-01 2.990e-01 1.100e-03 5.880e-04 3.170e-03 -1.000 1.000e-03 -0.309 2.781 1.584 0.305 -0.384 -0.952 -1.810 -2.470 -2.583
0.01500 1.30e+10 0.9638153315    0.869  2.072  3.6334  1.791    4  0.000  0.463     0.00     0.00 -1         0      0.00 7.000e-01 2.990e-01 1.100e-03 5.880e-04 3.170e-03 -1.000 1.000e-03 -0.409 2.779 1.536 0.236 -0.466 -1.045 -1.918 -2.587 -2.705
0.01500 1.30e+10 0.9638164639    0.869  2.113  3.6298  1.736    4  0.000  0.463     0.00     0.00 -1         0      0.00 7.000e-01 2.990e-01 1.100e-03 5.880e-04 3.170e-03 -1.000 1.000e-03 -0.511 2.778 1.487 0.166 -0.550 -1.139 -2.028 -2.707 -2.830
0.01500 1.30e+10 0.9638179541    0.869  2.155  3.6260  1.678    4  0.000  0.463     0.00     0.00 -1         0      0.00 7.000e-01 2.990e-01 1.100e-03 5.880e-04 3.170e-03 -1.000 1.000e-03 -0.618 2.779 1.436 0.092 -0.638 -1.239 -2.144 -2.832 -2.960
0.01500 1.30e+10 0.9638206959    0.869  2.147  3.6269  1.690    4  0.000  0.463     0.00     0.00 -1         0      0.00 7.000e-01 2.990e-01 1.100e-03 5.880e-04 3.170e-03 -1.000 1.000e-03 -0.597 2.776 1.445 0.106 -0.622 -1.219 -2.121 -2.807 -2.934
0.01500 1.30e+10 0.9638256431    0.869  2.100  3.6310  1.753    4  0.000  0.463     0.00     0.00 -1         0      0.00 7.000e-01 2.990e-01 1.100e-03 5.880e-04 3.170e-03 -1.000 1.000e-03 -0.481 2.775 1.500 0.186 -0.526 -1.111 -1.995 -2.670 -2.792
0.01500 1.30e+10 0.9638675451    0.869  2.088  3.6320  1.770    4  0.000  0.463     0.00     0.00 -1         0      0.00 7.000e-01 2.990e-01 1.100e-03 5.880e-04 3.170e-03 -1.000 1.000e-03 -0.449 2.778 1.517 0.209 -0.499 -1.082 -1.961 -2.634 -2.754
0.01500 1.30e+10 0.9639041424    0.869  2.128  3.6284  1.715    4  0.000  0.463     0.00     0.00 -1         0      0.00 7.000e-01 2.990e-01 1.100e-03 5.880e-04 3.170e-03 -1.000 1.000e-03 -0.549 2.781 1.470 0.141 -0.581 -1.174 -2.070 -2.752 -2.877
0.01500 1.30e+10 0.9639329314    0.869  2.170  3.6246  1.658    4  0.000  0.463     0.00     0.00 -1         0      0.00 7.000e-01 2.990e-01 1.100e-03 5.880e-04 3.170e-03 -1.000 1.000e-03 -0.654 2.783 1.422 0.071 -0.665 -1.271 -2.183 -2.874 -3.005
0.01500 1.30e+10 0.9639572501    0.869  2.211  3.6209  1.602    4  0.000  0.463     0.00     0.00 -1         0      0.00 7.000e-01 2.990e-01 1.100e-03 5.880e-04 3.170e-03 -1.000 1.000e-03 -0.757 2.787 1.378 0.005 -0.746 -1.365 -2.294 -2.995 -3.131
0.01500 1.30e+10 0.9639781713    0.869  2.252  3.6173  1.547    4  0.000  0.463     0.00     0.00 -1         0      0.00 7.000e-01 2.990e-01 1.100e-03 5.880e-04 3.170e-03 -1.000 1.000e-03 -0.860 2.791 1.332 -0.061 -0.826 -1.459 -2.404 -3.115 -3.256
0.01500 1.30e+10 0.9639962316    0.870  2.293  3.6137  1.491    4  0.000  0.463     0.00     0.00 -1         0      0.00 7.000e-01 2.990e-01 1.100e-03 5.880e-04 3.170e-03 -1.000 1.000e-03 -0.963 2.800 1.289 -0.126 -0.907 -1.554 -2.515 -3.235 -3.382
0.01500 1.30e+10 0.9640119076    0.870  2.334  3.6100  1.435    4  0.000  0.463     0.00     0.00 -1         0      0.00 7.000e-01 2.990e-01 1.100e-03 5.880e-04 3.170e-03 -1.000 1.000e-03 -1.065 2.812 1.250 -0.187 -0.983 -1.647 -2.626 -3.355 -3.508
0.01500 1.30e+10 0.9640257359    0.870  2.375  3.6063  1.380    4  0.000  0.463     0.00     0.00 -1         0      0.00 7.000e-01 2.990e-01 1.100e-03 5.880e-04 3.170e-03 -1.000 1.000e-03 -1.168 2.821 1.211 -0.245 -1.057 -1.739 -2.736 -3.476 -3.635
0.01500 1.30e+10 0.9640379548    0.870  2.416  3.6027  1.324    4  0.000  0.463     0.00     0.00 -1         0      0.00 7.000e-01 2.990e-01 1.100e-03 5.880e-04 3.170e-03 -1.000 1.000e-03 -1.269 2.833 1.174 -0.302 -1.129 -1.831 -2.846 -3.596 -3.760
0.01500 1.30e+10 0.9640489817    0.870  2.456  3.5990  1.269    4  0.000  0.463     0.00     0.00 -1         0      0.00 7.000e-01 2.990e-01 1.100e-03 5.880e-04 3.170e-03 -1.000 1.000e-03 -1.370 2.847 1.139 -0.358 -1.201 -1.922 -2.954 -3.714 -3.885
0.01500 1.30e+10 0.9640591145    0.870  2.496  3.5953  1.214    4  0.000  0.463     0.00     0.00 -1         0      0.00 7.000e-01 2.990e-01 1.100e-03 5.880e-04 3.170e-03 -1.000 1.000e-03 -1.470 2.857 1.109 -0.405 -1.265 -2.011 -3.063 -3.833 -4.009
0.01500 1.30e+10 0.9640685916    0.870  2.536  3.5915  1.159    4  0.000  0.463     0.00     0.00 -1         0      0.00 7.000e-01 2.990e-01 1.100e-03 5.880e-04 3.170e-03 -1.000 1.000e-03 -1.570 2.867 1.081 -0.449 -1.326 -2.099 -3.171 -3.952 -4.133
0.01500 1.30e+10 0.9640775919    0.870  2.576  3.5877  1.104    4  0.000  0.463     0.00     0.00 -1         0      0.00 7.000e-01 2.990e-01 1.100e-03 5.880e-04 3.170e-03 -1.000 1.000e-03 -1.670 2.878 1.054 -0.493 -1.387 -2.187 -3.279 -4.070 -4.257
0.01500 1.30e+10 0.9640862942    0.870  2.616  3.5839  1.049    4  0.000  0.463     0.00     0.00 -1         0      0.00 7.000e-01 2.990e-01 1.100e-03 5.880e-04 3.170e-03 -1.000 1.000e-03 -1.770 2.892 1.029 -0.535 -1.447 -2.275 -3.388 -4.190 -4.383
0.01500 1.30e+10 0.9640944600    0.870  2.656  3.5799  0.993    4  0.000  0.463     0.00     0.00 -1         0      0.00 7.000e-01 2.990e-01 1.100e-03 5.880e-04 3.170e-03 -1.000 1.000e-03 -1.870 2.898 1.015 -0.559 -1.492 -2.361 -3.498 -4.310 -4.509
0.01500 1.30e+10 0.9641017914    0.870  2.696  3.5758  0.937    4  0.000  0.463     0.00     0.00 -1         0      0.00 7.000e-01 2.990e-01 1.100e-03 5.880e-04 3.170e-03 -1.000 1.000e-03 -1.969 2.914 1.007 -0.578 -1.533 -2.445 -3.608 -4.430 -4.635
0.01500 1.30e+10 0.9641086459    0.870  2.738  3.5715  0.878    4  0.000  0.463     0.00     0.00 -1         0      0.00 7.000e-01 2.990e-01 1.100e-03 5.880e-04 3.170e-03 -1.000 1.000e-03 -2.074 2.931 1.000 -0.597 -1.577 -2.534 -3.723 -4.556 -4.768
0.01500 1.30e+10 0.9641138911    0.870  2.780  3.5671  0.818    4  0.000  0.463     0.00     0.00 -1         0      0.00 7.000e-01 2.990e-01 1.100e-03 5.880e-04 3.170e-03 -1.000 1.000e-03 -2.179 2.943 1.007 -0.595 -1.603 -2.619 -3.841 -4.684 -4.902
0.01500 1.30e+10 0.9641174078    0.870  2.818  3.5628  0.762    4  0.000  0.463     0.00     0.00 -1         0      0.00 7.000e-01 2.990e-01 1.100e-03 5.880e-04 3.170e-03 -1.000 1.000e-03 -2.276 2.952 1.021 -0.581 -1.619 -2.695 -3.950 -4.802 -5.026
0.01500 1.30e+10 0.9641202092    0.870  2.856  3.5586  0.708    4  0.000  0.463     0.00     0.00 -1         0      0.00 7.000e-01 2.990e-01 1.100e-03 5.880e-04 3.170e-03 -1.000 1.000e-03 -2.370 2.963 1.038 -0.564 -1.632 -2.768 -4.056 -4.917 -5.148
0.01500 1.30e+10 0.9641226530    0.870  2.894  3.5543  0.652    4  0.000  0.463     0.00     0.00 -1         0      0.00 7.000e-01 2.990e-01 1.100e-03 5.880e-04 3.170e-03 -1.000 1.000e-03 -2.465 2.973 1.069 -0.528 -1.632 -2.836 -4.164 -5.033 -5.271
0.01500 1.30e+10 0.9641249180    0.870  2.931  3.5499  0.598    4  0.000  0.463     0.00     0.00 -1         0      0.00 7.000e-01 2.990e-01 1.100e-03 5.880e-04 3.170e-03 -1.000 1.000e-03 -2.558 2.980 1.120 -0.463 -1.612 -2.893 -4.271 -5.148 -5.393
0.01500 1.30e+10 0.9641271830    0.870  2.969  3.5454  0.542    4  0.000  0.463     0.00     0.00 -1         0      0.00 7.000e-01 2.990e-01 1.100e-03 5.880e-04 3.170e-03 -1.000 1.000e-03 -2.653 2.989 1.175 -0.392 -1.588 -2.951 -4.378 -5.264 -5.516
0.01500 1.30e+10 0.9641293287    0.870  3.008  3.5407  0.484    4  0.000  0.463     0.00     0.00 -1         0      0.00 7.000e-01 2.990e-01 1.100e-03 5.880e-04 3.170e-03 -1.000 1.000e-03 -2.749 2.999 1.247 -0.302 -1.553 -3.001 -4.490 -5.383 -5.644
0.01500 1.30e+10 0.9641316533    0.870  3.048  3.5357  0.424    4  0.000  0.463     0.00     0.00 -1         0      0.00 7.000e-01 2.990e-01 1.100e-03 5.880e-04 3.170e-03 -1.000 1.000e-03 -2.850 3.007 1.355 -0.164 -1.492 -3.033 -4.608 -5.507 -5.776
0.01500 1.30e+10 0.9641339779    0.870  3.086  3.5308  0.367    4  0.000  0.463     0.00     0.00 -1         0      0.00 7.000e-01 2.990e-01 1.100e-03 5.880e-04 3.170e-03 -1.000 1.000e-03 -2.945 3.018 1.464 -0.027 -1.430 -3.061 -4.720 -5.625 -5.902
0.01500 1.30e+10 0.9641364217    0.870  3.123  3.5260  0.311    4  0.000  0.463     0.00     0.00 -1         0      0.00 7.000e-01 2.990e-01 1.100e-03 5.880e-04 3.170e-03 -1.000 1.000e-03 -3.037 3.027 1.588 0.131 -1.355 -3.072 -4.829 -5.739 -6.025
0.01500 1.30e+10 0.9641391635    0.870  3.161  3.5210  0.252    4  0.000  0.463     0.00     0.00 -1         0      0.00 7.000e-01 2.990e-01 1.100e-03 5.880e-04 3.170e-03 -1.000 1.000e-03 -3.133 3.036 1.743 0.330 -1.257 -3.057 -4.941 -5.856 -6.151
0.01500 1.30e+10 0.9641410112    0.870  3.162  3.5210  0.251    4  0.000  0.463     0.00     0.00 -1         0      0.00 7.000e-01 2.990e-01 1.100e-03 5.880e-04 3.170e-03 -1.000 1.000e-03 -3.136 3.034 1.741 0.328 -1.260 -3.060 -4.944 -5.859 -6.155
0.01500 1.30e+10 0.9641410708    0.870  3.157  3.5217  0.259    4  0.000  0.463     0.00     0.00 -1         0      0.00 7.000e-01 2.990e-01 1.100e-03 5.880e-04 3.170e-03 -1.000 1.000e-03 -3.123 3.032 1.717 0.298 -1.275 -3.063 -4.929 -5.844 -6.137
0.01500 1.30e+10 0.9641411901    0.870  3.149  3.5229  0.272    4  0.000  0.463     0.00     0.00 -1         0      0.00 7.000e-01 2.990e-01 1.100e-03 5.880e-04 3.170e-03 -1.000 1.000e-03 -3.102 3.029 1.681 0.252 -1.298 -3.068 -4.904 -5.818 -6.110
0.01500 1.30e+10 0.9641413093    0.870  3.160  3.5213  0.255    4  0.000  0.463     0.00     0.00 -1         0      0.00 7.000e-01 2.990e-01 1.100e-03 5.880e-04 3.170e-03 -1.000 1.000e-03 -3.130 3.033 1.729 0.314 -1.267 -3.062 -4.937 -5.852 -6.147
0.01500 1.30e+10 0.9641413689    0.870  3.166  3.5205  0.245    4  0.000  0.463     0.00     0.00 -1         0      0.00 7.000e-01 2.990e-01 1.100e-03 5.880e-04 3.170e-03 -1.000 1.000e-03 -3.145 3.035 1.756 0.348 -1.250 -3.058 -4.955 -5.871 -6.167
0.01500 1.30e+10 0.9641415477    0.870  3.189  3.5173  0.210    4  0.000  0.463     0.00     0.00 -1         0      0.00 7.000e-01 2.990e-01 1.100e-03 5.880e-04 3.170e-03 -1.000 1.000e-03 -3.201 3.044 1.860 0.480 -1.183 -3.043 -5.022 -5.941 -6.243
0.01500 1.30e+10 0.9641416669    0.870  3.211  3.5141  0.175    4  0.000  0.463     0.00     0.00 -1         0      0.00 7.000e-01 2.990e-01 1.100e-03 5.880e-04 3.170e-03 -1.000 1.000e-03 -3.257 3.054 1.967 0.616 -1.113 -3.026 -5.088 -6.010 -6.319
0.01500 1.30e+10 0.9641418457    0.870  3.239  3.5100  0.130    4  0.000  0.463     0.00     0.00 -1         0      0.00 7.000e-01 2.990e-01 1.100e-03 5.880e-04 3.170e-03 -1.000 1.000e-03 -3.328 3.061 2.107 0.800 -1.017 -2.983 -5.173 -6.098 -6.414
0.01500 1.30e+10 0.9641420841    0.870  3.281  3.5039  0.064    4  0.000  0.463     0.00     0.00 -1         0      0.00 7.000e-01 2.990e-01 1.100e-03 5.880e-04 3.170e-03 -1.000 1.000e-03 -3.431 3.074 2.324 1.084 -0.866 -2.910 -5.296 -6.226 -6.553
0.01500 1.30e+10 0.9641423821    0.870  3.316  3.4986  0.008    4  0.000  0.463     0.00     0.00 -1         0      0.00 7.000e-01 2.990e-01 1.100e-03 5.880e-04 3.170e-03 -1.000 1.000e-03 -3.519 3.085 2.505 1.314 -0.742 -2.846 -5.400 -6.335 -6.671
0.01500 1.30e+10 0.9641427994    0.870  3.355  3.4925 -0.055    4  0.519  0.463     0.00     0.00 -1         0      0.00 7.000e-01 2.990e-01 1.100e-03 5.880e-04 3.170e-03 -1.000 1.000e-03 -3.617 3.087 2.662 1.495 -0.646 -2.789 -5.518 -6.456 -6.800
0.01500 1.30e+10 0.9641431570    0.870  3.372  3.4861 -0.098    8  0.518  0.480   209.41    96.88  0 -1.58e-07      0.00 6.954e-01 2.897e-01 2.353e-03 1.124e-03 6.535e-03 -1.000 1.491e-02 -3.659 3.129 2.874 1.739 -0.486 -2.667 -5.579 -6.522 -6.874
0.01500 1.30e+10 0.9641432166    0.869  3.083  3.5261  0.350    8  0.518  0.480    79.65    42.00  1  -4.7e-08      0.00 6.954e-01 2.897e-01 2.353e-03 1.124e-03 6.535e-03 -1.000 1.491e-02 -2.938 3.091 1.666 0.219 -1.261 -2.975 -4.729 -5.641 -5.925
0.01500 1.30e+10 0.9641432166    0.869  2.944  3.5454  0.566    8  0.518  0.480    49.99    28.08  1  -2.8e-08      0.00 6.954e-01 2.897e-01 2.353e-03 1.124e-03 6.535e-03 -1.000 1.491e-02 -2.591 3.031 1.231 -0.330 -1.525 -2.888 -4.317 -5.203 -5.455
0.01500 1.30e+10 0.9641433358    0.868  2.795  3.5661  0.798    8  0.518  0.480    30.29    18.20  1 -1.71e-08      0.00 6.954e-01 2.897e-01 2.353e-03 1.124e-03 6.535e-03 -1.000 1.491e-02 -2.216 2.935 0.997 -0.607 -1.622 -2.651 -3.881 -4.726 -4.946
0.01500 1.30e+10 0.9641435146    0.867  2.829  3.5612  0.744    8  0.518  0.480    34.06    20.14  1  -1.9e-08      0.00 6.954e-01 2.897e-01 2.353e-03 1.124e-03 6.535e-03 -1.000 1.491e-02 -2.302 2.966 1.039 -0.562 -1.612 -2.712 -3.981 -4.836 -5.063
0.01500 1.30e+10 0.9641436934    0.865  2.968  3.5415  0.525    8  0.518  0.480    54.57    30.25  1 -3.05e-08      0.00 6.954e-01 2.897e-01 2.353e-03 1.124e-03 6.535e-03 -1.000 1.491e-02 -2.650 3.054 1.301 -0.244 -1.480 -2.913 -4.387 -5.281 -5.539
0.01500 1.30e+10 0.9641439319    0.864  3.136  3.5179  0.263    8  0.518  0.480    96.20    49.35  0  -5.8e-08      0.00 6.954e-01 2.897e-01 2.353e-03 1.124e-03 6.535e-03 -1.000 1.491e-02 -3.069 3.123 1.938 0.565 -1.079 -2.925 -4.887 -5.806 -6.106
0.01500 1.30e+10 0.9641441703    0.861  3.271  3.4987  0.049    8  0.518  0.480   152.60    73.48  0 -1.03e-07      0.00 6.954e-01 2.897e-01 2.353e-03 1.124e-03 6.535e-03 -1.000 1.491e-02 -3.408 3.156 2.580 1.398 -0.647 -2.745 -5.289 -6.225 -6.558
0.01500 1.30e+10 0.9641445279    0.859  3.359  3.4861 -0.091    8  0.519  0.480   206.02    95.15  0 -1.51e-07      0.00 6.954e-01 2.897e-01 2.353e-03 1.124e-03 6.535e-03 -1.000 1.491e-02 -3.628 3.154 2.899 1.765 -0.457 -2.638 -5.548 -6.491 -6.842
0.01500 1.30e+10 0.9641448855    0.856  3.406  3.4791 -0.167    8  0.519  0.480   243.15   109.69  0 -1.87e-07      0.00 6.954e-01 2.897e-01 2.353e-03 1.124e-03 6.535e-03 -1.000 1.491e-02 -3.746 3.144 3.004 1.845 -0.422 -2.624 -5.688 -6.633 -6.991
0.01500 1.30e+10 0.9641453028    0.853  3.431  3.4752 -0.209    8  0.519  0.480   265.73   118.30  0 -2.09e-07      0.00 6.954e-01 2.897e-01 2.353e-03 1.124e-03 6.535e-03 -1.000 1.491e-02 -3.806 3.144 3.066 1.893 -0.397 -2.610 -5.760 -6.706 -7.069
0.01500 1.30e+10 0.9641457200    0.850  3.447  3.4724 -0.238    8  0.520  0.480   282.78   124.68  0 -2.26e-07      0.00 6.954e-01 2.897e-01 2.353e-03 1.124e-03 6.535e-03 -1.000 1.491e-02 -3.846 3.147 3.115 1.930 -0.375 -2.595 -5.809 -6.756 -7.122
0.01500 1.30e+10 0.9641457200    0.850  3.215  3.5045  0.122    8  0.520  0.480   130.11    63.72  0 -8.15e-08      0.00 6.954e-01 2.897e-01 2.353e-03 1.124e-03 6.535e-03 -1.000 1.491e-02 -3.268 3.177 2.417 1.182 -0.742 -2.772 -5.130 -6.061 -6.384
0.01500 1.30e+10 0.9641457796    0.849  3.027  3.5307  0.415    8  0.520  0.480    69.16    36.89  1 -3.82e-08      0.00 6.954e-01 2.897e-01 2.353e-03 1.124e-03 6.535e-03 -1.000 1.491e-02 -2.797 3.126 1.596 0.120 -1.279 -2.911 -4.571 -5.478 -5.754
0.01500 1.30e+10 0.9641458392    0.847  2.875  3.5517  0.650    8  0.520  0.480    41.64    23.78  1 -2.22e-08      0.00 6.954e-01 2.897e-01 2.353e-03 1.124e-03 6.535e-03 -1.000 1.491e-02 -2.417 3.055 1.193 -0.388 -1.517 -2.767 -4.124 -4.999 -5.240
0.01500 1.30e+10 0.9641459584    0.846  2.906  3.5472  0.600    8  0.520  0.480    46.40    26.10  1 -2.47e-08      0.00 6.954e-01 2.897e-01 2.353e-03 1.124e-03 6.535e-03 -1.000 1.491e-02 -2.496 3.075 1.261 -0.303 -1.478 -2.808 -4.216 -5.099 -5.347
0.01500 1.30e+10 0.9641460776    0.843  3.040  3.5284  0.389    8  0.520  0.480    73.12    38.63  1 -4.05e-08      0.00 6.954e-01 2.897e-01 2.353e-03 1.124e-03 6.535e-03 -1.000 1.491e-02 -2.831 3.141 1.660 0.198 -1.237 -2.913 -4.613 -5.524 -5.803
0.01500 1.30e+10 0.9641462564    0.840  3.202  3.5056  0.135    8  0.520  0.480   126.40    61.93  0 -7.81e-08      0.00 6.954e-01 2.897e-01 2.353e-03 1.124e-03 6.535e-03 -1.000 1.491e-02 -3.234 3.188 2.393 1.147 -0.754 -2.770 -5.093 -6.023 -6.343
0.01500 1.30e+10 0.9641464353    0.837  3.331  3.4872 -0.070    8  0.521  0.480   196.61    90.62  0 -1.37e-07      0.00 6.954e-01 2.897e-01 2.353e-03 1.124e-03 6.535e-03 -1.000 1.491e-02 -3.558 3.195 2.911 1.775 -0.429 -2.601 -5.475 -6.418 -6.767
0.01500 1.30e+10 0.9641466737    0.833  3.413  3.4755 -0.200    8  0.521  0.480   260.35   115.34  0 -1.98e-07      0.00 6.954e-01 2.897e-01 2.353e-03 1.124e-03 6.535e-03 -1.000 1.491e-02 -3.762 3.178 3.096 1.925 -0.361 -2.573 -5.715 -6.661 -7.022
0.01500 1.30e+10 0.9641469121    0.829  3.454  3.4694 -0.268    8  0.521  0.480   301.29   130.63  0 -2.41e-07      0.00 6.954e-01 2.897e-01 2.353e-03 1.124e-03 6.535e-03 -1.000 1.491e-02 -3.864 3.172 3.177 1.984 -0.336 -2.567 -5.835 -6.783 -7.151
0.01500 1.30e+10 0.9641472101    0.824  3.471  3.4664 -0.299    8  0.521  0.480   322.53   138.28  0 -2.63e-07      0.00 6.954e-01 2.897e-01 2.353e-03 1.124e-03 6.535e-03 -1.000 1.491e-02 -3.908 3.171 3.211 2.009 -0.325 -2.568 -5.887 -6.835 -7.205
0.01500 1.30e+10 0.9641475081    0.819  3.480  3.4647 -0.318    8  0.522  0.480   335.65   142.82  0 -2.76e-07      0.00 6.954e-01 2.897e-01 2.353e-03 1.124e-03 6.535e-03 -1.000 1.491e-02 -3.930 3.174 3.236 2.028 -0.314 -2.564 -5.913 -6.862 -7.234
0.01500 1.30e+10 0.9641475081    0.818  3.255  3.4962  0.032    8  0.522  0.480   157.62    74.28  0 -1.01e-07      0.00 6.954e-01 2.897e-01 2.353e-03 1.124e-03 6.535e-03 -1.000 1.491e-02 -3.369 3.228 2.715 1.544 -0.531 -2.645 -5.256 -6.194 -6.530
0.01500 1.30e+10 0.9641475677    0.817  3.068  3.5225  0.324    8  0.522  0.480    83.97    43.07  1 -4.69e-08      0.00 6.954e-01 2.897e-01 2.353e-03 1.124e-03 6.535e-03 -1.000 1.491e-02 -2.900 3.189 1.872 0.461 -1.088 -2.859 -4.702 -5.618 -5.908
0.01500 1.30e+10 0.9641476274    0.814  2.917  3.5438  0.559    8  0.522  0.480    50.55    27.75  1 -2.68e-08      0.00 6.954e-01 2.897e-01 2.353e-03 1.124e-03 6.535e-03 -1.000 1.491e-02 -2.521 3.126 1.349 -0.203 -1.414 -2.806 -4.252 -5.141 -5.395
0.01500 1.30e+10 0.9641477466    0.810  2.948  3.5393  0.508    8  0.522  0.480    56.47    30.49  1 -3.02e-08      0.00 6.954e-01 2.897e-01 2.353e-03 1.124e-03 6.535e-03 -1.000 1.491e-02 -2.600 3.144 1.438 -0.092 -1.360 -2.833 -4.345 -5.241 -5.503
0.01500 1.30e+10 0.9641479254    0.806  3.081  3.5205  0.297    8  0.522  0.480    88.95    45.06  0 -5.05e-08      0.00 6.954e-01 2.897e-01 2.353e-03 1.124e-03 6.535e-03 -1.000 1.491e-02 -2.932 3.202 1.943 0.548 -1.042 -2.846 -4.741 -5.659 -5.953
0.01500 1.30e+10 0.9641481042    0.800  3.241  3.4979  0.044    8  0.523  0.480   153.66    72.09  0  -9.9e-08      0.00 6.954e-01 2.897e-01 2.353e-03 1.124e-03 6.535e-03 -1.000 1.491e-02 -3.332 3.243 2.689 1.510 -0.544 -2.648 -5.215 -6.151 -6.485
0.01500 1.30e+10 0.9641482830    0.793  3.369  3.4795 -0.162    8  0.523  0.480   239.35   105.42  0 -1.77e-07      0.00 6.954e-01 2.897e-01 2.353e-03 1.124e-03 6.535e-03 -1.000 1.491e-02 -3.653 3.229 3.081 1.925 -0.339 -2.540 -5.594 -6.538 -6.896
0.01500 1.30e+10 0.9641485810    0.785  3.450  3.4679 -0.294    8  0.523  0.480   318.11   134.31  0 -2.59e-07      0.00 6.954e-01 2.897e-01 2.353e-03 1.124e-03 6.535e-03 -1.000 1.491e-02 -3.856 3.212 3.235 2.034 -0.296 -2.534 -5.831 -6.779 -7.149
0.01500 1.30e+10 0.9641488194    0.777  3.492  3.4617 -0.364    8  0.523  0.480   370.33   152.51  0 -3.97e-07      0.00 6.954e-01 2.897e-01 2.353e-03 1.124e-03 6.535e-03 -1.000 1.491e-02 -3.959 3.204 3.300 2.077 -0.283 -2.544 -5.951 -6.901 -7.276
0.01500 1.30e+10 0.9641491175    0.767  3.510  3.4589 -0.400    8  0.524  0.480   399.52   162.04  0 -6.64e-07      0.00 6.954e-01 2.897e-01 2.353e-03 1.124e-03 6.535e-03 -1.000 1.491e-02 -4.005 3.206 3.336 2.102 -0.272 -2.544 -6.004 -6.955 -7.334
0.01500 1.30e+10 0.9641494751    0.757  3.520  3.4571 -0.422    8  0.524  0.480   419.64   168.10  0 -9.15e-07      0.00 6.954e-01 2.897e-01 2.353e-03 1.124e-03 6.535e-03 -1.000 1.491e-02 -4.029 3.210 3.359 2.121 -0.263 -2.543 -6.033 -6.985 -7.365
0.01500 1.30e+10 0.9641494751    0.755  3.303  3.4882 -0.082    8  0.524  0.480   201.37    89.05  0 -1.44e-07      0.00 6.954e-01 2.897e-01 2.353e-03 1.124e-03 6.535e-03 -1.000 1.491e-02 -3.487 3.271 2.960 1.815 -0.382 -2.550 -5.401 -6.343 -6.692
0.01500 1.30e+10 0.9641495347    0.751  3.116  3.5154  0.211    8  0.524  0.480   106.92    51.40  0 -6.58e-08      0.00 6.954e-01 2.897e-01 2.353e-03 1.124e-03 6.535e-03 -1.000 1.491e-02 -3.020 3.244 2.125 0.769 -0.930 -2.820 -4.847 -5.768 -6.073
0.01500 1.30e+10 0.9641496539    0.745  2.964  3.5383  0.452    8  0.524  0.480    63.71    32.73  1 -3.72e-08      0.00 6.954e-01 2.897e-01 2.353e-03 1.124e-03 6.535e-03 -1.000 1.491e-02 -2.639 3.165 1.459 -0.076 -1.365 -2.858 -4.388 -5.284 -5.549
0.01500 1.30e+10 0.9641497731    0.736  2.993  3.5356  0.406    8  0.525  0.480    70.36    35.47  1 -4.31e-08      0.00 6.954e-01 2.897e-01 2.353e-03 1.124e-03 6.535e-03 -1.000 1.491e-02 -2.714 3.160 1.502 -0.021 -1.352 -2.896 -4.473 -5.371 -5.641
0.01500 1.30e+10 0.9641498923    0.724  3.123  3.5191  0.204    8  0.525  0.480   108.78    51.31  0  -7.5e-08      0.00 6.954e-01 2.897e-01 2.353e-03 1.124e-03 6.535e-03 -1.000 1.491e-02 -3.036 3.195 1.947 0.544 -1.086 -2.918 -4.851 -5.768 -6.068
0.01500 1.30e+10 0.9641500711    0.710  3.278  3.4993 -0.039    8  0.525  0.480   183.77    79.96  0 -1.53e-07      0.00 6.954e-01 2.897e-01 2.353e-03 1.124e-03 6.535e-03 -1.000 1.491e-02 -3.424 3.218 2.611 1.404 -0.657 -2.762 -5.304 -6.237 -6.575
0.01500 1.30e+10 0.9641503096    0.695  3.401  3.4843 -0.233    8  0.525  0.480   279.72   113.55  0 -2.82e-07      0.00 6.954e-01 2.897e-01 2.353e-03 1.124e-03 6.535e-03 -1.000 1.491e-02 -3.734 3.192 2.959 1.789 -0.481 -2.681 -5.664 -6.604 -6.965
0.01500 1.30e+10 0.9641506076    0.677  3.478  3.4764 -0.352    8  0.526  0.480   363.28   140.11  0  -4.3e-07      0.00 6.954e-01 2.897e-01 2.353e-03 1.124e-03 6.535e-03 -1.000 1.491e-02 -3.925 3.160 3.054 1.841 -0.483 -2.709 -5.880 -6.823 -7.196
0.01500 1.30e+10 0.9641508460    0.657  3.515  3.4745 -0.410    8  0.526  0.480   413.34   153.49  0 -7.31e-07      0.00 6.954e-01 2.897e-01 2.353e-03 1.124e-03 6.535e-03 -1.000 1.491e-02 -4.019 3.135 3.057 1.824 -0.519 -2.754 -5.980 -6.923 -7.302
0.01500 1.30e+10 0.9641512036    0.636  3.530  3.4764 -0.431    8  0.527  0.480   436.18   156.56  0 -9.74e-07      0.00 6.954e-01 2.897e-01 2.353e-03 1.124e-03 6.535e-03 -1.000 1.491e-02 -4.054 3.109 2.998 1.763 -0.582 -2.816 -6.011 -6.953 -7.332
0.01500 1.30e+10 0.9641515613    0.613  3.535  3.4799 -0.439    8  0.527  0.480   449.10   154.83  0 -1.07e-06      0.00 6.954e-01 2.897e-01 2.353e-03 1.124e-03 6.535e-03 -1.000 1.491e-02 -4.068 3.081 2.910 1.680 -0.660 -2.890 -6.017 -6.955 -7.332
0.01500 1.30e+10 0.9641515613    0.612  3.327  3.5109 -0.107    8  0.527  0.480   219.84    83.39  0  -2.9e-07      0.00 6.954e-01 2.897e-01 2.353e-03 1.124e-03 6.535e-03 -1.000 1.491e-02 -3.549 3.044 1.995 0.618 -1.233 -3.214 -5.397 -6.313 -6.638
0.01500 1.30e+10 0.9641516209    0.610  3.141  3.5400  0.194    8  0.527  0.480   114.94    47.41  0 -1.34e-07      0.00 6.954e-01 2.897e-01 2.353e-03 1.124e-03 6.535e-03 -1.000 1.491e-02 -3.083 2.918 1.048 -0.573 -1.862 -3.331 -4.834 -5.715 -5.987
0.01500 1.30e+10 0.9641516805    0.607  2.987  3.5657  0.449    8  0.527  0.480    66.57    29.37  1 -7.68e-08      0.00 6.954e-01 2.897e-01 2.353e-03 1.124e-03 6.535e-03 -1.000 1.491e-02 -2.698 2.745 0.620 -1.069 -2.106 -3.134 -4.373 -5.201 -5.433
0.01500 1.30e+10 0.9641517997    0.602  3.015  3.5662  0.420    8  0.528  0.480    71.16    30.80  0 -8.98e-08      0.00 6.954e-01 2.897e-01 2.353e-03 1.124e-03 6.535e-03 -1.000 1.491e-02 -2.767 2.695 0.550 -1.148 -2.184 -3.205 -4.441 -5.267 -5.499
0.01500 1.30e+10 0.9641519785    0.596  3.139  3.5538  0.242    8  0.528  0.480   105.13    42.56  0 -1.56e-07      0.00 6.954e-01 2.897e-01 2.353e-03 1.124e-03 6.535e-03 -1.000 1.491e-02 -3.077 2.711 0.605 -1.100 -2.238 -3.449 -4.788 -5.639 -5.892
0.01500 1.30e+10 0.9641521573    0.588  3.288  3.5391  0.028    8  0.528  0.480   168.07    62.65  0 -3.13e-07      0.00 6.954e-01 2.897e-01 2.353e-03 1.124e-03 6.535e-03 -1.000 1.491e-02 -3.450 2.704 0.781 -0.877 -2.196 -3.687 -5.208 -6.083 -6.362
0.01500 1.30e+10 0.9641523361    0.580  3.406  3.5300 -0.133    8  0.528  0.480   240.50    83.23  0 -5.73e-07      0.00 6.954e-01 2.897e-01 2.353e-03 1.124e-03 6.535e-03 -1.000 1.491e-02 -3.745 2.649 0.912 -0.706 -2.184 -3.860 -5.537 -6.421 -6.718
0.01500 1.30e+10 0.9641526341    0.570  3.477  3.5291 -0.215    8  0.529  0.480   292.30    95.07  0 -8.73e-07      0.00 6.954e-01 2.897e-01 2.353e-03 1.124e-03 6.535e-03 -1.000 1.491e-02 -3.923 2.548 0.810 -0.821 -2.327 -4.028 -5.722 -6.603 -6.904
0.01500 1.30e+10 0.9641528726    0.559  3.509  3.5352 -0.231    8  0.529  0.480   310.93    95.17  0 -1.13e-06      0.00 6.954e-01 2.897e-01 2.353e-03 1.124e-03 6.535e-03 -1.000 1.491e-02 -4.003 2.406 0.497 -1.197 -2.612 -4.195 -5.786 -6.652 -6.946
0.01500 1.30e+10 0.9641531706    0.547  3.518  3.5460 -0.206    8  0.529  0.480   309.51    86.81  0 -1.34e-06      0.00 6.954e-01 2.897e-01 2.353e-03 1.124e-03 6.535e-03 -1.000 1.491e-02 -4.025 2.232 0.075 -1.704 -2.971 -4.343 -5.777 -6.620 -6.899
0.01500 1.30e+10 0.9641535282    0.535  3.518  3.5593 -0.163    8  0.530  0.480   322.31    71.72  0 -1.55e-06      0.00 6.954e-01 2.897e-01 2.353e-03 1.124e-03 6.535e-03 -1.000 1.491e-02 -4.025 2.033 -0.326 -2.168 -3.305 -4.439 -5.742 -6.551 -6.812
0.01500 1.30e+10 0.9641541839    0.535 -9.999  4.0518  2.025    9  0.535  0.012     0.00     0.00 -1         0      0.00 6.954e-01 2.897e-01 2.353e-03 1.124e-03 6.535e-03 -1.000 1.491e-02 29.767 29.754 30.213 30.289 30.292 30.313 30.428 30.446 30.475
#isochrone terminated
