# File generated by CMD 3.0 (http://stev.oapd.inaf.it/cmd) on Thu Jun  8 21:08:19 CEST 2017
# isochrones PARSEC release v1.2S + COLIBRI release PR16, as in Marigo et al. 2017
# Basic reference: Marigo et al. (2017), ApJ, 835, 77
# Photometric system: <i>UBVRIJHK</i> (cf. Maiz-Apellaniz 2006 + Bessell 1990)
# O-rich circumstellar dust ignored
# C-rich circumstellar dust ignored
# Kind of output: isochrone tables
# Zini Age Mini  Mass   logL    logTe  logg  label   McoreTP C_O  period0 period1 pmode  Mloss  tau1m   X   Y   Xc  Xn  Xo  Cexcess  Z 	 mbolmag  Umag    Bmag    Vmag    Rmag    Imag    Jmag    Hmag    Kmag
0.01000 1.30e+10 0.0900000036    0.090 -3.387  3.3787  5.246    0  0.000  0.463     0.00     0.00 -1         0      0.00 7.000e-01 2.990e-01 1.100e-03 5.880e-04 3.170e-03 -1.000 1.000e-03 13.236 24.122 20.499 18.196 16.035 13.606 11.123 10.549 10.236
0.01000 1.30e+10 0.0932710469    0.093 -3.321  3.3883  5.233    0  0.000  0.463     0.00     0.00 -1         0      0.00 7.000e-01 2.990e-01 1.100e-03 5.880e-04 3.170e-03 -1.000 1.000e-03 13.071 23.408 20.021 17.794 15.719 13.334 10.958 10.400 10.092
0.01000 1.30e+10 0.1000000015    0.100 -3.192  3.4069  5.210    0  0.000  0.463     0.00     0.00 -1         0      0.00 7.000e-01 2.990e-01 1.100e-03 5.880e-04 3.170e-03 -1.000 1.000e-03 12.750 22.049 19.105 16.997 15.094 12.825 10.657 10.119 9.813
0.01000 1.30e+10 0.1200000048    0.120 -2.925  3.4411  5.158    0  0.000  0.463     0.00     0.00 -1         0      0.00 7.000e-01 2.990e-01 1.100e-03 5.880e-04 3.170e-03 -1.000 1.000e-03 12.082 19.968 17.472 15.491 13.850 11.843 10.071 9.530 9.250
0.01000 1.30e+10 0.1400000006    0.140 -2.743  3.4601  5.119    0  0.000  0.463     0.00     0.00 -1         0      0.00 7.000e-01 2.990e-01 1.100e-03 5.880e-04 3.170e-03 -1.000 1.000e-03 11.628 18.811 16.507 14.588 13.096 11.261 9.675 9.122 8.850
0.01000 1.30e+10 0.1550861597    0.155 -2.633  3.4705  5.096    0  0.000  0.463     0.00     0.00 -1         0      0.00 7.000e-01 2.990e-01 1.100e-03 5.880e-04 3.170e-03 -1.000 1.000e-03 11.353 18.065 15.936 14.075 12.673 10.941 9.430 8.875 8.603
0.01000 1.30e+10 0.1599999964    0.160 -2.600  3.4737  5.089    0  0.000  0.463     0.00     0.00 -1         0      0.00 7.000e-01 2.990e-01 1.100e-03 5.880e-04 3.170e-03 -1.000 1.000e-03 11.269 17.846 15.767 13.922 12.545 10.844 9.355 8.800 8.527
0.01000 1.30e+10 0.1694069803    0.169 -2.542  3.4785  5.075    0  0.000  0.463     0.00     0.00 -1         0      0.00 7.000e-01 2.990e-01 1.100e-03 5.880e-04 3.170e-03 -1.000 1.000e-03 11.126 17.505 15.498 13.679 12.337 10.682 9.225 8.669 8.397
0.01000 1.30e+10 0.2000000030    0.200 -2.376  3.4925  5.037    0  0.000  0.463     0.00     0.00 -1         0      0.00 7.000e-01 2.990e-01 1.100e-03 5.880e-04 3.170e-03 -1.000 1.000e-03 10.709 16.557 14.738 12.991 11.742 10.217 8.846 8.289 8.020
0.01000 1.30e+10 0.2500000000    0.250 -2.165  3.5068  4.980    0  0.000  0.463     0.00     0.00 -1         0      0.00 7.000e-01 2.990e-01 1.100e-03 5.880e-04 3.170e-03 -1.000 1.000e-03 10.182 15.565 13.898 12.220 11.048 9.647 8.355 7.796 7.533
0.01000 1.30e+10 0.3000000119    0.300 -1.998  3.5172  4.934    0  0.000  0.463     0.00     0.00 -1         0      0.00 7.000e-01 2.990e-01 1.100e-03 5.880e-04 3.170e-03 -1.000 1.000e-03 9.766 14.873 13.282 11.645 10.519 9.201 7.962 7.401 7.145
0.01000 1.30e+10 0.3491368592    0.349 -1.857  3.5259  4.893    0  0.000  0.463     0.00     0.00 -1         0      0.00 7.000e-01 2.990e-01 1.100e-03 5.880e-04 3.170e-03 -1.000 1.000e-03 9.412 14.312 12.773 11.169 10.078 8.824 7.628 7.064 6.813
0.01000 1.30e+10 0.3500000238    0.350 -1.854  3.5260  4.893    0  0.000  0.463     0.00     0.00 -1         0      0.00 7.000e-01 2.990e-01 1.100e-03 5.880e-04 3.170e-03 -1.000 1.000e-03 9.406 14.303 12.765 11.162 10.071 8.818 7.622 7.058 6.808
0.01000 1.30e+10 0.4000000358    0.400 -1.705  3.5373  4.847    0  0.000  0.463     0.00     0.00 -1         0      0.00 7.000e-01 2.990e-01 1.100e-03 5.880e-04 3.170e-03 -1.000 1.000e-03 9.034 13.686 12.206 10.642 9.590 8.422 7.278 6.709 6.464
0.01000 1.30e+10 0.4500000179    0.450 -1.546  3.5509  4.792    0  0.000  0.463     0.00     0.00 -1  2.14e-15      0.00 7.000e-01 2.990e-01 1.100e-03 5.880e-04 3.170e-03 -1.000 1.000e-03 8.634 13.028 11.602 10.081 9.069 7.996 6.912 6.335 6.099
0.01000 1.30e+10 0.5000000000    0.500 -1.374  3.5689  4.738    0  0.000  0.463     0.00     0.00 -1         0      0.00 7.000e-01 2.990e-01 1.100e-03 5.880e-04 3.170e-03 -1.000 1.000e-03 8.204 12.323 10.941 9.469 8.503 7.544 6.529 5.940 5.717
0.01000 1.30e+10 0.5500000119    0.550 -1.178  3.5923  4.677    0  0.000  0.463     0.00     0.00 -1         0      0.00 7.000e-01 2.990e-01 1.100e-03 5.880e-04 3.170e-03 -1.000 9.999e-04 7.715 11.225 10.100 8.776 7.875 7.036 6.071 5.443 5.282
0.01000 1.30e+10 0.6000000238    0.600 -0.988  3.6216  4.642    0  0.000  0.463     0.00     0.00 -1         0      0.00 7.000e-01 2.990e-01 1.100e-03 5.880e-04 3.170e-03 -1.000 1.000e-03 7.239 10.222 9.218 8.010 7.222 6.572 5.702 5.011 4.899
0.01000 1.30e+10 0.6499999762    0.650 -0.793  3.6561  4.620    0  0.000  0.463     0.00     0.00 -1         0      0.00 7.000e-01 2.990e-01 1.100e-03 5.880e-04 3.170e-03 -1.000 1.000e-03 6.752 9.164 8.332 7.266 6.601 6.071 5.308 4.668 4.585
0.01000 1.30e+10 0.7000000477    0.700 -0.602  3.6877  4.588    0  0.000  0.463     0.00     0.00 -1         0      0.00 7.000e-01 2.990e-01 1.100e-03 5.880e-04 3.170e-03 -1.000 1.000e-03 6.275 8.135 7.537 6.593 6.036 5.577 4.926 4.385 4.320
0.01000 1.30e+10 0.7101790309    0.710 -0.563  3.6937  4.580    0  0.000  0.463     0.00     0.00 -1         0      0.00 7.000e-01 2.990e-01 1.100e-03 5.880e-04 3.170e-03 -1.000 1.000e-03 6.178 7.935 7.385 6.463 5.926 5.479 4.848 4.326 4.264
0.01000 1.30e+10 0.7241014242    0.724 -0.510  3.7018  4.567    0  0.000  0.463     0.00     0.00 -1         0      0.00 7.000e-01 2.990e-01 1.100e-03 5.880e-04 3.170e-03 -1.000 1.000e-03 6.044 7.670 7.184 6.293 5.778 5.347 4.743 4.244 4.186
0.01000 1.30e+10 0.7370777130    0.737 -0.460  3.7092  4.554    0  0.000  0.463     0.00     0.00 -1         0      0.00 7.000e-01 2.990e-01 1.100e-03 5.880e-04 3.170e-03 -1.000 1.000e-03 5.919 7.426 6.998 6.136 5.641 5.223 4.644 4.167 4.112
0.01000 1.30e+10 0.7492174506    0.749 -0.412  3.7160  4.541    0  0.000  0.463     0.00     0.00 -1         0      0.00 7.000e-01 2.990e-01 1.100e-03 5.880e-04 3.170e-03 -1.000 1.000e-03 5.801 7.203 6.829 5.993 5.515 5.109 4.551 4.093 4.041
0.01000 1.30e+10 0.7500000000    0.750 -0.409  3.7164  4.540    0  0.000  0.463     0.00     0.00 -1         0      0.00 7.000e-01 2.990e-01 1.100e-03 5.880e-04 3.170e-03 -1.000 1.000e-03 5.793 7.189 6.818 5.984 5.507 5.101 4.545 4.088 4.036
0.01000 1.30e+10 0.7567203045    0.757 -0.383  3.7197  4.531    0  0.000  0.463     0.00     0.00 -1         0      0.00 7.000e-01 2.990e-01 1.100e-03 5.880e-04 3.170e-03 -1.000 1.000e-03 5.728 7.073 6.727 5.906 5.438 5.038 4.492 4.045 3.994
0.01000 1.30e+10 0.7682821751    0.768 -0.338  3.7253  4.515    0  0.000  0.463     0.00     0.00 -1         0      0.00 7.000e-01 2.990e-01 1.100e-03 5.880e-04 3.170e-03 -1.000 1.000e-03 5.615 6.874 6.572 5.774 5.319 4.929 4.400 3.968 3.920
0.01000 1.30e+10 0.7794610858    0.779 -0.294  3.7306  4.498    0  0.000  0.463     0.00     0.00 -1         0      0.00 7.000e-01 2.990e-01 1.100e-03 5.880e-04 3.170e-03 -1.000 1.000e-03 5.504 6.687 6.424 5.648 5.205 4.823 4.311 3.892 3.846
0.01000 1.30e+10 0.7901586294    0.790 -0.251  3.7354  4.480    0  0.000  0.463     0.00     0.00 -1         0      0.00 7.000e-01 2.990e-01 1.100e-03 5.880e-04 3.170e-03 -1.000 1.000e-03 5.396 6.509 6.282 5.526 5.095 4.721 4.223 3.817 3.772
0.01000 1.30e+10 0.7978261113    0.797 -0.219  3.7388  4.466    0  0.000  0.463     0.00     0.00 -1         0      0.00 7.000e-01 2.990e-01 1.100e-03 5.880e-04 3.170e-03 -1.000 1.000e-03 5.318 6.383 6.180 5.439 5.014 4.646 4.159 3.761 3.717
0.01000 1.30e+10 0.7999594808    0.800 -0.210  3.7397  4.462    0  0.000  0.463     0.00     0.00 -1         0      0.00 7.000e-01 2.990e-01 1.100e-03 5.880e-04 3.170e-03 -1.000 1.000e-03 5.296 6.349 6.152 5.415 4.992 4.626 4.140 3.744 3.701
0.01000 1.30e+10 0.8093412519    0.809 -0.171  3.7435  4.442    0  0.000  0.463     0.00     0.00 -1         0      0.00 7.000e-01 2.990e-01 1.100e-03 5.880e-04 3.170e-03 -1.000 1.000e-03 5.197 6.202 6.029 5.308 4.893 4.532 4.058 3.671 3.629
0.01000 1.30e+10 0.8179746866    0.817 -0.133  3.7468  4.423    0  0.000  0.463     0.00     0.00 -1         0      0.00 7.000e-01 2.990e-01 1.100e-03 5.880e-04 3.170e-03 -1.000 1.000e-03 5.103 6.065 5.913 5.207 4.799 4.444 3.978 3.599 3.559
0.01000 1.30e+10 0.8264269829    0.826 -0.095  3.7499  4.402    0  0.000  0.463     0.00     0.00 -1         0      0.00 7.000e-01 2.990e-01 1.100e-03 5.880e-04 3.170e-03 -1.000 1.000e-03 5.009 5.930 5.798 5.106 4.705 4.354 3.898 3.526 3.487
0.01000 1.30e+10 0.8380105495    0.837 -0.042  3.7539  4.371    0  0.000  0.463     0.00     0.00 -1         0      0.00 7.000e-01 2.990e-01 1.100e-03 5.880e-04 3.170e-03 -1.000 1.000e-03 4.876 5.749 5.640 4.965 4.572 4.228 3.783 3.420 3.383
0.01000 1.30e+10 0.8456522226    0.845 -0.007  3.7562  4.348    0  0.000  0.463     0.00     0.00 -1         0      0.00 7.000e-01 2.990e-01 1.100e-03 5.880e-04 3.170e-03 -1.000 1.000e-03 4.787 5.634 5.537 4.872 4.484 4.143 3.704 3.347 3.310
0.01000 1.30e+10 0.8481560349    0.847  0.005  3.7568  4.340    0  0.000  0.463     0.00     0.00 -1         0      0.00 7.000e-01 2.990e-01 1.100e-03 5.880e-04 3.170e-03 -1.000 1.000e-03 4.758 5.597 5.503 4.841 4.455 4.115 3.677 3.322 3.285
0.01000 1.30e+10 0.8569628000    0.856  0.048  3.7588  4.310    0  0.000  0.463     0.00     0.00 -1         0      0.00 7.000e-01 2.990e-01 1.100e-03 5.880e-04 3.170e-03 -1.000 1.000e-03 4.651 5.469 5.384 4.731 4.349 4.012 3.580 3.228 3.193
0.01000 1.30e+10 0.8647321463    0.864  0.087  3.7602  4.280    0  0.000  0.463     0.00     0.00 -1         0      0.00 7.000e-01 2.990e-01 1.100e-03 5.880e-04 3.170e-03 -1.000 1.000e-03 4.553 5.354 5.277 4.630 4.251 3.916 3.488 3.140 3.105
0.01000 1.30e+10 0.8662484884    0.865  0.095  3.7605  4.274    0  0.000  0.463     0.00     0.00 -1         0      0.00 7.000e-01 2.990e-01 1.100e-03 5.880e-04 3.170e-03 -1.000 1.000e-03 4.533 5.331 5.255 4.610 4.231 3.897 3.470 3.122 3.087
0.01000 1.30e+10 0.8690468669    0.868  0.110  3.7608  4.262    0  0.000  0.463     0.00     0.00 -1         0      0.00 7.000e-01 2.990e-01 1.100e-03 5.880e-04 3.170e-03 -1.000 1.000e-03 4.496 5.290 5.216 4.572 4.194 3.860 3.434 3.087 3.052
0.01000 1.30e+10 0.8760387897    0.875  0.148  3.7612  4.229    0  0.000  0.463     0.00     0.00 -1         0      0.00 7.000e-01 2.990e-01 1.100e-03 5.880e-04 3.170e-03 -1.000 1.000e-03 4.400 5.190 5.116 4.475 4.098 3.765 3.340 2.994 2.959
0.01000 1.30e+10 0.8839944601    0.883  0.194  3.7606  4.184    0  0.000  0.463     0.00     0.00 -1         0      0.00 7.000e-01 2.990e-01 1.100e-03 5.880e-04 3.170e-03 -1.000 1.000e-03 4.285 5.082 5.004 4.361 3.983 3.649 3.222 2.875 2.840
0.01000 1.30e+10 0.8901703954    0.889  0.232  3.7589  4.143    0  0.000  0.463     0.00     0.00 -1         0      0.00 7.000e-01 2.990e-01 1.100e-03 5.880e-04 3.170e-03 -1.000 1.000e-03 4.191 5.007 4.920 4.270 3.889 3.553 3.120 2.770 2.734
0.01000 1.30e+10 0.8915464282    0.890  0.240  3.7582  4.132    0  0.000  0.463     0.00     0.00 -1         0      0.00 7.000e-01 2.990e-01 1.100e-03 5.880e-04 3.170e-03 -1.000 1.000e-03 4.170 4.992 4.902 4.250 3.867 3.530 3.096 2.744 2.708
0.01000 1.30e+10 0.8934782743    0.892  0.252  3.7566  4.114    0  0.000  0.463     0.00     0.00 -1         0      0.00 7.000e-01 2.990e-01 1.100e-03 5.880e-04 3.170e-03 -1.000 1.000e-03 4.139 4.980 4.881 4.222 3.836 3.496 3.058 2.702 2.666
0.01000 1.30e+10 0.8987624645    0.897  0.286  3.7518  4.064    0  0.000  0.463     0.00     0.00 -1         0      0.00 7.000e-01 2.990e-01 1.100e-03 5.880e-04 3.170e-03 -1.000 1.000e-03 4.054 4.949 4.825 4.146 3.751 3.403 2.952 2.585 2.547
0.01000 1.30e+10 0.9037458301    0.902  0.314  3.7409  3.994    0  0.000  0.463     0.00     0.00 -1         0      0.00 7.000e-01 2.990e-01 1.100e-03 5.880e-04 3.170e-03 -1.000 1.000e-03 3.984 5.012 4.825 4.098 3.682 3.317 2.834 2.442 2.400
0.01000 1.30e+10 0.9066287875    0.905  0.328  3.7295  3.937    0  0.000  0.463     0.00     0.00 -1         0      0.00 7.000e-01 2.990e-01 1.100e-03 5.880e-04 3.170e-03 -1.000 1.000e-03 3.950 5.135 4.873 4.094 3.654 3.271 2.754 2.333 2.287
0.01000 1.30e+10 0.9085969329    0.907  0.342  3.7189  3.881    0  0.000  0.463     0.00     0.00 -1         0      0.00 7.000e-01 2.990e-01 1.100e-03 5.880e-04 3.170e-03 -1.000 1.000e-03 3.915 5.254 4.916 4.091 3.628 3.227 2.677 2.228 2.178
0.01000 1.30e+10 0.9103887081    0.909  0.371  3.7092  3.814    0  0.000  0.463     0.00     0.00 -1         0      0.00 7.000e-01 2.990e-01 1.100e-03 5.880e-04 3.170e-03 -1.000 1.000e-03 3.841 5.328 4.919 4.051 3.566 3.148 2.567 2.091 2.038
0.01000 1.30e+10 0.9117372036    0.910  0.410  3.7033  3.752    0  0.000  0.463     0.00     0.00 -1         0      0.00 7.000e-01 2.990e-01 1.100e-03 5.880e-04 3.170e-03 -1.000 1.000e-03 3.744 5.325 4.870 3.977 3.478 3.049 2.448 1.956 1.900
0.01000 1.30e+10 0.9119315147    0.910  0.417  3.7026  3.742    0  0.000  0.463     0.00     0.00 -1         0      0.00 7.000e-01 2.990e-01 1.100e-03 5.880e-04 3.170e-03 -1.000 1.000e-03 3.727 5.319 4.858 3.962 3.462 3.032 2.428 1.934 1.877
0.01000 1.30e+10 0.9126229882    0.911  0.446  3.7005  3.705    0  0.000  0.463     0.00     0.00 -1         0      0.00 7.000e-01 2.990e-01 1.100e-03 5.880e-04 3.170e-03 -1.000 1.000e-03 3.655 5.281 4.804 3.899 3.393 2.960 2.349 1.848 1.791
0.01000 1.30e+10 0.9136129022    0.912  0.493  3.6981  3.649    0  0.000  0.463     0.00     0.00 -1         0      0.00 7.000e-01 2.990e-01 1.100e-03 5.880e-04 3.170e-03 -1.000 1.000e-03 3.536 5.200 4.706 3.789 3.278 2.841 2.222 1.714 1.656
0.01000 1.30e+10 0.9144331813    0.913  0.538  3.6965  3.598    0  0.000  0.463     0.00     0.00 -1         0      0.00 7.000e-01 2.990e-01 1.100e-03 5.880e-04 3.170e-03 -1.000 1.000e-03 3.425 5.114 4.607 3.683 3.169 2.729 2.105 1.593 1.534
0.01000 1.30e+10 0.9151386023    0.913  0.580  3.6953  3.552    0  0.000  0.463     0.00     0.00 -1         0      0.00 7.000e-01 2.990e-01 1.100e-03 5.880e-04 3.170e-03 -1.000 1.000e-03 3.320 5.028 4.513 3.583 3.066 2.624 1.996 1.481 1.422
0.01000 1.30e+10 0.9158111215    0.914  0.623  3.6943  3.505    0  0.000  0.463     0.00     0.00 -1         0      0.00 7.000e-01 2.990e-01 1.100e-03 5.880e-04 3.170e-03 -1.000 1.000e-03 3.212 4.937 4.415 3.480 2.961 2.517 1.885 1.367 1.307
0.01000 1.30e+10 0.9164620042    0.915  0.668  3.6933  3.456    0  0.000  0.463     0.00     0.00 -1         0      0.00 7.000e-01 2.990e-01 1.100e-03 5.880e-04 3.170e-03 -1.000 1.000e-03 3.100 4.843 4.312 3.372 2.851 2.404 1.769 1.248 1.188
0.01000 1.30e+10 0.9170721173    0.915  0.714  3.6922  3.407    0  0.000  0.463     0.00     0.00 -1         0      0.00 7.000e-01 2.990e-01 1.100e-03 5.880e-04 3.170e-03 -1.000 1.000e-03 2.986 4.748 4.208 3.262 2.739 2.291 1.651 1.128 1.067
0.01000 1.30e+10 0.9175966382    0.916  0.756  3.6913  3.361    0  0.000  0.463     0.00     0.00 -1         0      0.00 7.000e-01 2.990e-01 1.100e-03 5.880e-04 3.170e-03 -1.000 1.000e-03 2.880 4.660 4.111 3.161 2.636 2.185 1.542 1.016 0.955
0.01000 1.30e+10 0.9180972576    0.916  0.799  3.6902  3.313    0  0.000  0.463     0.00     0.00 -1         0      0.00 7.000e-01 2.990e-01 1.100e-03 5.880e-04 3.170e-03 -1.000 1.000e-03 2.772 4.571 4.013 3.057 2.529 2.077 1.430 0.901 0.840
0.01000 1.30e+10 0.9185664058    0.916  0.844  3.6890  3.265    0  0.000  0.463     0.00     0.00 -1         0      0.00 7.000e-01 2.990e-01 1.100e-03 5.880e-04 3.170e-03 -1.000 1.000e-03 2.661 4.482 3.913 2.952 2.421 1.967 1.316 0.783 0.721
0.01000 1.30e+10 0.9189707041    0.917  0.884  3.6879  3.219    0  0.000  0.463     0.00     0.00 -1         0      0.00 7.000e-01 2.990e-01 1.100e-03 5.880e-04 3.170e-03 -1.000 1.000e-03 2.559 4.400 3.822 2.854 2.321 1.864 1.210 0.674 0.612
0.01000 1.30e+10 0.9193614721    0.917  0.927  3.6867  3.172    0  0.000  0.463     0.00     0.00 -1         0      0.00 7.000e-01 2.990e-01 1.100e-03 5.880e-04 3.170e-03 -1.000 1.000e-03 2.452 4.315 3.727 2.753 2.217 1.758 1.099 0.560 0.497
0.01000 1.30e+10 0.9197221994    0.917  0.970  3.6853  3.124    0  0.000  0.463     0.00     0.00 -1         0      0.00 7.000e-01 2.990e-01 1.100e-03 5.880e-04 3.170e-03 -1.000 1.000e-03 2.345 4.233 3.632 2.651 2.112 1.651 0.987 0.444 0.380
0.01000 1.30e+10 0.9200419188    0.918  1.011  3.6839  3.077    0  0.000  0.463     0.00     0.00 -1         0      0.00 7.000e-01 2.990e-01 1.100e-03 5.880e-04 3.170e-03 -1.000 1.000e-03 2.242 4.155 3.543 2.555 2.013 1.549 0.880 0.333 0.269
0.01000 1.30e+10 0.9203411341    0.918  1.053  3.6825  3.030    0  0.000  0.463     0.00     0.00 -1         0      0.00 7.000e-01 2.990e-01 1.100e-03 5.880e-04 3.170e-03 -1.000 1.000e-03 2.138 4.076 3.452 2.456 1.911 1.445 0.771 0.220 0.155
0.01000 1.30e+10 0.9206169248    0.918  1.095  3.6809  2.982    0  0.000  0.463     0.00     0.00 -1         0      0.00 7.000e-01 2.990e-01 1.100e-03 5.880e-04 3.170e-03 -1.000 1.000e-03 2.034 4.000 3.363 2.360 1.811 1.342 0.662 0.106 0.040
0.01000 1.30e+10 0.9208605289    0.918  1.134  3.6794  2.936    0  0.000  0.463     0.00     0.00 -1         0      0.00 7.000e-01 2.990e-01 1.100e-03 5.880e-04 3.170e-03 -1.000 1.000e-03 1.934 3.930 3.280 2.269 1.716 1.243 0.558 -0.002 -0.069
0.01000 1.30e+10 0.9210861325    0.919  1.174  3.6778  2.890    0  0.000  0.463     0.00     0.00 -1         0      0.00 7.000e-01 2.990e-01 1.100e-03 5.880e-04 3.170e-03 -1.000 1.000e-03 1.835 3.861 3.197 2.179 1.621 1.146 0.454 -0.110 -0.178
0.01000 1.30e+10 0.9213494062    0.919  1.224  3.6757  2.832    0  0.000  0.463     0.00     0.00 -1         0      0.00 7.000e-01 2.990e-01 1.100e-03 5.880e-04 3.170e-03 -1.000 1.000e-03 1.709 3.776 3.094 2.064 1.501 1.021 0.322 -0.248 -0.318
0.01000 1.30e+10 0.9215394855    0.919  1.264  3.6739  2.785    0  0.000  0.463     0.00     0.00 -1         0      0.00 7.000e-01 2.990e-01 1.100e-03 5.880e-04 3.170e-03 -1.000 1.000e-03 1.610 3.710 3.013 1.974 1.407 0.924 0.218 -0.357 -0.428
0.01000 1.30e+10 0.9217699170    0.919  1.316  3.6716  2.724    0  0.000  0.463     0.00     0.00 -1         0      0.00 7.000e-01 2.990e-01 1.100e-03 5.880e-04 3.170e-03 -1.000 1.000e-03 1.481 3.625 2.908 1.857 1.284 0.796 0.081 -0.500 -0.573
0.01000 1.30e+10 0.9219704866    0.919  1.365  3.6692  2.666    0  0.000  0.463     0.00     0.00 -1         0      0.00 7.000e-01 2.990e-01 1.100e-03 5.880e-04 3.170e-03 -1.000 1.000e-03 1.359 3.547 2.810 1.747 1.168 0.675 -0.048 -0.636 -0.710
0.01000 1.30e+10 0.9221627116    0.919  1.415  3.6668  2.606    0  0.000  0.463     0.00     0.00 -1         0      0.00 7.000e-01 2.990e-01 1.100e-03 5.880e-04 3.170e-03 -1.000 1.000e-03 1.232 3.468 2.710 1.634 1.049 0.552 -0.181 -0.776 -0.852
0.01000 1.30e+10 0.9223401546    0.919  1.463  3.6643  2.547    0  0.000  0.463     0.00     0.00 -1         0      0.00 7.000e-01 2.990e-01 1.100e-03 5.880e-04 3.170e-03 -1.000 1.000e-03 1.111 3.395 2.615 1.528 0.936 0.433 -0.309 -0.911 -0.989
0.01000 1.30e+10 0.9225335717    0.919  1.510  3.6620  2.491    0  0.000  0.463     0.00     0.00 -1         0      0.00 7.000e-01 2.990e-01 1.100e-03 5.880e-04 3.170e-03 -1.000 1.000e-03 0.995 3.325 2.525 1.426 0.827 0.320 -0.431 -1.040 -1.120
0.01000 1.30e+10 0.9226637483    0.919  1.529  3.6611  2.469    0  0.000  0.463     0.00     0.00 -1         0      0.00 7.000e-01 2.990e-01 1.100e-03 5.880e-04 3.170e-03 -1.000 1.000e-03 0.948 3.296 2.488 1.384 0.782 0.274 -0.481 -1.092 -1.173
0.01000 1.30e+10 0.9227522016    0.919  1.511  3.6624  2.492    0  0.000  0.463     0.00     0.00 -1         0      0.00 7.000e-01 2.990e-01 1.100e-03 5.880e-04 3.170e-03 -1.000 1.000e-03 0.994 3.316 2.519 1.422 0.824 0.318 -0.432 -1.039 -1.119
0.01000 1.30e+10 0.9228610992    0.919  1.483  3.6643  2.528    0  0.000  0.463     0.00     0.00 -1         0      0.00 7.000e-01 2.990e-01 1.100e-03 5.880e-04 3.170e-03 -1.000 1.000e-03 1.063 3.349 2.568 1.480 0.887 0.385 -0.357 -0.959 -1.037
0.01000 1.30e+10 0.9228918552    0.919  1.471  3.6651  2.542    0  0.000  0.463     0.00     0.00 -1         0      0.00 7.000e-01 2.990e-01 1.100e-03 5.880e-04 3.170e-03 -1.000 1.000e-03 1.092 3.364 2.589 1.504 0.914 0.413 -0.326 -0.926 -1.003
0.01000 1.30e+10 0.9230136275    0.919  1.515  3.6628  2.490    0  0.000  0.463     0.00     0.00 -1         0      0.00 7.000e-01 2.990e-01 1.100e-03 5.880e-04 3.170e-03 -1.000 1.000e-03 0.984 3.301 2.506 1.410 0.813 0.307 -0.441 -1.047 -1.127
0.01000 1.30e+10 0.9231507778    0.919  1.565  3.6600  2.428    0  0.000  0.463     0.00     0.00 -1         0      0.00 7.000e-01 2.990e-01 1.100e-03 5.880e-04 3.170e-03 -1.000 1.000e-03 0.858 3.234 2.412 1.301 0.696 0.185 -0.575 -1.188 -1.270
0.01000 1.30e+10 0.9232742786    0.919  1.613  3.6573  2.369    0  0.000  0.463     0.00     0.00 -1         0      0.00 7.000e-01 2.990e-01 1.100e-03 5.880e-04 3.170e-03 -1.000 1.000e-03 0.737 3.171 2.322 1.196 0.584 0.067 -0.703 -1.324 -1.408
0.01000 1.30e+10 0.9233891368    0.919  1.662  3.6545  2.310    0  0.000  0.463     0.00     0.00 -1         0      0.00 7.000e-01 2.990e-01 1.100e-03 5.880e-04 3.170e-03 -1.000 1.000e-03 0.616 3.110 2.233 1.092 0.472 -0.051 -0.832 -1.460 -1.547
0.01000 1.30e+10 0.9234949946    0.919  1.710  3.6516  2.250    0  0.000  0.463     0.00     0.00 -1         0      0.00 7.000e-01 2.990e-01 1.100e-03 5.880e-04 3.170e-03 -1.000 1.000e-03 0.495 3.055 2.148 0.992 0.363 -0.167 -0.960 -1.596 -1.686
0.01000 1.30e+10 0.9235900640    0.919  1.757  3.6488  2.191    0  0.000  0.463     0.00     0.00 -1         0      0.00 7.000e-01 2.990e-01 1.100e-03 5.880e-04 3.170e-03 -1.000 1.000e-03 0.377 3.005 2.067 0.895 0.256 -0.280 -1.085 -1.730 -1.822
0.01000 1.30e+10 0.9236786366    0.918  1.805  3.6458  2.131    0  0.000  0.463     0.00     0.00 -1         0      0.00 7.000e-01 2.990e-01 1.100e-03 5.880e-04 3.170e-03 -1.000 1.000e-03 0.257 2.956 1.985 0.797 0.149 -0.395 -1.213 -1.865 -1.961
0.01000 1.30e+10 0.9237565994    0.918  1.852  3.6430  2.073    0  0.000  0.463     0.00     0.00 -1         0      0.00 7.000e-01 2.990e-01 1.100e-03 5.880e-04 3.170e-03 -1.000 1.000e-03 0.141 2.909 1.906 0.703 0.045 -0.506 -1.335 -1.996 -2.095
0.01000 1.30e+10 0.9238283038    0.918  1.898  3.6400  2.015    0  0.000  0.463     0.00     0.00 -1         0      0.00 7.000e-01 2.990e-01 1.100e-03 5.880e-04 3.170e-03 -1.000 1.000e-03 0.026 2.866 1.830 0.609 -0.058 -0.616 -1.458 -2.127 -2.229
0.01000 1.30e+10 0.9238929152    0.918  1.943  3.6372  1.959    0  0.000  0.463     0.00     0.00 -1         0      0.00 7.000e-01 2.990e-01 1.100e-03 5.880e-04 3.170e-03 -1.000 1.000e-03 -0.087 2.832 1.759 0.521 -0.157 -0.723 -1.577 -2.253 -2.359
0.01000 1.30e+10 0.9239528179    0.917  1.988  3.6341  1.901    0  0.000  0.463     0.00     0.00 -1         0      0.00 7.000e-01 2.990e-01 1.100e-03 5.880e-04 3.170e-03 -1.000 1.000e-03 -0.200 2.804 1.690 0.434 -0.255 -0.831 -1.698 -2.382 -2.491
0.01000 1.30e+10 0.9240075946    0.917  2.033  3.6311  1.843    0  0.000  0.463     0.00     0.00 -1         0      0.00 7.000e-01 2.990e-01 1.100e-03 5.880e-04 3.170e-03 -1.000 1.000e-03 -0.313 2.778 1.622 0.347 -0.354 -0.938 -1.818 -2.510 -2.623
0.01000 1.30e+10 0.9240566492    0.917  2.077  3.6281  1.787    0  0.000  0.463     0.00     0.00 -1         0      0.00 7.000e-01 2.990e-01 1.100e-03 5.880e-04 3.170e-03 -1.000 1.000e-03 -0.423 2.755 1.557 0.263 -0.449 -1.042 -1.935 -2.635 -2.752
0.01000 1.30e+10 0.9241019487    0.916  2.122  3.6250  1.731    0  0.000  0.463     0.00     0.00 -1         0      0.00 7.000e-01 2.990e-01 1.100e-03 5.880e-04 3.170e-03 -1.000 1.000e-03 -0.534 2.735 1.494 0.180 -0.544 -1.146 -2.053 -2.760 -2.882
0.01000 1.30e+10 0.9241434336    0.916  2.165  3.6220  1.674    0  0.000  0.463     0.00     0.00 -1         0      0.00 7.000e-01 2.990e-01 1.100e-03 5.880e-04 3.170e-03 -1.000 1.000e-03 -0.644 2.717 1.432 0.100 -0.636 -1.248 -2.169 -2.885 -3.011
0.01000 1.30e+10 0.9241804481    0.915  2.208  3.6190  1.620    0  0.000  0.463     0.00     0.00 -1         0      0.00 7.000e-01 2.990e-01 1.100e-03 5.880e-04 3.170e-03 -1.000 1.000e-03 -0.750 2.705 1.376 0.025 -0.724 -1.347 -2.281 -3.006 -3.136
0.01000 1.30e+10 0.9242151976    0.915  2.251  3.6159  1.564    0  0.000  0.463     0.00     0.00 -1         0      0.00 7.000e-01 2.990e-01 1.100e-03 5.880e-04 3.170e-03 -1.000 1.000e-03 -0.857 2.693 1.319 -0.052 -0.813 -1.447 -2.395 -3.128 -3.262
0.01000 1.30e+10 0.9242465496    0.914  2.292  3.6129  1.510    0  0.000  0.463     0.00     0.00 -1         0      0.00 7.000e-01 2.990e-01 1.100e-03 5.880e-04 3.170e-03 -1.000 1.000e-03 -0.961 2.684 1.264 -0.126 -0.900 -1.544 -2.506 -3.247 -3.386
0.01000 1.30e+10 0.9242752790    0.913  2.334  3.6098  1.456    0  0.000  0.463     0.00     0.00 -1         0      0.00 7.000e-01 2.990e-01 1.100e-03 5.880e-04 3.170e-03 -1.000 1.000e-03 -1.065 2.681 1.215 -0.195 -0.981 -1.639 -2.616 -3.365 -3.509
0.01000 1.30e+10 0.9243022203    0.913  2.375  3.6068  1.402    0  0.000  0.463     0.00     0.00 -1         0      0.00 7.000e-01 2.990e-01 1.100e-03 5.880e-04 3.170e-03 -1.000 1.000e-03 -1.169 2.679 1.167 -0.263 -1.063 -1.735 -2.726 -3.485 -3.633
0.01000 1.30e+10 0.9243260622    0.912  2.415  3.6037  1.350    0  0.000  0.463     0.00     0.00 -1         0      0.00 7.000e-01 2.990e-01 1.100e-03 5.880e-04 3.170e-03 -1.000 1.000e-03 -1.268 2.681 1.123 -0.326 -1.139 -1.826 -2.832 -3.599 -3.752
0.01000 1.30e+10 0.9243489504    0.911  2.456  3.6005  1.296    0  0.000  0.463     0.00     0.00 -1         0      0.00 7.000e-01 2.990e-01 1.100e-03 5.880e-04 3.170e-03 -1.000 1.000e-03 -1.370 2.687 1.079 -0.390 -1.218 -1.920 -2.941 -3.717 -3.875
0.01000 1.30e+10 0.9243692756    0.910  2.495  3.5976  1.244    0  0.000  0.463     0.00     0.00 -1         0      0.00 7.000e-01 2.990e-01 1.100e-03 5.880e-04 3.170e-03 -1.000 1.000e-03 -1.468 2.689 1.037 -0.452 -1.293 -2.009 -3.046 -3.830 -3.992
0.01000 1.30e+10 0.9243879318    0.909  2.534  3.5945  1.193    0  0.000  0.463     0.00     0.00 -1         0      0.00 7.000e-01 2.990e-01 1.100e-03 5.880e-04 3.170e-03 -1.000 1.000e-03 -1.564 2.692 1.001 -0.504 -1.359 -2.096 -3.148 -3.942 -4.108
0.01000 1.30e+10 0.9244056344    0.908  2.573  3.5912  1.140    0  0.000  0.463     0.00     0.00 -1         0      0.00 7.000e-01 2.990e-01 1.100e-03 5.880e-04 3.170e-03 -1.000 1.000e-03 -1.662 2.698 0.966 -0.556 -1.426 -2.184 -3.253 -4.056 -4.227
0.01000 1.30e+10 0.9244215488    0.907  2.611  3.5882  1.090    0  0.000  0.463     0.00     0.00 -1         0      0.00 7.000e-01 2.990e-01 1.100e-03 5.880e-04 3.170e-03 -1.000 1.000e-03 -1.757 2.703 0.933 -0.607 -1.491 -2.268 -3.354 -4.165 -4.342
0.01000 1.30e+10 0.9244363308    0.906  2.648  3.5850  1.039    0  0.000  0.463     0.00     0.00 -1         0      0.00 7.000e-01 2.990e-01 1.100e-03 5.880e-04 3.170e-03 -1.000 1.000e-03 -1.850 2.713 0.902 -0.655 -1.554 -2.352 -3.454 -4.275 -4.456
0.01000 1.30e+10 0.9244500399    0.905  2.685  3.5818  0.989    0  0.000  0.463     0.00     0.00 -1         0      0.00 7.000e-01 2.990e-01 1.100e-03 5.880e-04 3.170e-03 -1.000 1.000e-03 -1.942 2.719 0.878 -0.693 -1.609 -2.433 -3.553 -4.383 -4.569
0.01000 1.30e+10 0.9244655967    0.903  2.729  3.5779  0.928    0  0.000  0.463     0.00     0.00 -1         0      0.00 7.000e-01 2.990e-01 1.100e-03 5.880e-04 3.170e-03 -1.000 1.000e-03 -2.054 2.732 0.856 -0.732 -1.669 -2.530 -3.674 -4.514 -4.705
0.01000 1.30e+10 0.9244795442    0.902  2.772  3.5740  0.869    0  0.000  0.463     0.00     0.00 -1         0      0.00 7.000e-01 2.990e-01 1.100e-03 5.880e-04 3.170e-03 -1.000 1.000e-03 -2.160 2.747 0.837 -0.768 -1.726 -2.623 -3.790 -4.639 -4.837
0.01000 1.30e+10 0.9244923592    0.900  2.814  3.5702  0.811    0  0.000  0.463     0.00     0.00 -1         0      0.00 7.000e-01 2.990e-01 1.100e-03 5.880e-04 3.170e-03 -1.000 1.000e-03 -2.265 2.765 0.821 -0.801 -1.781 -2.714 -3.904 -4.763 -4.967
0.01000 1.30e+10 0.9245041609    0.898  2.856  3.5662  0.752    0  0.000  0.463     0.00     0.00 -1         0      0.00 7.000e-01 2.990e-01 1.100e-03 5.880e-04 3.170e-03 -1.000 1.000e-03 -2.369 2.774 0.821 -0.809 -1.814 -2.799 -4.018 -4.886 -5.097
0.01000 1.30e+10 0.9245148897    0.896  2.896  3.5623  0.696    0  0.000  0.463     0.00     0.00 -1         0      0.00 7.000e-01 2.990e-01 1.100e-03 5.880e-04 3.170e-03 -1.000 1.000e-03 -2.469 2.784 0.823 -0.813 -1.845 -2.881 -4.129 -5.006 -5.222
0.01000 1.30e+10 0.9245247841    0.893  2.935  3.5583  0.640    0  0.000  0.463     0.00     0.00 -1         0      0.00 7.000e-01 2.990e-01 1.100e-03 5.880e-04 3.170e-03 -1.000 1.000e-03 -2.567 2.796 0.828 -0.816 -1.874 -2.961 -4.237 -5.123 -5.346
0.01000 1.30e+10 0.9245339036    0.891  2.973  3.5545  0.584    0  0.000  0.463     0.00     0.00 -1         0      0.00 7.000e-01 2.990e-01 1.100e-03 5.880e-04 3.170e-03 -1.000 1.000e-03 -2.663 2.805 0.842 -0.803 -1.891 -3.035 -4.343 -5.238 -5.466
0.01000 1.30e+10 0.9245423675    0.888  3.011  3.5506  0.530    0  0.000  0.463     0.00     0.00 -1         0      0.00 7.000e-01 2.990e-01 1.100e-03 5.880e-04 3.170e-03 -1.000 1.000e-03 -2.757 2.810 0.872 -0.766 -1.891 -3.101 -4.449 -5.350 -5.585
0.01000 1.30e+10 0.9245501757    0.885  3.047  3.5467  0.476    0  0.000  0.463     0.00     0.00 -1         0      0.00 7.000e-01 2.990e-01 1.100e-03 5.880e-04 3.170e-03 -1.000 1.000e-03 -2.849 2.818 0.907 -0.724 -1.887 -3.165 -4.552 -5.461 -5.702
0.01000 1.30e+10 0.9245573282    0.882  3.083  3.5429  0.424    0  0.000  0.463     0.00     0.00 -1         0      0.00 7.000e-01 2.990e-01 1.100e-03 5.880e-04 3.170e-03 -1.000 1.000e-03 -2.937 2.828 0.948 -0.678 -1.879 -3.226 -4.652 -5.567 -5.815
0.01000 1.30e+10 0.9245640635    0.879  3.118  3.5389  0.372    0  0.000  0.463     0.00     0.00 -1         0      0.00 7.000e-01 2.990e-01 1.100e-03 5.880e-04 3.170e-03 -1.000 1.000e-03 -3.024 2.835 1.011 -0.599 -1.852 -3.272 -4.753 -5.673 -5.927
0.01000 1.30e+10 0.9245702028    0.875  3.151  3.5351  0.322    0  0.000  0.463     0.00     0.00 -1         0      0.00 7.000e-01 2.990e-01 1.100e-03 5.880e-04 3.170e-03 -1.000 1.000e-03 -3.108 2.841 1.080 -0.512 -1.819 -3.311 -4.850 -5.774 -6.034
0.01000 1.30e+10 0.9245759845    0.872  3.184  3.5313  0.272    0  0.000  0.463     0.00     0.00 -1         0      0.00 7.000e-01 2.990e-01 1.100e-03 5.880e-04 3.170e-03 -1.000 1.000e-03 -3.190 2.849 1.153 -0.420 -1.782 -3.348 -4.944 -5.874 -6.141
0.01000 1.30e+10 0.9245813489    0.868  3.216  3.5275  0.223    0  0.000  0.463     0.00     0.00 -1         0      0.00 7.000e-01 2.990e-01 1.100e-03 5.880e-04 3.170e-03 -1.000 1.000e-03 -3.270 2.859 1.232 -0.321 -1.740 -3.379 -5.037 -5.971 -6.244
0.01000 1.30e+10 0.9245864749    0.863  3.248  3.5237  0.173    0  0.000  0.463     0.00     0.00 -1         0      0.00 7.000e-01 2.990e-01 1.100e-03 5.880e-04 3.170e-03 -1.000 1.000e-03 -3.349 2.865 1.338 -0.184 -1.677 -3.385 -5.130 -6.067 -6.347
0.01000 1.30e+10 0.9245912433    0.859  3.278  3.5199  0.125    0  0.000  0.463     0.00     0.00 -1         0      0.00 7.000e-01 2.990e-01 1.100e-03 5.880e-04 3.170e-03 -1.000 1.000e-03 -3.426 2.872 1.445 -0.045 -1.612 -3.388 -5.219 -6.160 -6.447
0.01000 1.30e+10 0.9245957136    0.854  3.308  3.5161  0.078    0  0.000  0.463     0.00     0.00 -1         0      0.00 7.000e-01 2.990e-01 1.100e-03 5.880e-04 3.170e-03 -1.000 1.000e-03 -3.501 2.881 1.554 0.095 -1.546 -3.390 -5.307 -6.251 -6.545
0.01000 1.30e+10 0.9246000648    0.848  3.338  3.5124  0.030    0  0.000  0.463     0.00     0.00 -1         0      0.00 7.000e-01 2.990e-01 1.100e-03 5.880e-04 3.170e-03 -1.000 1.000e-03 -3.576 2.888 1.668 0.244 -1.476 -3.382 -5.394 -6.341 -6.642
0.01000 1.30e+10 0.9246048331    0.841  3.371  3.5083 -0.024    0  0.000  0.463     0.00     0.00 -1         0      0.00 7.000e-01 2.990e-01 1.100e-03 5.880e-04 3.170e-03 -1.000 1.000e-03 -3.659 2.890 1.801 0.422 -1.392 -3.360 -5.492 -6.441 -6.749
0.01000 1.30e+10 0.9246087074    0.830  1.676  3.6797  2.352    4  0.000  0.463     0.00     0.00 -1         0      0.00 7.000e-01 2.990e-01 1.100e-03 5.880e-04 3.170e-03 -1.000 1.000e-03 0.580 2.644 1.941 0.904 0.354 -0.117 -0.801 -1.352 -1.420
0.01000 1.30e+10 0.9246771336    0.830  1.685  3.6791  2.341    4  0.000  0.463     0.00     0.00 -1         0      0.00 7.000e-01 2.990e-01 1.100e-03 5.880e-04 3.170e-03 -1.000 1.000e-03 0.558 2.633 1.925 0.885 0.333 -0.138 -0.825 -1.378 -1.446
0.01000 1.30e+10 0.9247458577    0.830  1.688  3.6790  2.337    4  0.000  0.463     0.00     0.00 -1         0      0.00 7.000e-01 2.990e-01 1.100e-03 5.880e-04 3.170e-03 -1.000 1.000e-03 0.549 2.628 1.918 0.878 0.325 -0.147 -0.834 -1.387 -1.455
0.01000 1.30e+10 0.9248089194    0.831  1.688  3.6792  2.338    4  0.000  0.463     0.00     0.00 -1         0      0.00 7.000e-01 2.990e-01 1.100e-03 5.880e-04 3.170e-03 -1.000 1.000e-03 0.549 2.623 1.916 0.876 0.324 -0.147 -0.833 -1.386 -1.453
0.01000 1.30e+10 0.9248725772    0.831  1.686  3.6797  2.342    4  0.000  0.463     0.00     0.00 -1         0      0.00 7.000e-01 2.990e-01 1.100e-03 5.880e-04 3.170e-03 -1.000 1.000e-03 0.554 2.620 1.915 0.878 0.327 -0.143 -0.827 -1.379 -1.446
0.01000 1.30e+10 0.9249376655    0.831  1.684  3.6803  2.347    4  0.000  0.463     0.00     0.00 -1         0      0.00 7.000e-01 2.990e-01 1.100e-03 5.880e-04 3.170e-03 -1.000 1.000e-03 0.560 2.616 1.916 0.882 0.332 -0.137 -0.819 -1.369 -1.435
0.01000 1.30e+10 0.9250013828    0.831  1.681  3.6809  2.352    4  0.000  0.463     0.00     0.00 -1         0      0.00 7.000e-01 2.990e-01 1.100e-03 5.880e-04 3.170e-03 -1.000 1.000e-03 0.568 2.612 1.917 0.885 0.338 -0.130 -0.810 -1.358 -1.424
0.01000 1.30e+10 0.9250662923    0.831  1.678  3.6815  2.357    4  0.000  0.463     0.00     0.00 -1         0      0.00 7.000e-01 2.990e-01 1.100e-03 5.880e-04 3.170e-03 -1.000 1.000e-03 0.575 2.608 1.918 0.889 0.343 -0.123 -0.801 -1.347 -1.413
0.01000 1.30e+10 0.9251304269    0.831  1.675  3.6821  2.363    4  0.000  0.463     0.00     0.00 -1         0      0.00 7.000e-01 2.990e-01 1.100e-03 5.880e-04 3.170e-03 -1.000 1.000e-03 0.582 2.605 1.919 0.893 0.349 -0.117 -0.792 -1.337 -1.402
0.01000 1.30e+10 0.9251962900    0.831  1.673  3.6826  2.367    4  0.000  0.463     0.00     0.00 -1         0      0.00 7.000e-01 2.990e-01 1.100e-03 5.880e-04 3.170e-03 -1.000 1.000e-03 0.588 2.601 1.920 0.897 0.354 -0.111 -0.784 -1.327 -1.392
0.01000 1.30e+10 0.9252642393    0.831  1.671  3.6831  2.372    4  0.000  0.463     0.00     0.00 -1         0      0.00 7.000e-01 2.990e-01 1.100e-03 5.880e-04 3.170e-03 -1.000 1.000e-03 0.594 2.597 1.921 0.900 0.358 -0.105 -0.777 -1.318 -1.383
0.01000 1.30e+10 0.9253333807    0.831  1.669  3.6836  2.375    4  0.000  0.463     0.00     0.00 -1         0      0.00 7.000e-01 2.990e-01 1.100e-03 5.880e-04 3.170e-03 -1.000 1.000e-03 0.598 2.594 1.921 0.903 0.362 -0.101 -0.771 -1.311 -1.375
0.01000 1.30e+10 0.9254009128    0.831  1.667  3.6840  2.379    4  0.000  0.463     0.00     0.00 -1         0      0.00 7.000e-01 2.990e-01 1.100e-03 5.880e-04 3.170e-03 -1.000 1.000e-03 0.602 2.591 1.921 0.905 0.365 -0.097 -0.765 -1.304 -1.369
0.01000 1.30e+10 0.9254670739    0.831  1.666  3.6844  2.382    4  0.000  0.463     0.00     0.00 -1         0      0.00 7.000e-01 2.990e-01 1.100e-03 5.880e-04 3.170e-03 -1.000 1.000e-03 0.606 2.587 1.921 0.907 0.368 -0.094 -0.761 -1.298 -1.363
0.01000 1.30e+10 0.9254892468    0.831  1.665  3.6845  2.383    4  0.000  0.463     0.00     0.00 -1         0      0.00 7.000e-01 2.990e-01 1.100e-03 5.880e-04 3.170e-03 -1.000 1.000e-03 0.607 2.586 1.921 0.907 0.369 -0.093 -0.759 -1.297 -1.361
0.01000 1.30e+10 0.9255316854    0.831  1.665  3.6847  2.384    4  0.000  0.463     0.00     0.00 -1         0      0.00 7.000e-01 2.990e-01 1.100e-03 5.880e-04 3.170e-03 -1.000 1.000e-03 0.608 2.584 1.921 0.908 0.370 -0.091 -0.757 -1.294 -1.358
0.01000 1.30e+10 0.9255961180    0.831  1.664  3.6849  2.386    4  0.000  0.463     0.00     0.00 -1         0      0.00 7.000e-01 2.990e-01 1.100e-03 5.880e-04 3.170e-03 -1.000 1.000e-03 0.610 2.582 1.920 0.909 0.371 -0.089 -0.754 -1.291 -1.354
0.01000 1.30e+10 0.9256634712    0.832  1.663  3.6851  2.387    4  0.000  0.463     0.00     0.00 -1         0      0.00 7.000e-01 2.990e-01 1.100e-03 5.880e-04 3.170e-03 -1.000 1.000e-03 0.612 2.579 1.920 0.909 0.372 -0.088 -0.752 -1.288 -1.352
0.01000 1.30e+10 0.9257294536    0.832  1.663  3.6853  2.388    4  0.000  0.463     0.00     0.00 -1         0      0.00 7.000e-01 2.990e-01 1.100e-03 5.880e-04 3.170e-03 -1.000 1.000e-03 0.612 2.577 1.919 0.909 0.372 -0.088 -0.752 -1.287 -1.350
0.01000 1.30e+10 0.9257925749    0.832  1.663  3.6854  2.388    4  0.000  0.463     0.00     0.00 -1         0      0.00 7.000e-01 2.990e-01 1.100e-03 5.880e-04 3.170e-03 -1.000 1.000e-03 0.611 2.575 1.917 0.908 0.371 -0.088 -0.752 -1.287 -1.350
0.01000 1.30e+10 0.9258603454    0.832  1.664  3.6854  2.387    4  0.000  0.463     0.00     0.00 -1         0      0.00 7.000e-01 2.990e-01 1.100e-03 5.880e-04 3.170e-03 -1.000 1.000e-03 0.610 2.573 1.915 0.906 0.369 -0.090 -0.754 -1.288 -1.352
0.01000 1.30e+10 0.9259231091    0.832  1.665  3.6853  2.386    4  0.000  0.463     0.00     0.00 -1         0      0.00 7.000e-01 2.990e-01 1.100e-03 5.880e-04 3.170e-03 -1.000 1.000e-03 0.607 2.571 1.913 0.903 0.367 -0.093 -0.757 -1.292 -1.355
0.01000 1.30e+10 0.9259558916    0.832  1.666  3.6853  2.385    4  0.000  0.463     0.00     0.00 -1         0      0.00 7.000e-01 2.990e-01 1.100e-03 5.880e-04 3.170e-03 -1.000 1.000e-03 0.605 2.571 1.912 0.901 0.365 -0.095 -0.759 -1.294 -1.358
0.01000 1.30e+10 0.9259849787    0.832  1.667  3.6852  2.384    4  0.000  0.463     0.00     0.00 -1         0      0.00 7.000e-01 2.990e-01 1.100e-03 5.880e-04 3.170e-03 -1.000 1.000e-03 0.603 2.570 1.910 0.900 0.363 -0.097 -0.761 -1.297 -1.360
0.01000 1.30e+10 0.9260477424    0.832  1.669  3.6850  2.381    4  0.000  0.463     0.00     0.00 -1         0      0.00 7.000e-01 2.990e-01 1.100e-03 5.880e-04 3.170e-03 -1.000 1.000e-03 0.597 2.568 1.907 0.895 0.358 -0.103 -0.767 -1.303 -1.367
0.01000 1.30e+10 0.9261077046    0.832  1.672  3.6847  2.377    4  0.000  0.463     0.00     0.00 -1         0      0.00 7.000e-01 2.990e-01 1.100e-03 5.880e-04 3.170e-03 -1.000 1.000e-03 0.590 2.567 1.903 0.890 0.352 -0.109 -0.775 -1.312 -1.376
0.01000 1.30e+10 0.9261698723    0.832  1.675  3.6843  2.372    4  0.000  0.463     0.00     0.00 -1         0      0.00 7.000e-01 2.990e-01 1.100e-03 5.880e-04 3.170e-03 -1.000 9.999e-04 0.582 2.565 1.898 0.883 0.344 -0.118 -0.785 -1.323 -1.387
0.01000 1.30e+10 0.9262318015    0.832  1.679  3.6839  2.366    4  0.000  0.463     0.00     0.00 -1         0      0.00 7.000e-01 2.990e-01 1.100e-03 5.880e-04 3.170e-03 -1.000 1.000e-03 0.572 2.564 1.892 0.875 0.335 -0.128 -0.797 -1.336 -1.400
0.01000 1.30e+10 0.9262915850    0.832  1.684  3.6834  2.360    4  0.000  0.463     0.00     0.00 -1         0      0.00 7.000e-01 2.990e-01 1.100e-03 5.880e-04 3.170e-03 -1.000 1.000e-03 0.560 2.562 1.886 0.865 0.324 -0.139 -0.810 -1.351 -1.415
0.01000 1.30e+10 0.9263505340    0.832  1.690  3.6828  2.352    4  0.000  0.463     0.00     0.00 -1         0      0.00 7.000e-01 2.990e-01 1.100e-03 5.880e-04 3.170e-03 -1.000 1.000e-03 0.546 2.559 1.878 0.854 0.311 -0.153 -0.826 -1.368 -1.434
0.01000 1.30e+10 0.9264096618    0.832  1.698  3.6819  2.340    4  0.000  0.463     0.00     0.00 -1         0      0.00 7.000e-01 2.990e-01 1.100e-03 5.880e-04 3.170e-03 -1.000 1.000e-03 0.526 2.556 1.867 0.838 0.293 -0.173 -0.849 -1.394 -1.459
0.01000 1.30e+10 0.9264694452    0.832  1.706  3.6810  2.329    4  0.000  0.463     0.00     0.00 -1         0      0.00 7.000e-01 2.990e-01 1.100e-03 5.880e-04 3.170e-03 -1.000 1.000e-03 0.506 2.552 1.855 0.823 0.276 -0.192 -0.872 -1.419 -1.485
0.01000 1.30e+10 0.9265279770    0.833  1.714  3.6802  2.318    4  0.000  0.463     0.00     0.00 -1         0      0.00 7.000e-01 2.990e-01 1.100e-03 5.880e-04 3.170e-03 -1.000 1.000e-03 0.486 2.548 1.844 0.808 0.258 -0.211 -0.894 -1.443 -1.510
0.01000 1.30e+10 0.9265884757    0.833  1.730  3.6784  2.294    4  0.000  0.463     0.00     0.00 -1         0      0.00 7.000e-01 2.990e-01 1.100e-03 5.880e-04 3.170e-03 -1.000 1.000e-03 0.444 2.539 1.821 0.775 0.221 -0.252 -0.941 -1.495 -1.564
0.01000 1.30e+10 0.9266476631    0.833  1.759  3.6754  2.253    4  0.000  0.463     0.00     0.00 -1         0      0.00 7.000e-01 2.990e-01 1.100e-03 5.880e-04 3.170e-03 -1.000 1.000e-03 0.372 2.524 1.779 0.719 0.157 -0.322 -1.022 -1.585 -1.656
0.01000 1.30e+10 0.9266867638    0.833  1.795  3.6717  2.203    4  0.000  0.463     0.00     0.00 -1         0      0.00 7.000e-01 2.990e-01 1.100e-03 5.880e-04 3.170e-03 -1.000 1.000e-03 0.283 2.504 1.728 0.650 0.078 -0.408 -1.122 -1.696 -1.769
0.01000 1.30e+10 0.9267069697    0.833  1.833  3.6679  2.149    4  0.000  0.463     0.00     0.00 -1         0      0.00 7.000e-01 2.990e-01 1.100e-03 5.880e-04 3.170e-03 -1.000 1.000e-03 0.186 2.483 1.673 0.574 -0.008 -0.501 -1.230 -1.815 -1.891
0.01000 1.30e+10 0.9267170429    0.833  1.870  3.6642  2.097    4  0.000  0.463     0.00     0.00 -1         0      0.00 7.000e-01 2.990e-01 1.100e-03 5.880e-04 3.170e-03 -1.000 1.000e-03 0.094 2.465 1.622 0.505 -0.087 -0.589 -1.332 -1.927 -2.007
0.01000 1.30e+10 0.9267224073    0.833  1.908  3.6605  2.045    4  0.000  0.463     0.00     0.00 -1         0      0.00 7.000e-01 2.990e-01 1.100e-03 5.880e-04 3.170e-03 -1.000 1.000e-03 0.001 2.447 1.570 0.434 -0.169 -0.678 -1.436 -2.042 -2.125
0.01000 1.30e+10 0.9267252684    0.833  1.944  3.6569  1.994    4  0.000  0.463     0.00     0.00 -1         0      0.00 7.000e-01 2.990e-01 1.100e-03 5.880e-04 3.170e-03 -1.000 1.000e-03 -0.090 2.430 1.520 0.365 -0.247 -0.764 -1.537 -2.152 -2.238
0.01000 1.30e+10 0.9267270565    0.833  1.981  3.6533  1.943    4  0.000  0.463     0.00     0.00 -1         0      0.00 7.000e-01 2.990e-01 1.100e-03 5.880e-04 3.170e-03 -1.000 1.000e-03 -0.183 2.417 1.469 0.295 -0.328 -0.853 -1.640 -2.264 -2.354
0.01000 1.30e+10 0.9267282486    0.833  2.016  3.6500  1.895    4  0.000  0.463     0.00     0.00 -1         0      0.00 7.000e-01 2.990e-01 1.100e-03 5.880e-04 3.170e-03 -1.000 1.000e-03 -0.269 2.411 1.426 0.234 -0.400 -0.933 -1.734 -2.368 -2.461
0.01000 1.30e+10 0.9267286062    0.833  2.028  3.6489  1.878    4  0.000  0.463     0.00     0.00 -1         0      0.00 7.000e-01 2.990e-01 1.100e-03 5.880e-04 3.170e-03 -1.000 1.000e-03 -0.300 2.409 1.411 0.212 -0.426 -0.962 -1.768 -2.405 -2.499
0.01000 1.30e+10 0.9267293215    0.833  2.058  3.6462  1.838    4  0.000  0.463     0.00     0.00 -1         0      0.00 7.000e-01 2.990e-01 1.100e-03 5.880e-04 3.170e-03 -1.000 1.000e-03 -0.374 2.403 1.373 0.159 -0.488 -1.031 -1.848 -2.493 -2.590
0.01000 1.30e+10 0.9267302752    0.833  2.097  3.6426  1.784    4  0.000  0.463     0.00     0.00 -1         0      0.00 7.000e-01 2.990e-01 1.100e-03 5.880e-04 3.170e-03 -1.000 9.999e-04 -0.472 2.396 1.322 0.089 -0.571 -1.123 -1.955 -2.610 -2.711
0.01000 1.30e+10 0.9267312884    0.833  2.135  3.6391  1.732    4  0.000  0.463     0.00     0.00 -1         0      0.00 7.000e-01 2.990e-01 1.100e-03 5.880e-04 3.170e-03 -1.000 1.000e-03 -0.567 2.392 1.276 0.022 -0.650 -1.211 -2.058 -2.722 -2.828
0.01000 1.30e+10 0.9267337918    0.833  2.178  3.6353  1.674    4  0.000  0.463     0.00     0.00 -1         0      0.00 7.000e-01 2.990e-01 1.100e-03 5.880e-04 3.170e-03 -1.000 1.000e-03 -0.674 2.390 1.224 -0.053 -0.739 -1.311 -2.175 -2.849 -2.959
0.01000 1.30e+10 0.9267358184    0.833  2.176  3.6355  1.677    4  0.000  0.463     0.00     0.00 -1         0      0.00 7.000e-01 2.990e-01 1.100e-03 5.880e-04 3.170e-03 -1.000 1.000e-03 -0.670 2.387 1.224 -0.051 -0.736 -1.307 -2.170 -2.844 -2.953
0.01000 1.30e+10 0.9267455935    0.833  2.115  3.6411  1.760    4  0.000  0.463     0.00     0.00 -1         0      0.00 7.000e-01 2.990e-01 1.100e-03 5.880e-04 3.170e-03 -1.000 1.000e-03 -0.517 2.389 1.298 0.056 -0.610 -1.165 -2.003 -2.662 -2.765
0.01000 1.30e+10 0.9267878532    0.833  2.115  3.6409  1.759    4  0.000  0.463     0.00     0.00 -1         0      0.00 7.000e-01 2.990e-01 1.100e-03 5.880e-04 3.170e-03 -1.000 1.000e-03 -0.517 2.394 1.300 0.057 -0.609 -1.165 -2.004 -2.664 -2.767
0.01000 1.30e+10 0.9268147349    0.833  2.153  3.6372  1.706    4  0.000  0.463     0.00     0.00 -1         0      0.00 7.000e-01 2.990e-01 1.100e-03 5.880e-04 3.170e-03 -1.000 1.000e-03 -0.614 2.396 1.256 -0.008 -0.688 -1.254 -2.109 -2.779 -2.886
0.01000 1.30e+10 0.9268386364    0.833  2.193  3.6336  1.652    4  0.000  0.463     0.00     0.00 -1         0      0.00 7.000e-01 2.990e-01 1.100e-03 5.880e-04 3.170e-03 -1.000 1.000e-03 -0.713 2.397 1.209 -0.077 -0.770 -1.346 -2.218 -2.896 -3.009
0.01000 1.30e+10 0.9268603921    0.833  2.234  3.6299  1.597    4  0.000  0.463     0.00     0.00 -1         0      0.00 7.000e-01 2.990e-01 1.100e-03 5.880e-04 3.170e-03 -1.000 9.999e-04 -0.814 2.399 1.162 -0.146 -0.853 -1.439 -2.327 -3.016 -3.133
0.01000 1.30e+10 0.9268793464    0.833  2.274  3.6263  1.542    4  0.000  0.463     0.00     0.00 -1         0      0.00 7.000e-01 2.990e-01 1.100e-03 5.880e-04 3.170e-03 -1.000 1.000e-03 -0.916 2.402 1.116 -0.216 -0.936 -1.533 -2.437 -3.135 -3.257
0.01000 1.30e+10 0.9268959761    0.833  2.315  3.6226  1.486    4  0.000  0.463     0.00     0.00 -1         0      0.00 7.000e-01 2.990e-01 1.100e-03 5.880e-04 3.170e-03 -1.000 1.000e-03 -1.018 2.411 1.072 -0.281 -1.016 -1.626 -2.546 -3.254 -3.382
0.01000 1.30e+10 0.9269106388    0.833  2.356  3.6190  1.430    4  0.000  0.463     0.00     0.00 -1         0      0.00 7.000e-01 2.990e-01 1.100e-03 5.880e-04 3.170e-03 -1.000 1.000e-03 -1.120 2.427 1.032 -0.346 -1.097 -1.720 -2.657 -3.375 -3.508
0.01000 1.30e+10 0.9269236922    0.833  2.397  3.6153  1.374    4  0.000  0.463     0.00     0.00 -1         0      0.00 7.000e-01 2.990e-01 1.100e-03 5.880e-04 3.170e-03 -1.000 9.999e-04 -1.223 2.445 0.991 -0.411 -1.178 -1.814 -2.768 -3.496 -3.634
0.01000 1.30e+10 0.9269351959    0.833  2.438  3.6116  1.319    4  0.000  0.463     0.00     0.00 -1         0      0.00 7.000e-01 2.990e-01 1.100e-03 5.880e-04 3.170e-03 -1.000 9.999e-04 -1.325 2.465 0.953 -0.474 -1.257 -1.907 -2.877 -3.616 -3.759
0.01000 1.30e+10 0.9269455671    0.833  2.478  3.6080  1.264    4  0.000  0.463     0.00     0.00 -1         0      0.00 7.000e-01 2.990e-01 1.100e-03 5.880e-04 3.170e-03 -1.000 1.000e-03 -1.425 2.480 0.917 -0.532 -1.330 -1.997 -2.985 -3.734 -3.883
0.01000 1.30e+10 0.9269552231    0.833  2.518  3.6044  1.210    4  0.000  0.463     0.00     0.00 -1         0      0.00 7.000e-01 2.990e-01 1.100e-03 5.880e-04 3.170e-03 -1.000 1.000e-03 -1.526 2.497 0.881 -0.589 -1.404 -2.088 -3.093 -3.853 -4.007
0.01000 1.30e+10 0.9269642234    0.833  2.559  3.6007  1.155    4  0.000  0.463     0.00     0.00 -1         0      0.00 7.000e-01 2.990e-01 1.100e-03 5.880e-04 3.170e-03 -1.000 1.000e-03 -1.626 2.518 0.848 -0.646 -1.477 -2.177 -3.201 -3.971 -4.131
0.01000 1.30e+10 0.9269728661    0.833  2.599  3.5969  1.099    4  0.000  0.463     0.00     0.00 -1         0      0.00 7.000e-01 2.990e-01 1.100e-03 5.880e-04 3.170e-03 -1.000 1.000e-03 -1.727 2.539 0.817 -0.699 -1.547 -2.267 -3.310 -4.091 -4.256
0.01000 1.30e+10 0.9269810915    0.833  2.639  3.5931  1.044    4  0.000  0.463     0.00     0.00 -1         0      0.00 7.000e-01 2.990e-01 1.100e-03 5.880e-04 3.170e-03 -1.000 1.000e-03 -1.828 2.557 0.789 -0.746 -1.612 -2.356 -3.419 -4.211 -4.382
0.01000 1.30e+10 0.9269890785    0.833  2.681  3.5891  0.987    4  0.000  0.463     0.00     0.00 -1         0      0.00 7.000e-01 2.990e-01 1.100e-03 5.880e-04 3.170e-03 -1.000 1.000e-03 -1.932 2.579 0.764 -0.794 -1.677 -2.447 -3.530 -4.334 -4.511
0.01000 1.30e+10 0.9269961715    0.833  2.721  3.5852  0.930    4  0.000  0.463     0.00     0.00 -1         0      0.00 7.000e-01 2.990e-01 1.100e-03 5.880e-04 3.170e-03 -1.000 9.999e-04 -2.034 2.609 0.742 -0.838 -1.741 -2.536 -3.640 -4.455 -4.639
0.01000 1.30e+10 0.9270025492    0.833  2.763  3.5811  0.872    4  0.000  0.463     0.00     0.00 -1         0      0.00 7.000e-01 2.990e-01 1.100e-03 5.880e-04 3.170e-03 -1.000 1.000e-03 -2.138 2.633 0.727 -0.872 -1.796 -2.627 -3.754 -4.580 -4.769
0.01000 1.30e+10 0.9270073175    0.833  2.802  3.5772  0.817    4  0.000  0.463     0.00     0.00 -1         0      0.00 7.000e-01 2.990e-01 1.100e-03 5.880e-04 3.170e-03 -1.000 1.000e-03 -2.236 2.655 0.717 -0.898 -1.844 -2.711 -3.861 -4.698 -4.893
0.01000 1.30e+10 0.9270105958    0.833  2.839  3.5734  0.765    4  0.000  0.463     0.00     0.00 -1         0      0.00 7.000e-01 2.990e-01 1.100e-03 5.880e-04 3.170e-03 -1.000 1.000e-03 -2.328 2.679 0.711 -0.920 -1.887 -2.789 -3.962 -4.809 -5.010
0.01000 1.30e+10 0.9270133972    0.833  2.877  3.5693  0.710    4  0.000  0.463     0.00     0.00 -1         0      0.00 7.000e-01 2.990e-01 1.100e-03 5.880e-04 3.170e-03 -1.000 1.000e-03 -2.424 2.705 0.710 -0.937 -1.926 -2.869 -4.067 -4.924 -5.132
0.01000 1.30e+10 0.9270158410    0.833  2.916  3.5652  0.656    4  0.000  0.463     0.00     0.00 -1         0      0.00 7.000e-01 2.990e-01 1.100e-03 5.880e-04 3.170e-03 -1.000 1.000e-03 -2.519 2.722 0.721 -0.931 -1.948 -2.945 -4.173 -5.040 -5.254
0.01000 1.30e+10 0.9270182252    0.833  2.955  3.5608  0.599    4  0.000  0.463     0.00     0.00 -1         0      0.00 7.000e-01 2.990e-01 1.100e-03 5.880e-04 3.170e-03 -1.000 1.000e-03 -2.618 2.741 0.735 -0.923 -1.969 -3.023 -4.283 -5.160 -5.381
0.01000 1.30e+10 0.9270203710    0.833  2.993  3.5566  0.544    4  0.000  0.463     0.00     0.00 -1         0      0.00 7.000e-01 2.990e-01 1.100e-03 5.880e-04 3.170e-03 -1.000 1.000e-03 -2.711 2.762 0.751 -0.914 -1.988 -3.097 -4.387 -5.275 -5.502
0.01000 1.30e+10 0.9270227551    0.833  3.034  3.5517  0.483    4  0.000  0.463     0.00     0.00 -1         0      0.00 7.000e-01 2.990e-01 1.100e-03 5.880e-04 3.170e-03 -1.000 9.999e-04 -2.816 2.777 0.799 -0.858 -1.977 -3.168 -4.505 -5.403 -5.638
0.01000 1.30e+10 0.9270251393    0.833  3.075  3.5468  0.423    4  0.000  0.463     0.00     0.00 -1         0      0.00 7.000e-01 2.990e-01 1.100e-03 5.880e-04 3.170e-03 -1.000 1.000e-03 -2.918 2.795 0.856 -0.791 -1.959 -3.236 -4.623 -5.529 -5.771
0.01000 1.30e+10 0.9270277619    0.833  3.116  3.5419  0.362    4  0.000  0.463     0.00     0.00 -1         0      0.00 7.000e-01 2.990e-01 1.100e-03 5.880e-04 3.170e-03 -1.000 1.000e-03 -3.020 2.813 0.918 -0.720 -1.937 -3.302 -4.740 -5.655 -5.906
0.01000 1.30e+10 0.9270296693    0.833  3.138  3.5392  0.330    4  0.000  0.463     0.00     0.00 -1         0      0.00 7.000e-01 2.990e-01 1.100e-03 5.880e-04 3.170e-03 -1.000 1.000e-03 -3.074 2.818 0.969 -0.656 -1.910 -3.326 -4.803 -5.721 -5.976
0.01000 1.30e+10 0.9270301461    0.833  3.134  3.5398  0.336    4  0.000  0.463     0.00     0.00 -1         0      0.00 7.000e-01 2.990e-01 1.100e-03 5.880e-04 3.170e-03 -1.000 1.000e-03 -3.065 2.816 0.957 -0.670 -1.917 -3.322 -4.792 -5.710 -5.964
0.01000 1.30e+10 0.9270302057    0.833  3.143  3.5386  0.322    4  0.000  0.463     0.00     0.00 -1         0      0.00 7.000e-01 2.990e-01 1.100e-03 5.880e-04 3.170e-03 -1.000 9.999e-04 -3.088 2.820 0.982 -0.639 -1.902 -3.331 -4.819 -5.738 -5.994
0.01000 1.30e+10 0.9270302653    0.833  3.138  3.5392  0.330    4  0.000  0.463     0.00     0.00 -1         0      0.00 7.000e-01 2.990e-01 1.100e-03 5.880e-04 3.170e-03 -1.000 9.999e-04 -3.075 2.818 0.968 -0.657 -1.911 -3.326 -4.804 -5.722 -5.977
0.01000 1.30e+10 0.9270304441    0.833  3.153  3.5373  0.307    4  0.000  0.463     0.00     0.00 -1         0      0.00 7.000e-01 2.990e-01 1.100e-03 5.880e-04 3.170e-03 -1.000 1.000e-03 -3.113 2.824 1.009 -0.606 -1.888 -3.341 -4.848 -5.769 -6.027
0.01000 1.30e+10 0.9270305634    0.833  3.163  3.5360  0.292    4  0.000  0.463     0.00     0.00 -1         0      0.00 7.000e-01 2.990e-01 1.100e-03 5.880e-04 3.170e-03 -1.000 1.000e-03 -3.137 2.829 1.037 -0.571 -1.871 -3.349 -4.877 -5.799 -6.059
0.01000 1.30e+10 0.9270307422    0.833  3.171  3.5348  0.279    4  0.000  0.463     0.00     0.00 -1         0      0.00 7.000e-01 2.990e-01 1.100e-03 5.880e-04 3.170e-03 -1.000 1.000e-03 -3.158 2.833 1.061 -0.540 -1.857 -3.357 -4.902 -5.826 -6.088
0.01000 1.30e+10 0.9270309210    0.833  3.184  3.5330  0.259    4  0.000  0.463     0.00     0.00 -1         0      0.00 7.000e-01 2.990e-01 1.100e-03 5.880e-04 3.170e-03 -1.000 1.000e-03 -3.191 2.840 1.099 -0.493 -1.835 -3.369 -4.940 -5.866 -6.131
0.01000 1.30e+10 0.9270311594    0.833  3.206  3.5302  0.226    4  0.000  0.463     0.00     0.00 -1         0      0.00 7.000e-01 2.990e-01 1.100e-03 5.880e-04 3.170e-03 -1.000 1.000e-03 -3.244 2.851 1.161 -0.415 -1.798 -3.388 -5.003 -5.933 -6.203
0.01000 1.30e+10 0.9270313978    0.833  3.231  3.5268  0.187    4  0.000  0.463     0.00     0.00 -1         0      0.00 7.000e-01 2.990e-01 1.100e-03 5.880e-04 3.170e-03 -1.000 9.999e-04 -3.307 2.862 1.243 -0.311 -1.747 -3.402 -5.077 -6.011 -6.287
0.01000 1.30e+10 0.9270318151    0.833  3.271  3.5213  0.125    4  0.517  0.463     0.00     0.00 -1         0      0.00 7.000e-01 2.990e-01 1.100e-03 5.880e-04 3.170e-03 -1.000 1.000e-03 -3.408 2.875 1.404 -0.103 -1.645 -3.397 -5.197 -6.136 -6.421
0.01000 1.30e+10 0.9270321131    0.833  3.291  3.5185  0.094    4  0.517  0.463     0.00     0.00 -1         0      0.00 7.000e-01 2.990e-01 1.100e-03 5.880e-04 3.170e-03 -1.000 1.000e-03 -3.458 2.884 1.489 0.008 -1.590 -3.393 -5.256 -6.198 -6.488
0.01000 1.30e+10 0.9270321727    0.833  3.291  3.5147  0.079    8  0.517  0.482   142.61    68.70  0 -1.38e-07      0.00 7.100e-01 2.801e-01 1.566e-03 7.358e-04 4.330e-03 -1.000 9.862e-03 -3.458 2.938 1.657 0.215 -1.451 -3.320 -5.268 -6.214 -6.510
0.01000 1.30e+10 0.9270322323    0.833  3.006  3.5507  0.507    8  0.517  0.482    56.55    30.87  1  -4.3e-08      0.00 7.100e-01 2.801e-01 1.566e-03 7.358e-04 4.330e-03 -1.000 9.862e-03 -2.745 2.840 0.887 -0.758 -1.883 -3.091 -4.437 -5.338 -5.573
0.01000 1.30e+10 0.9270322919    0.832  2.864  3.5687  0.721    8  0.517  0.482    35.65    20.72  1 -2.59e-08      0.00 7.100e-01 2.801e-01 1.566e-03 7.358e-04 4.330e-03 -1.000 9.862e-03 -2.390 2.740 0.755 -0.888 -1.881 -2.832 -4.034 -4.894 -5.102
0.01000 1.30e+10 0.9270324111    0.831  2.714  3.5876  0.946    8  0.517  0.482    21.92    13.60  1 -1.62e-08      0.00 7.100e-01 2.801e-01 1.566e-03 7.358e-04 4.330e-03 -1.000 9.862e-03 -2.014 2.564 0.719 -0.852 -1.744 -2.524 -3.616 -4.424 -4.604
0.01000 1.30e+10 0.9270325899    0.830  2.747  3.5831  0.894    8  0.517  0.482    24.54    14.98  1 -1.79e-08      0.00 7.100e-01 2.801e-01 1.566e-03 7.358e-04 4.330e-03 -1.000 9.862e-03 -2.098 2.618 0.725 -0.867 -1.782 -2.594 -3.709 -4.530 -4.717
0.01000 1.30e+10 0.9270328283    0.828  2.890  3.5647  0.677    8  0.517  0.482    39.22    22.46  1 -2.84e-08      0.00 7.100e-01 2.801e-01 1.566e-03 7.358e-04 4.330e-03 -1.000 9.862e-03 -2.455 2.775 0.789 -0.857 -1.875 -2.879 -4.110 -4.979 -5.193
0.01000 1.30e+10 0.9270330667    0.825  3.065  3.5423  0.411    8  0.518  0.482    69.56    36.82  1 -5.41e-08      0.00 7.100e-01 2.801e-01 1.566e-03 7.358e-04 4.330e-03 -1.000 9.862e-03 -2.892 2.893 1.015 -0.611 -1.819 -3.177 -4.609 -5.525 -5.774
0.01000 1.30e+10 0.9270334244    0.823  3.208  3.5237  0.192    8  0.518  0.482   111.58    55.33  0 -9.75e-08      0.00 7.100e-01 2.801e-01 1.566e-03 7.358e-04 4.330e-03 -1.000 9.862e-03 -3.250 2.946 1.425 -0.092 -1.581 -3.287 -5.030 -5.968 -6.247
0.01000 1.30e+10 0.9270337820    0.820  3.303  3.5112  0.045    8  0.518  0.482   153.12    72.64  0 -1.48e-07      0.00 7.100e-01 2.801e-01 1.566e-03 7.358e-04 4.330e-03 -1.000 9.862e-03 -3.488 2.971 1.798 0.395 -1.345 -3.267 -5.311 -6.258 -6.560
0.01000 1.30e+10 0.9270341992    0.816  3.358  3.5037 -0.041    8  0.519  0.482   184.60    85.25  0 -1.89e-07      0.00 7.100e-01 2.801e-01 1.566e-03 7.358e-04 4.330e-03 -1.000 9.862e-03 -3.625 2.979 2.047 0.728 -1.182 -3.212 -5.475 -6.426 -6.741
0.01000 1.30e+10 0.9270346761    0.812  3.390  3.4991 -0.094    8  0.519  0.482   206.81    93.89  0  -2.2e-07      0.00 7.100e-01 2.801e-01 1.566e-03 7.358e-04 4.330e-03 -1.000 9.862e-03 -3.706 2.986 2.204 0.934 -1.080 -3.173 -5.572 -6.524 -6.847
0.01000 1.30e+10 0.9270352125    0.808  3.415  3.4953 -0.136    8  0.519  0.482   226.27   101.29  0 -2.47e-07      0.00 7.100e-01 2.801e-01 1.566e-03 7.358e-04 4.330e-03 -1.000 9.862e-03 -3.767 2.988 2.301 1.054 -1.023 -3.147 -5.646 -6.599 -6.927
0.01000 1.30e+10 0.9270352125    0.808  3.185  3.5243  0.209    8  0.519  0.482   107.45    53.20  0 -8.98e-08      0.00 7.100e-01 2.801e-01 1.566e-03 7.358e-04 4.330e-03 -1.000 9.862e-03 -3.194 2.980 1.447 -0.072 -1.549 -3.243 -4.971 -5.909 -6.187
0.01000 1.30e+10 0.9270353317    0.807  2.995  3.5485  0.496    8  0.519  0.482    57.87    31.15  1 -4.18e-08      0.00 7.100e-01 2.801e-01 1.566e-03 7.358e-04 4.330e-03 -1.000 9.862e-03 -2.717 2.909 0.983 -0.653 -1.799 -3.046 -4.415 -5.320 -5.559
0.01000 1.30e+10 0.9270354509    0.806  2.841  3.5679  0.726    8  0.520  0.482    35.20    20.25  1 -2.43e-08      0.00 7.100e-01 2.801e-01 1.566e-03 7.358e-04 4.330e-03 -1.000 9.862e-03 -2.333 2.804 0.826 -0.813 -1.810 -2.772 -3.979 -4.842 -5.051
0.01000 1.30e+10 0.9270356297    0.804  2.871  3.5642  0.681    8  0.520  0.482    38.82    22.02  1 -2.69e-08      0.00 7.100e-01 2.801e-01 1.566e-03 7.358e-04 4.330e-03 -1.000 9.862e-03 -2.407 2.828 0.848 -0.796 -1.818 -2.828 -4.063 -4.934 -5.148
0.01000 1.30e+10 0.9270358682    0.801  3.006  3.5469  0.475    8  0.520  0.482    60.60    32.32  1 -4.43e-08      0.00 7.100e-01 2.801e-01 1.566e-03 7.358e-04 4.330e-03 -1.000 9.862e-03 -2.746 2.920 1.007 -0.626 -1.788 -3.064 -4.449 -5.358 -5.598
0.01000 1.30e+10 0.9270361662    0.798  3.172  3.5256  0.222    8  0.520  0.482   104.44    51.66  0 -8.64e-08      0.00 7.100e-01 2.801e-01 1.566e-03 7.358e-04 4.330e-03 -1.000 9.862e-03 -3.160 2.989 1.423 -0.107 -1.560 -3.232 -4.933 -5.870 -6.146
0.01000 1.30e+10 0.9270365238    0.794  3.306  3.5082  0.017    8  0.521  0.482   162.66    75.63  0 -1.55e-07      0.00 7.100e-01 2.801e-01 1.566e-03 7.358e-04 4.330e-03 -1.000 9.862e-03 -3.494 3.018 1.940 0.573 -1.233 -3.197 -5.327 -6.277 -6.583
0.01000 1.30e+10 0.9270368814    0.790  3.391  3.4969 -0.116    8  0.521  0.482   216.50    96.63  0 -2.28e-07      0.00 7.100e-01 2.801e-01 1.566e-03 7.358e-04 4.330e-03 -1.000 9.862e-03 -3.707 3.019 2.292 1.037 -1.013 -3.124 -5.581 -6.534 -6.859
0.01000 1.30e+10 0.9270373583    0.785  3.435  3.4907 -0.187    8  0.522  0.482   252.70   110.18  0 -2.82e-07      0.00 7.100e-01 2.801e-01 1.566e-03 7.358e-04 4.330e-03 -1.000 9.862e-03 -3.818 3.015 2.447 1.227 -0.928 -3.087 -5.714 -6.668 -7.002
0.01000 1.30e+10 0.9270378351    0.780  3.456  3.4875 -0.224    8  0.522  0.482   273.42   117.62  0 -3.13e-07      0.00 7.100e-01 2.801e-01 1.566e-03 7.358e-04 4.330e-03 -1.000 9.862e-03 -3.870 3.019 2.533 1.331 -0.877 -3.061 -5.777 -6.732 -7.071
0.01000 1.30e+10 0.9270383716    0.774  3.468  3.4854 -0.248    8  0.523  0.482   288.03   122.65  0 -3.35e-07      0.00 7.100e-01 2.801e-01 1.566e-03 7.358e-04 4.330e-03 -1.000 9.862e-03 -3.901 3.025 2.588 1.394 -0.845 -3.043 -5.815 -6.771 -7.112
0.01000 1.30e+10 0.9270384312    0.774  3.250  3.5143  0.085    8  0.523  0.482   140.34    65.86  0 -1.26e-07      0.00 7.100e-01 2.801e-01 1.566e-03 7.358e-04 4.330e-03 -1.000 9.862e-03 -3.356 3.039 1.774 0.340 -1.334 -3.210 -5.168 -6.114 -6.411
0.01000 1.30e+10 0.9270384908    0.772  3.061  3.5392  0.373    8  0.523  0.482    75.36    38.45  1  -5.8e-08      0.00 7.100e-01 2.801e-01 1.566e-03 7.358e-04 4.330e-03 -1.000 9.862e-03 -2.883 2.971 1.141 -0.471 -1.720 -3.134 -4.611 -5.531 -5.784
0.01000 1.30e+10 0.9270386696    0.770  2.908  3.5595  0.607    8  0.523  0.482    45.55    24.85  1 -3.28e-08      0.00 7.100e-01 2.801e-01 1.566e-03 7.358e-04 4.330e-03 -1.000 9.862e-03 -2.499 2.874 0.880 -0.773 -1.827 -2.899 -4.167 -5.049 -5.271
0.01000 1.30e+10 0.9270388484    0.767  2.937  3.5555  0.560    8  0.523  0.482    50.38    27.06  1 -3.66e-08      0.00 7.100e-01 2.801e-01 1.566e-03 7.358e-04 4.330e-03 -1.000 9.862e-03 -2.572 2.903 0.912 -0.745 -1.826 -2.951 -4.250 -5.141 -5.369
0.01000 1.30e+10 0.9270391464    0.763  3.069  3.5378  0.354    8  0.524  0.482    78.52    39.63  1 -6.09e-08      0.00 7.100e-01 2.801e-01 1.566e-03 7.358e-04 4.330e-03 -1.000 9.862e-03 -2.903 2.985 1.178 -0.427 -1.696 -3.138 -4.636 -5.557 -5.813
0.01000 1.30e+10 0.9270395041    0.758  3.231  3.5162  0.104    8  0.524  0.482   134.79    63.04  0  -1.2e-07      0.00 7.100e-01 2.801e-01 1.566e-03 7.358e-04 4.330e-03 -1.000 9.862e-03 -3.307 3.049 1.728 0.276 -1.359 -3.199 -5.112 -6.056 -6.349
0.01000 1.30e+10 0.9270398617    0.753  3.361  3.4988 -0.099    8  0.525  0.482   209.11    91.84  0 -2.16e-07      0.00 7.100e-01 2.801e-01 1.566e-03 7.358e-04 4.330e-03 -1.000 9.862e-03 -3.632 3.066 2.291 1.023 -0.996 -3.093 -5.500 -6.452 -6.775
0.01000 1.30e+10 0.9270403385    0.746  3.443  3.4875 -0.231    8  0.525  0.482   277.56   116.83  0 -3.18e-07      0.00 7.100e-01 2.801e-01 1.566e-03 7.358e-04 4.330e-03 -1.000 9.862e-03 -3.839 3.057 2.570 1.366 -0.844 -3.029 -5.746 -6.700 -7.039
0.01000 1.30e+10 0.9270408750    0.739  3.486  3.4816 -0.301    8  0.526  0.482   323.58   132.76  0 -3.94e-07      0.00 7.100e-01 2.801e-01 1.566e-03 7.358e-04 4.330e-03 -1.000 9.862e-03 -3.946 3.051 2.679 1.480 -0.798 -3.013 -5.873 -6.827 -7.174
0.01000 1.30e+10 0.9270414114    0.731  3.506  3.4786 -0.338    8  0.527  0.482   350.26   141.38  0  -4.4e-07      0.00 7.100e-01 2.801e-01 1.566e-03 7.358e-04 4.330e-03 -1.000 9.862e-03 -3.995 3.053 2.731 1.527 -0.778 -3.005 -5.932 -6.887 -7.237
0.01000 1.30e+10 0.9270420671    0.722  3.518  3.4767 -0.362    8  0.527  0.482   369.50   147.12  0 -4.74e-07      0.00 7.100e-01 2.801e-01 1.566e-03 7.358e-04 4.330e-03 -1.000 9.862e-03 -4.024 3.058 2.768 1.562 -0.761 -2.996 -5.967 -6.922 -7.275
0.01000 1.30e+10 0.9270420671    0.722  3.314  3.5037 -0.051    8  0.527  0.482   188.78    82.30  0 -1.87e-07      0.00 7.100e-01 2.801e-01 1.566e-03 7.358e-04 4.330e-03 -1.000 9.862e-03 -3.515 3.097 2.162 0.841 -1.071 -3.102 -5.365 -6.316 -6.631
0.01000 1.30e+10 0.9270421267    0.720  3.127  3.5288  0.235    8  0.527  0.482   101.80    48.19  0 -8.43e-08      0.00 7.100e-01 2.801e-01 1.566e-03 7.358e-04 4.330e-03 -1.000 9.862e-03 -3.048 3.054 1.400 -0.162 -1.561 -3.176 -4.810 -5.743 -6.014
0.01000 1.30e+10 0.9270422459    0.717  2.973  3.5497  0.471    8  0.528  0.482    61.20    30.97  1 -4.63e-08      0.00 7.100e-01 2.801e-01 1.566e-03 7.358e-04 4.330e-03 -1.000 9.862e-03 -2.662 2.968 1.012 -0.637 -1.775 -3.000 -4.358 -5.259 -5.497
0.01000 1.30e+10 0.9270424247    0.713  3.001  3.5466  0.428    8  0.528  0.482    67.17    33.47  1 -5.23e-08      0.00 7.100e-01 2.801e-01 1.566e-03 7.358e-04 4.330e-03 -1.000 9.862e-03 -2.732 2.979 1.048 -0.597 -1.766 -3.048 -4.437 -5.344 -5.587
0.01000 1.30e+10 0.9270426035    0.707  3.129  3.5302  0.231    8  0.528  0.482   102.82    48.16  0 -8.89e-08      0.00 7.100e-01 2.801e-01 1.566e-03 7.358e-04 4.330e-03 -1.000 9.862e-03 -3.052 3.037 1.350 -0.225 -1.607 -3.196 -4.811 -5.741 -6.011
0.01000 1.30e+10 0.9270428419    0.701  3.285  3.5101 -0.009    8  0.528  0.482   172.84    75.06  0 -1.77e-07      0.00 7.100e-01 2.801e-01 1.566e-03 7.358e-04 4.330e-03 -1.000 9.862e-03 -3.443 3.077 1.927 0.526 -1.248 -3.190 -5.270 -6.217 -6.523
0.01000 1.30e+10 0.9270431399    0.694  3.411  3.4941 -0.204    8  0.529  0.482   263.40   107.36  0  -3.2e-07      0.00 7.100e-01 2.801e-01 1.566e-03 7.358e-04 4.330e-03 -1.000 9.862e-03 -3.758 3.069 2.410 1.159 -0.957 -3.098 -5.643 -6.595 -6.928
0.01000 1.30e+10 0.9270434380    0.685  3.491  3.4843 -0.328    8  0.529  0.482   344.72   134.43  0 -4.76e-07      0.00 7.100e-01 2.801e-01 1.566e-03 7.358e-04 4.330e-03 -1.000 9.862e-03 -3.957 3.053 2.632 1.421 -0.850 -3.061 -5.876 -6.830 -7.178
0.01000 1.30e+10 0.9270437956    0.676  3.532  3.4798 -0.392    8  0.530  0.482   397.26   150.58  0 -5.96e-07      0.00 7.100e-01 2.801e-01 1.566e-03 7.358e-04 4.330e-03 -1.000 9.862e-03 -4.059 3.037 2.691 1.472 -0.844 -3.074 -5.994 -6.948 -7.302
0.01000 1.30e+10 0.9270442128    0.666  3.550  3.4785 -0.423    8  0.530  0.482   425.55   158.05  0 -8.84e-07      0.00 7.100e-01 2.801e-01 1.566e-03 7.358e-04 4.330e-03 -1.000 9.862e-03 -4.105 3.028 2.705 1.479 -0.853 -3.090 -6.045 -6.999 -7.356
0.01000 1.30e+10 0.9270446301    0.654  3.560  3.4784 -0.441    8  0.531  0.482   444.34   161.90  0 -1.13e-06      0.00 7.100e-01 2.801e-01 1.566e-03 7.358e-04 4.330e-03 -1.000 9.862e-03 -4.131 3.021 2.699 1.469 -0.869 -3.109 -6.072 -7.025 -7.384
0.01000 1.30e+10 0.9270446301    0.654  3.367  3.5052 -0.141    8  0.531  0.482   232.37    92.36  0 -3.05e-07      0.00 7.100e-01 2.801e-01 1.566e-03 7.358e-04 4.330e-03 -1.000 9.862e-03 -3.647 3.035 2.035 0.673 -1.236 -3.261 -5.495 -6.441 -6.759
0.01000 1.30e+10 0.9270446897    0.651  3.180  3.5318  0.151    8  0.531  0.482   123.97    53.49  0 -1.37e-07      0.00 7.100e-01 2.801e-01 1.566e-03 7.358e-04 4.330e-03 -1.000 9.862e-03 -3.180 2.962 1.202 -0.410 -1.781 -3.343 -4.935 -5.860 -6.131
0.01000 1.30e+10 0.9270447493    0.647  3.023  3.5549  0.397    8  0.531  0.482    73.01    33.67  0 -7.47e-08      0.00 7.100e-01 2.801e-01 1.566e-03 7.358e-04 4.330e-03 -1.000 9.862e-03 -2.789 2.839 0.772 -0.928 -2.028 -3.164 -4.473 -5.358 -5.592
0.01000 1.30e+10 0.9270448089    0.642  3.048  3.5538  0.365    8  0.531  0.482    78.51    35.59  0 -8.51e-08      0.00 7.100e-01 2.801e-01 1.566e-03 7.358e-04 4.330e-03 -1.000 9.862e-03 -2.850 2.822 0.755 -0.948 -2.061 -3.218 -4.538 -5.424 -5.661
0.01000 1.30e+10 0.9270449281    0.635  3.169  3.5400  0.183    8  0.531  0.482   116.58    49.59  0 -1.45e-07      0.00 7.100e-01 2.801e-01 1.566e-03 7.358e-04 4.330e-03 -1.000 9.862e-03 -3.154 2.861 0.928 -0.746 -2.007 -3.414 -4.884 -5.795 -6.054
0.01000 1.30e+10 0.9270450473    0.626  3.318  3.5232 -0.038    8  0.532  0.482   188.73    74.21  0 -2.89e-07      0.00 7.100e-01 2.801e-01 1.566e-03 7.358e-04 4.330e-03 -1.000 9.862e-03 -3.524 2.887 1.298 -0.276 -1.812 -3.546 -5.310 -6.242 -6.532
0.01000 1.30e+10 0.9270451665    0.616  3.435  3.5111 -0.211    8  0.532  0.482   275.90   101.28  0 -5.21e-07      0.00 7.100e-01 2.801e-01 1.566e-03 7.358e-04 4.330e-03 -1.000 9.862e-03 -3.818 2.874 1.651 0.190 -1.619 -3.577 -5.651 -6.588 -6.902
0.01000 1.30e+10 0.9270453453    0.605  3.507  3.5060 -0.311    8  0.532  0.482   345.44   120.26  0 -7.75e-07      0.00 7.100e-01 2.801e-01 1.566e-03 7.358e-04 4.330e-03 -1.000 9.862e-03 -3.997 2.833 1.783 0.372 -1.573 -3.613 -5.850 -6.788 -7.114
0.01000 1.30e+10 0.9270455241    0.593  3.540  3.5068 -0.349    8  0.533  0.482   380.37   126.81  0 -9.75e-07      0.00 7.100e-01 2.801e-01 1.566e-03 7.358e-04 4.330e-03 -1.000 9.862e-03 -4.080 2.778 1.691 0.260 -1.679 -3.713 -5.931 -6.867 -7.193
0.01000 1.30e+10 0.9270457029    0.580  3.550  3.5114 -0.351    8  0.533  0.482   389.66   124.14  0 -1.11e-06      0.00 7.100e-01 2.801e-01 1.566e-03 7.358e-04 4.330e-03 -1.000 9.862e-03 -4.105 2.710 1.452 -0.047 -1.888 -3.861 -5.942 -6.873 -7.194
0.01000 1.30e+10 0.9270459414    0.565  3.551  3.5178 -0.338    8  0.533  0.482   391.24   116.93  0 -1.23e-06      0.00 7.100e-01 2.801e-01 1.566e-03 7.358e-04 4.330e-03 -1.000 9.862e-03 -4.108 2.624 1.142 -0.440 -2.147 -4.014 -5.926 -6.849 -7.159
0.01000 1.30e+10 0.9270459414    0.565  3.365  3.5437 -0.048    8  0.533  0.482   209.61    68.06  0 -5.34e-07      0.00 7.100e-01 2.801e-01 1.566e-03 7.358e-04 4.330e-03 -1.000 9.862e-03 -3.643 2.529 0.421 -1.348 -2.595 -3.942 -5.371 -6.263 -6.526
0.01000 1.30e+10 0.9270460010    0.564  3.178  3.5705  0.246    8  0.533  0.482   111.30    39.23  0 -2.43e-07      0.00 7.100e-01 2.801e-01 1.566e-03 7.358e-04 4.330e-03 -1.000 9.862e-03 -3.174 2.346 0.094 -1.677 -2.695 -3.628 -4.832 -5.661 -5.882
0.01000 1.30e+10 0.9270460606    0.563  3.018  3.5943  0.500    8  0.533  0.482    64.58    24.35  1 -1.33e-07      0.00 7.100e-01 2.801e-01 1.566e-03 7.358e-04 4.330e-03 -1.000 9.862e-03 -2.775 2.021 -0.035 -1.685 -2.571 -3.313 -4.383 -5.145 -5.328
0.01000 1.30e+10 0.9270461202    0.562  3.038  3.5941  0.478    8  0.534  0.482    68.02    25.22  1 -1.47e-07      0.00 7.100e-01 2.801e-01 1.566e-03 7.358e-04 4.330e-03 -1.000 9.862e-03 -2.824 1.996 -0.074 -1.730 -2.619 -3.362 -4.434 -5.195 -5.379
0.01000 1.30e+10 0.9270462394    0.560  3.152  3.5817  0.313    8  0.534  0.482    97.87    34.10  0 -2.37e-07      0.00 7.100e-01 2.801e-01 1.566e-03 7.358e-04 4.330e-03 -1.000 9.862e-03 -3.109 2.138 -0.080 -1.816 -2.775 -3.606 -4.746 -5.541 -5.745
0.01000 1.30e+10 0.9270463586    0.557  3.291  3.5666  0.112    8  0.534  0.482   152.58    49.21  0 -4.39e-07      0.00 7.100e-01 2.801e-01 1.566e-03 7.358e-04 4.330e-03 -1.000 9.862e-03 -3.457 2.250 -0.050 -1.855 -2.909 -3.894 -5.128 -5.963 -6.192
0.01000 1.30e+10 0.9270464778    0.554  3.399  3.5564 -0.040    8  0.534  0.482   214.31    64.53  0 -7.35e-07      0.00 7.100e-01 2.801e-01 1.566e-03 7.358e-04 4.330e-03 -1.000 9.862e-03 -3.728 2.270 -0.027 -1.864 -2.997 -4.118 -5.426 -6.284 -6.531
0.01000 1.30e+10 0.9270466566    0.551  3.461  3.5532 -0.117    8  0.534  0.482   257.43    73.34  0 -1.02e-06      0.00 7.100e-01 2.801e-01 1.566e-03 7.358e-04 4.330e-03 -1.000 9.862e-03 -3.883 2.223 -0.056 -1.901 -3.072 -4.253 -5.593 -6.454 -6.708
0.01000 1.30e+10 0.9270468354    0.548  3.484  3.5562 -0.131    8  0.534  0.482   271.72    73.65  0  -1.2e-06      0.00 7.100e-01 2.801e-01 1.566e-03 7.358e-04 4.330e-03 -1.000 9.862e-03 -3.940 2.139 -0.189 -2.055 -3.202 -4.331 -5.644 -6.495 -6.746
0.01000 1.30e+10 0.9270470738    0.544  3.483  3.5631 -0.105    8  0.534  0.482   267.23    68.07  0 -1.27e-06      0.00 7.100e-01 2.801e-01 1.566e-03 7.358e-04 4.330e-03 -1.000 9.862e-03 -3.938 2.019 -0.356 -2.222 -3.323 -4.361 -5.627 -6.458 -6.700
0.01000 1.30e+10 0.9270473123    0.539  3.472  3.5721 -0.062    8  0.534  0.482   260.97    59.44  0  -1.3e-06      0.00 7.100e-01 2.801e-01 1.566e-03 7.358e-04 4.330e-03 -1.000 9.862e-03 -3.911 1.868 -0.546 -2.404 -3.446 -4.375 -5.582 -6.387 -6.615
0.01000 1.30e+10 0.9270479679    0.539 -9.999  4.0670  2.062    9  0.539  0.000     0.00     0.00 -1         0      0.00 7.100e-01 2.801e-01 1.566e-03 7.358e-04 4.330e-03 -1.000 9.862e-03 29.767 29.810 30.291 30.376 30.386 30.414 30.539 30.562 30.593
#isochrone terminated
