# File generated by CMD 3.0 (http://stev.oapd.inaf.it/cmd) on Thu Jun  8 21:07:26 CEST 2017
# isochrones PARSEC release v1.2S + COLIBRI release PR16, as in Marigo et al. 2017
# Basic reference: Marigo et al. (2017), ApJ, 835, 77
# Photometric system: <i>UBVRIJHK</i> (cf. Maiz-Apellaniz 2006 + Bessell 1990)
# O-rich circumstellar dust ignored
# C-rich circumstellar dust ignored
# Kind of output: isochrone tables
# Zini Age Mini  Mass   logL    logTe  logg  label   McoreTP C_O  period0 period1 pmode  Mloss  tau1m   X   Y   Xc  Xn  Xo  Cexcess  Z 	 mbolmag  Umag    Bmag    Vmag    Rmag    Imag    Jmag    Hmag    Kmag
0.00100 1.30e+10 0.0900000036    0.090 -3.211  3.4570  5.383    0  0.000  0.463     0.00     0.00 -1         0      0.00 7.000e-01 2.990e-01 1.100e-03 5.880e-04 3.170e-03 -1.000 1.000e-03 12.797 22.118 17.968 15.678 14.001 12.233 10.826 10.387 10.336
0.00100 1.30e+10 0.0976661816    0.098 -3.013  3.4852  5.334    0  0.000  0.463     0.00     0.00 -1         0      0.00 7.000e-01 2.990e-01 1.100e-03 5.880e-04 3.170e-03 -1.000 1.000e-03 12.303 20.011 16.714 14.568 13.190 11.715 10.429 9.908 9.784
0.00100 1.30e+10 0.1000000015    0.100 -2.956  3.4934  5.320    0  0.000  0.463     0.00     0.00 -1         0      0.00 7.000e-01 2.990e-01 1.100e-03 5.880e-04 3.170e-03 -1.000 1.000e-03 12.160 19.433 16.371 14.275 12.960 11.568 10.314 9.775 9.634
0.00100 1.30e+10 0.1199999973    0.120 -2.672  3.5261  5.246    0  0.000  0.463     0.00     0.00 -1         0      0.00 7.000e-01 2.990e-01 1.100e-03 5.880e-04 3.170e-03 -1.000 9.999e-04 11.451 17.174 14.927 13.052 11.929 10.836 9.704 9.123 8.931
0.00100 1.30e+10 0.1400000006    0.140 -2.490  3.5424  5.196    0  0.000  0.463     0.00     0.00 -1         0      0.00 7.000e-01 2.990e-01 1.100e-03 5.880e-04 3.170e-03 -1.000 1.000e-03 10.995 16.093 14.148 12.397 11.336 10.367 9.294 8.707 8.502
0.00100 1.30e+10 0.1599999964    0.160 -2.350  3.5528  5.155    0  0.000  0.463     0.00     0.00 -1         0      0.00 7.000e-01 2.990e-01 1.100e-03 5.880e-04 3.170e-03 -1.000 9.999e-04 10.644 15.399 13.608 11.936 10.909 10.007 8.970 8.384 8.173
0.00100 1.30e+10 0.2000000179    0.200 -2.127  3.5669  5.086    0  0.000  0.463     0.00     0.00 -1         0      0.00 7.000e-01 2.990e-01 1.100e-03 5.880e-04 3.170e-03 -1.000 1.000e-03 10.089 14.427 12.813 11.247 10.265 9.441 8.453 7.869 7.654
0.00100 1.30e+10 0.2500000000    0.250 -1.923  3.5781  5.023    0  0.000  0.463     0.00     0.00 -1         0      0.00 7.000e-01 2.990e-01 1.100e-03 5.880e-04 3.170e-03 -1.000 1.000e-03 9.577 13.569 12.141 10.649 9.697 8.915 7.954 7.373 7.164
0.00100 1.30e+10 0.3000000417    0.300 -1.767  3.5865  4.980    0  0.000  0.463     0.00     0.00 -1         0      0.00 7.000e-01 2.990e-01 1.100e-03 5.880e-04 3.170e-03 -1.000 1.000e-03 9.187 12.864 11.615 10.186 9.263 8.510 7.573 6.994 6.796
0.00100 1.30e+10 0.3499999940    0.350 -1.639  3.5938  4.948    0  0.000  0.463     0.00     0.00 -1         0      0.00 7.000e-01 2.990e-01 1.100e-03 5.880e-04 3.170e-03 -1.000 1.000e-03 8.867 12.157 11.114 9.769 8.892 8.174 7.270 6.689 6.504
0.00100 1.30e+10 0.4000000060    0.400 -1.488  3.6050  4.900    0  0.000  0.463     0.00     0.00 -1         0      0.00 7.000e-01 2.990e-01 1.100e-03 5.880e-04 3.170e-03 -1.000 1.000e-03 8.490 11.428 10.547 9.289 8.466 7.789 6.924 6.335 6.165
0.00100 1.30e+10 0.4500000179    0.450 -1.308  3.6229  4.843    0  0.000  0.463     0.00     0.00 -1         0      0.00 7.000e-01 2.990e-01 1.100e-03 5.880e-04 3.170e-03 -1.000 9.999e-04 8.040 10.686 9.897 8.729 7.974 7.346 6.526 5.923 5.771
0.00100 1.30e+10 0.5000000000    0.500 -1.101  3.6522  4.799    0  0.000  0.463     0.00     0.00 -1         0      0.00 7.000e-01 2.990e-01 1.100e-03 5.880e-04 3.170e-03 -1.000 1.000e-03 7.522 9.679 9.055 8.025 7.380 6.831 6.086 5.498 5.381
0.00100 1.30e+10 0.5500000715    0.550 -0.873  3.6835  4.737    0  0.000  0.463     0.00     0.00 -1         0      0.00 7.000e-01 2.990e-01 1.100e-03 5.880e-04 3.170e-03 -1.000 9.999e-04 6.952 8.565 8.182 7.283 6.742 6.264 5.612 5.090 4.999
0.00100 1.30e+10 0.6000000238    0.600 -0.659  3.7134  4.681    0  0.000  0.463     0.00     0.00 -1  1.62e-14      0.00 7.000e-01 2.990e-01 1.100e-03 5.880e-04 3.170e-03 -1.000 1.000e-03 6.418 7.556 7.415 6.637 6.173 5.748 5.189 4.738 4.667
0.00100 1.30e+10 0.6020306349    0.602 -0.650  3.7147  4.679    0  0.000  0.463     0.00     0.00 -1         0      0.00 7.000e-01 2.990e-01 1.100e-03 5.880e-04 3.170e-03 -1.000 1.000e-03 6.396 7.514 7.383 6.611 6.150 5.727 5.172 4.724 4.654
0.00100 1.30e+10 0.6142235398    0.614 -0.596  3.7227  4.665    0  0.000  0.463     0.00     0.00 -1         0      0.00 7.000e-01 2.990e-01 1.100e-03 5.880e-04 3.170e-03 -1.000 9.999e-04 6.261 7.263 7.191 6.454 6.010 5.601 5.068 4.639 4.573
0.00100 1.30e+10 0.6260414720    0.626 -0.543  3.7303  4.651    0  0.000  0.463     0.00     0.00 -1         0      0.00 7.000e-01 2.990e-01 1.100e-03 5.880e-04 3.170e-03 -1.000 1.000e-03 6.129 7.029 7.010 6.306 5.877 5.480 4.969 4.555 4.494
0.00100 1.30e+10 0.6370397806    0.637 -0.494  3.7373  4.637    0  0.000  0.463     0.00     0.00 -1         0      0.00 7.000e-01 2.990e-01 1.100e-03 5.880e-04 3.170e-03 -1.000 1.000e-03 6.005 6.814 6.841 6.168 5.754 5.368 4.875 4.476 4.419
0.00100 1.30e+10 0.6480458379    0.648 -0.444  3.7442  4.622    0  0.000  0.463     0.00     0.00 -1         0      0.00 7.000e-01 2.990e-01 1.100e-03 5.880e-04 3.170e-03 -1.000 1.000e-03 5.880 6.612 6.677 6.034 5.633 5.257 4.782 4.395 4.342
0.00100 1.30e+10 0.6499999762    0.650 -0.435  3.7454  4.619    0  0.000  0.463     0.00     0.00 -1         0      0.00 7.000e-01 2.990e-01 1.100e-03 5.880e-04 3.170e-03 -1.000 1.000e-03 5.858 6.577 6.648 6.010 5.611 5.238 4.765 4.380 4.328
0.00100 1.30e+10 0.6609877944    0.661 -0.384  3.7515  4.601    0  0.000  0.463     0.00     0.00 -1         0      0.00 7.000e-01 2.990e-01 1.100e-03 5.880e-04 3.170e-03 -1.000 1.000e-03 5.731 6.383 6.486 5.875 5.488 5.125 4.667 4.293 4.245
0.00100 1.30e+10 0.6728429198    0.673 -0.329  3.7579  4.578    0  0.000  0.463     0.00     0.00 -1         0      0.00 7.000e-01 2.990e-01 1.100e-03 5.880e-04 3.170e-03 -1.000 9.999e-04 5.592 6.182 6.314 5.730 5.355 5.001 4.558 4.196 4.152
0.00100 1.30e+10 0.6833922267    0.683 -0.278  3.7635  4.556    0  0.000  0.463     0.00     0.00 -1         0      0.00 7.000e-01 2.990e-01 1.100e-03 5.880e-04 3.170e-03 -1.000 1.000e-03 5.464 6.004 6.158 5.597 5.233 4.887 4.458 4.105 4.064
0.00100 1.30e+10 0.6938585043    0.694 -0.226  3.7688  4.532    0  0.000  0.463     0.00     0.00 -1         0      0.00 7.000e-01 2.990e-01 1.100e-03 5.880e-04 3.170e-03 -1.000 1.000e-03 5.334 5.829 6.002 5.463 5.108 4.770 4.353 4.009 3.972
0.00100 1.30e+10 0.6999999881    0.700 -0.194  3.7718  4.516    0  0.000  0.463     0.00     0.00 -1         0      0.00 7.000e-01 2.990e-01 1.100e-03 5.880e-04 3.170e-03 -1.000 1.000e-03 5.256 5.728 5.909 5.382 5.033 4.699 4.289 3.950 3.915
0.00100 1.30e+10 0.7037456036    0.704 -0.175  3.7735  4.506    0  0.000  0.463     0.00     0.00 -1         0      0.00 7.000e-01 2.990e-01 1.100e-03 5.880e-04 3.170e-03 -1.000 1.000e-03 5.207 5.666 5.852 5.332 4.985 4.655 4.249 3.913 3.879
0.00100 1.30e+10 0.7144315243    0.714 -0.116  3.7784  4.474    0  0.000  0.463     0.00     0.00 -1         0      0.00 7.000e-01 2.990e-01 1.100e-03 5.880e-04 3.170e-03 -1.000 1.000e-03 5.061 5.485 5.683 5.182 4.844 4.521 4.127 3.799 3.768
0.00100 1.30e+10 0.7244722843    0.724 -0.058  3.7828  4.439    0  0.000  0.463     0.00     0.00 -1         0      0.00 7.000e-01 2.990e-01 1.100e-03 5.880e-04 3.170e-03 -1.000 1.000e-03 4.915 5.313 5.517 5.033 4.703 4.387 4.003 3.683 3.654
0.00100 1.30e+10 0.7337144613    0.733 -0.001  3.7867  4.403    0  0.000  0.463     0.00     0.00 -1         0      0.00 7.000e-01 2.990e-01 1.100e-03 5.880e-04 3.170e-03 -1.000 1.000e-03 4.772 5.151 5.358 4.887 4.564 4.254 3.879 3.566 3.539
0.00100 1.30e+10 0.7417292595    0.741  0.053  3.7898  4.366    0  0.000  0.463     0.00     0.00 -1         0      0.00 7.000e-01 2.990e-01 1.100e-03 5.880e-04 3.170e-03 -1.000 1.000e-03 4.638 5.003 5.211 4.751 4.434 4.129 3.761 3.454 3.429
0.00100 1.30e+10 0.7494760156    0.749  0.107  3.7924  4.328    0  0.000  0.463     0.00     0.00 -1         0      0.00 7.000e-01 2.990e-01 1.100e-03 5.880e-04 3.170e-03 -1.000 1.000e-03 4.503 4.855 5.063 4.614 4.301 4.001 3.639 3.337 3.313
0.00100 1.30e+10 0.7500000000    0.750  0.111  3.7926  4.325    0  0.000  0.463     0.00     0.00 -1         0      0.00 7.000e-01 2.990e-01 1.100e-03 5.880e-04 3.170e-03 -1.000 1.000e-03 4.494 4.845 5.053 4.604 4.292 3.991 3.630 3.329 3.304
0.00100 1.30e+10 0.7576569915    0.757  0.167  3.7947  4.281    0  0.000  0.463     0.00     0.00 -1         0      0.00 7.000e-01 2.990e-01 1.100e-03 5.880e-04 3.170e-03 -1.000 1.000e-03 4.352 4.695 4.901 4.459 4.152 3.855 3.498 3.202 3.178
0.00100 1.30e+10 0.7659617066    0.765  0.235  3.7963  4.225    0  0.000  0.463     0.00     0.00 -1         0      0.00 7.000e-01 2.990e-01 1.100e-03 5.880e-04 3.170e-03 -1.000 1.000e-03 4.183 4.523 4.724 4.289 3.984 3.691 3.338 3.045 3.022
0.00100 1.30e+10 0.7678290009    0.767  0.251  3.7966  4.210    0  0.000  0.463     0.00     0.00 -1         0      0.00 7.000e-01 2.990e-01 1.100e-03 5.880e-04 3.170e-03 -1.000 1.000e-03 4.143 4.482 4.682 4.248 3.944 3.651 3.298 3.006 2.983
0.00100 1.30e+10 0.7706864476    0.770  0.278  3.7964  4.184    0  0.000  0.463     0.00     0.00 -1         0      0.00 7.000e-01 2.990e-01 1.100e-03 5.880e-04 3.170e-03 -1.000 9.999e-04 4.074 4.415 4.613 4.179 3.875 3.582 3.229 2.936 2.913
0.00100 1.30e+10 0.7763946652    0.776  0.336  3.7949  4.123    0  0.000  0.463     0.00     0.00 -1         0      0.00 7.000e-01 2.990e-01 1.100e-03 5.880e-04 3.170e-03 -1.000 1.000e-03 3.929 4.277 4.470 4.033 3.728 3.432 3.076 2.781 2.757
0.00100 1.30e+10 0.7809554338    0.780  0.387  3.7924  4.064    0  0.000  0.463     0.00     0.00 -1         0      0.00 7.000e-01 2.990e-01 1.100e-03 5.880e-04 3.170e-03 -1.000 1.000e-03 3.801 4.163 4.349 3.907 3.597 3.298 2.936 2.636 2.612
0.00100 1.30e+10 0.7824665308    0.781  0.408  3.7903  4.036    0  0.000  0.463     0.00     0.00 -1         0      0.00 7.000e-01 2.990e-01 1.100e-03 5.880e-04 3.170e-03 -1.000 1.000e-03 3.750 4.123 4.306 3.857 3.544 3.242 2.874 2.571 2.546
0.00100 1.30e+10 0.7854434252    0.784  0.451  3.7848  3.973    0  0.000  0.463     0.00     0.00 -1         0      0.00 7.000e-01 2.990e-01 1.100e-03 5.880e-04 3.170e-03 -1.000 1.000e-03 3.643 4.044 4.219 3.754 3.431 3.121 2.740 2.425 2.398
0.00100 1.30e+10 0.7875987887    0.786  0.486  3.7785  3.914    0  0.000  0.463     0.00     0.00 -1         0      0.00 7.000e-01 2.990e-01 1.100e-03 5.880e-04 3.170e-03 -1.000 9.999e-04 3.555 3.991 4.155 3.671 3.338 3.018 2.621 2.294 2.264
0.00100 1.30e+10 0.7895025611    0.788  0.521  3.7700  3.846    0  0.000  0.463     0.00     0.00 -1         0      0.00 7.000e-01 2.990e-01 1.100e-03 5.880e-04 3.170e-03 -1.000 1.000e-03 3.468 3.961 4.106 3.592 3.245 2.911 2.493 2.149 2.116
0.00100 1.30e+10 0.7907484174    0.790  0.547  3.7622  3.789    0  0.000  0.463     0.00     0.00 -1         0      0.00 7.000e-01 2.990e-01 1.100e-03 5.880e-04 3.170e-03 -1.000 9.999e-04 3.403 3.953 4.078 3.536 3.175 2.829 2.392 2.032 1.995
0.00100 1.30e+10 0.7918413281    0.791  0.576  3.7541  3.729    0  0.000  0.463     0.00     0.00 -1         0      0.00 7.000e-01 2.990e-01 1.100e-03 5.880e-04 3.170e-03 -1.000 1.000e-03 3.330 3.945 4.047 3.473 3.098 2.739 2.281 1.904 1.863
0.00100 1.30e+10 0.7927880287    0.791  0.612  3.7470  3.664    0  0.000  0.463     0.00     0.00 -1         0      0.00 7.000e-01 2.990e-01 1.100e-03 5.880e-04 3.170e-03 -1.000 1.000e-03 3.240 3.921 3.996 3.393 3.005 2.635 2.159 1.766 1.722
0.00100 1.30e+10 0.7935154438    0.792  0.650  3.7420  3.607    0  0.000  0.463     0.00     0.00 -1         0      0.00 7.000e-01 2.990e-01 1.100e-03 5.880e-04 3.170e-03 -1.000 1.000e-03 3.146 3.874 3.930 3.307 2.909 2.532 2.042 1.639 1.592
0.00100 1.30e+10 0.7940055132    0.793  0.679  3.7389  3.566    0  0.000  0.463     0.00     0.00 -1         0      0.00 7.000e-01 2.990e-01 1.100e-03 5.880e-04 3.170e-03 -1.000 1.000e-03 3.073 3.829 3.874 3.239 2.836 2.453 1.955 1.545 1.497
0.00100 1.30e+10 0.7941174507    0.793  0.687  3.7383  3.556    0  0.000  0.463     0.00     0.00 -1         0      0.00 7.000e-01 2.990e-01 1.100e-03 5.880e-04 3.170e-03 -1.000 1.000e-03 3.053 3.815 3.857 3.220 2.816 2.432 1.933 1.521 1.474
0.00100 1.30e+10 0.7947067022    0.793  0.731  3.7356  3.501    0  0.000  0.463     0.00     0.00 -1         0      0.00 7.000e-01 2.990e-01 1.100e-03 5.880e-04 3.170e-03 -1.000 1.000e-03 2.943 3.735 3.764 3.115 2.705 2.317 1.810 1.392 1.343
0.00100 1.30e+10 0.7952035069    0.794  0.772  3.7336  3.452    0  0.000  0.463     0.00     0.00 -1         0      0.00 7.000e-01 2.990e-01 1.100e-03 5.880e-04 3.170e-03 -1.000 1.000e-03 2.840 3.656 3.673 3.015 2.602 2.211 1.699 1.276 1.226
0.00100 1.30e+10 0.7957550883    0.794  0.822  3.7316  3.395    0  0.000  0.463     0.00     0.00 -1         0      0.00 7.000e-01 2.990e-01 1.100e-03 5.880e-04 3.170e-03 -1.000 1.000e-03 2.716 3.555 3.560 2.895 2.478 2.084 1.566 1.138 1.087
0.00100 1.30e+10 0.7962652445    0.795  0.871  3.7298  3.338    0  0.000  0.463     0.00     0.00 -1         0      0.00 7.000e-01 2.990e-01 1.100e-03 5.880e-04 3.170e-03 -1.000 1.000e-03 2.592 3.453 3.447 2.774 2.354 1.957 1.434 1.002 0.950
0.00100 1.30e+10 0.7967774272    0.795  0.926  3.7281  3.277    0  0.000  0.463     0.00     0.00 -1         0      0.00 7.000e-01 2.990e-01 1.100e-03 5.880e-04 3.170e-03 -1.000 1.000e-03 2.456 3.338 3.322 2.642 2.219 1.819 1.291 0.855 0.803
0.00100 1.30e+10 0.7972312570    0.795  0.978  3.7266  3.219    0  0.000  0.463     0.00     0.00 -1         0      0.00 7.000e-01 2.990e-01 1.100e-03 5.880e-04 3.170e-03 -1.000 1.000e-03 2.325 3.225 3.200 2.514 2.088 1.685 1.153 0.713 0.660
0.00100 1.30e+10 0.7976164818    0.796  1.027  3.7251  3.164    0  0.000  0.463     0.00     0.00 -1         0      0.00 7.000e-01 2.990e-01 1.100e-03 5.880e-04 3.170e-03 -1.000 1.000e-03 2.204 3.122 3.088 2.396 1.967 1.562 1.025 0.582 0.528
0.00100 1.30e+10 0.7979180813    0.796  1.067  3.7238  3.119    0  0.000  0.463     0.00     0.00 -1         0      0.00 7.000e-01 2.990e-01 1.100e-03 5.880e-04 3.170e-03 -1.000 1.000e-03 2.101 3.034 2.993 2.296 1.865 1.458 0.917 0.471 0.417
0.00100 1.30e+10 0.7982522249    0.796  1.117  3.7224  3.064    0  0.000  0.463     0.00     0.00 -1         0      0.00 7.000e-01 2.990e-01 1.100e-03 5.880e-04 3.170e-03 -1.000 1.000e-03 1.978 2.931 2.880 2.176 1.743 1.333 0.788 0.338 0.283
0.00100 1.30e+10 0.7985717654    0.796  1.168  3.7207  3.006    0  0.000  0.463     0.00     0.00 -1         0      0.00 7.000e-01 2.990e-01 1.100e-03 5.880e-04 3.170e-03 -1.000 1.000e-03 1.849 2.824 2.763 2.052 1.615 1.202 0.652 0.197 0.142
0.00100 1.30e+10 0.7988612652    0.797  1.220  3.7190  2.947    0  0.000  0.463     0.00     0.00 -1         0      0.00 7.000e-01 2.990e-01 1.100e-03 5.880e-04 3.170e-03 -1.000 1.000e-03 1.720 2.721 2.646 1.927 1.487 1.071 0.516 0.057 0.001
0.00100 1.30e+10 0.7991141081    0.797  1.269  3.7174  2.892    0  0.000  0.463     0.00     0.00 -1         0      0.00 7.000e-01 2.990e-01 1.100e-03 5.880e-04 3.170e-03 -1.000 1.000e-03 1.597 2.622 2.534 1.808 1.364 0.946 0.385 -0.078 -0.133
0.00100 1.30e+10 0.7993428111    0.797  1.318  3.7156  2.836    0  0.000  0.463     0.00     0.00 -1         0      0.00 7.000e-01 2.990e-01 1.100e-03 5.880e-04 3.170e-03 -1.000 1.000e-03 1.475 2.526 2.425 1.690 1.243 0.822 0.256 -0.212 -0.268
0.00100 1.30e+10 0.7995485067    0.797  1.366  3.7138  2.781    0  0.000  0.463     0.00     0.00 -1         0      0.00 7.000e-01 2.990e-01 1.100e-03 5.880e-04 3.170e-03 -1.000 1.000e-03 1.355 2.433 2.319 1.575 1.124 0.700 0.129 -0.344 -0.401
0.00100 1.30e+10 0.7997395396    0.797  1.415  3.7120  2.725    0  0.000  0.463     0.00     0.00 -1         0      0.00 7.000e-01 2.990e-01 1.100e-03 5.880e-04 3.170e-03 -1.000 1.000e-03 1.233 2.337 2.210 1.458 1.003 0.576 -0.001 -0.478 -0.535
0.00100 1.30e+10 0.7999086976    0.797  1.462  3.7101  2.669    0  0.000  0.463     0.00     0.00 -1         0      0.00 7.000e-01 2.990e-01 1.100e-03 5.880e-04 3.170e-03 -1.000 1.000e-03 1.115 2.247 2.106 1.344 0.886 0.455 -0.128 -0.610 -0.668
0.00100 1.30e+10 0.8000000119    0.797  1.490  3.7089  2.637    0  0.000  0.463     0.00     0.00 -1  2.07e-11      0.00 7.000e-01 2.990e-01 1.100e-03 5.880e-04 3.170e-03 -1.000 1.000e-03 1.044 2.195 2.045 1.277 0.816 0.383 -0.203 -0.688 -0.747
0.00100 1.30e+10 0.8000662923    0.797  1.511  3.7080  2.613    0  0.000  0.463     0.00     0.00 -1  2.23e-11      0.00 7.000e-01 2.990e-01 1.100e-03 5.880e-04 3.170e-03 -1.000 1.000e-03 0.993 2.157 2.001 1.229 0.766 0.331 -0.257 -0.745 -0.804
0.00100 1.30e+10 0.8002054691    0.797  1.558  3.7061  2.558    0  0.000  0.463     0.00     0.00 -1  2.65e-11      0.00 7.000e-01 2.990e-01 1.100e-03 5.880e-04 3.170e-03 -1.000 1.000e-03 0.875 2.071 1.899 1.117 0.650 0.212 -0.383 -0.876 -0.936
0.00100 1.30e+10 0.8003295064    0.797  1.604  3.7041  2.504    0  0.000  0.463     0.00     0.00 -1  3.13e-11      0.00 7.000e-01 2.990e-01 1.100e-03 5.880e-04 3.170e-03 -1.000 9.999e-04 0.761 1.989 1.802 1.009 0.538 0.096 -0.505 -1.004 -1.064
0.00100 1.30e+10 0.8004444838    0.797  1.650  3.7021  2.450    0  0.000  0.463     0.00     0.00 -1  3.71e-11      0.00 7.000e-01 2.990e-01 1.100e-03 5.880e-04 3.170e-03 -1.000 1.000e-03 0.646 1.907 1.704 0.900 0.424 -0.021 -0.628 -1.132 -1.193
0.00100 1.30e+10 0.8005465865    0.796  1.694  3.7000  2.397    0  0.000  0.463     0.00     0.00 -1  4.37e-11      0.00 7.000e-01 2.990e-01 1.100e-03 5.880e-04 3.170e-03 -1.000 1.000e-03 0.535 1.833 1.612 0.796 0.315 -0.134 -0.748 -1.257 -1.319
0.00100 1.30e+10 0.8006428480    0.796  1.739  3.6979  2.343    0  0.000  0.463     0.00     0.00 -1  5.15e-11      0.00 7.000e-01 2.990e-01 1.100e-03 5.880e-04 3.170e-03 -1.000 1.000e-03 0.422 1.757 1.517 0.689 0.203 -0.250 -0.870 -1.385 -1.447
0.00100 1.30e+10 0.8007295728    0.796  1.783  3.6957  2.290    0  0.000  0.463     0.00     0.00 -1  6.07e-11      0.00 7.000e-01 2.990e-01 1.100e-03 5.880e-04 3.170e-03 -1.000 1.000e-03 0.311 1.684 1.426 0.586 0.095 -0.363 -0.989 -1.509 -1.573
0.00100 1.30e+10 0.8008106351    0.796  1.827  3.6935  2.237    0  0.000  0.463     0.00     0.00 -1  7.13e-11      0.00 7.000e-01 2.990e-01 1.100e-03 5.880e-04 3.170e-03 -1.000 1.000e-03 0.201 1.616 1.337 0.485 -0.012 -0.473 -1.107 -1.634 -1.698
0.00100 1.30e+10 0.8008882403    0.796  1.871  3.6913  2.185    0  0.000  0.463     0.00     0.00 -1  8.39e-11      0.00 7.000e-01 2.990e-01 1.100e-03 5.880e-04 3.170e-03 -1.000 1.000e-03 0.092 1.548 1.249 0.383 -0.118 -0.584 -1.225 -1.758 -1.823
0.00100 1.30e+10 0.8009679317    0.795  1.914  3.6891  2.133    0  0.000  0.463     0.00     0.00 -1  9.84e-11      0.00 7.000e-01 2.990e-01 1.100e-03 5.880e-04 3.170e-03 -1.000 1.000e-03 -0.016 1.485 1.163 0.285 -0.222 -0.692 -1.341 -1.880 -1.945
0.00100 1.30e+10 0.8010402322    0.795  1.936  3.6881  2.107    0  0.000  0.463     0.00     0.00 -1  1.07e-10      0.00 7.000e-01 2.990e-01 1.100e-03 5.880e-04 3.170e-03 -1.000 1.000e-03 -0.070 1.449 1.118 0.234 -0.275 -0.747 -1.399 -1.941 -2.006
0.00100 1.30e+10 0.8010959029    0.795  1.919  3.6894  2.129    0  0.000  0.463     0.00     0.00 -1  1.01e-10      0.00 7.000e-01 2.990e-01 1.100e-03 5.880e-04 3.170e-03 -1.000 1.000e-03 -0.027 1.467 1.148 0.272 -0.234 -0.704 -1.351 -1.889 -1.955
0.00100 1.30e+10 0.8011057377    0.795  1.916  3.6897  2.133    0  0.000  0.463     0.00     0.00 -1  9.98e-11      0.00 7.000e-01 2.990e-01 1.100e-03 5.880e-04 3.170e-03 -1.000 1.000e-03 -0.019 1.471 1.154 0.279 -0.227 -0.696 -1.342 -1.880 -1.945
0.00100 1.30e+10 0.8011521101    0.794  1.951  3.6878  2.091    0  0.000  0.463     0.00     0.00 -1  1.13e-10      0.00 7.000e-01 2.990e-01 1.100e-03 5.880e-04 3.170e-03 -1.000 1.000e-03 -0.107 1.419 1.085 0.199 -0.312 -0.784 -1.436 -1.979 -2.045
0.00100 1.30e+10 0.8012032509    0.794  1.991  3.6856  2.041    0  0.000  0.463     0.00     0.00 -1  1.31e-10      0.00 7.000e-01 2.990e-01 1.100e-03 5.880e-04 3.170e-03 -1.000 1.000e-03 -0.209 1.361 1.005 0.106 -0.410 -0.887 -1.547 -2.096 -2.163
0.00100 1.30e+10 0.8012526631    0.794  2.033  3.6833  1.990    0  0.000  0.463     0.00     0.00 -1  1.53e-10      0.00 7.000e-01 2.990e-01 1.100e-03 5.880e-04 3.170e-03 -1.000 1.000e-03 -0.313 1.303 0.925 0.011 -0.511 -0.992 -1.659 -2.215 -2.282
0.00100 1.30e+10 0.8012977839    0.793  2.073  3.6810  1.940    0  0.000  0.463     0.00     0.00 -1  1.77e-10      0.00 7.000e-01 2.990e-01 1.100e-03 5.880e-04 3.170e-03 -1.000 1.000e-03 -0.414 1.251 0.848 -0.080 -0.608 -1.093 -1.769 -2.331 -2.399
0.00100 1.30e+10 0.8013405204    0.793  2.115  3.6786  1.889    0  0.000  0.463     0.00     0.00 -1  2.07e-10      0.00 7.000e-01 2.990e-01 1.100e-03 5.880e-04 3.170e-03 -1.000 1.000e-03 -0.517 1.200 0.772 -0.172 -0.706 -1.196 -1.880 -2.450 -2.518
0.00100 1.30e+10 0.8013790250    0.793  2.155  3.6762  1.839    0  0.000  0.463     0.00     0.00 -1   2.4e-10      0.00 7.000e-01 2.990e-01 1.100e-03 5.880e-04 3.170e-03 -1.000 1.000e-03 -0.617 1.153 0.699 -0.260 -0.801 -1.296 -1.989 -2.565 -2.635
0.00100 1.30e+10 0.8014148474    0.792  2.195  3.6738  1.789    0  0.000  0.463     0.00     0.00 -1  2.79e-10      0.00 7.000e-01 2.990e-01 1.100e-03 5.880e-04 3.170e-03 -1.000 1.000e-03 -0.717 1.108 0.627 -0.348 -0.896 -1.396 -2.097 -2.680 -2.751
0.00100 1.30e+10 0.8014476895    0.792  2.234  3.6714  1.740    0  0.000  0.463     0.00     0.00 -1  3.24e-10      0.00 7.000e-01 2.990e-01 1.100e-03 5.880e-04 3.170e-03 -1.000 1.000e-03 -0.815 1.064 0.557 -0.435 -0.990 -1.495 -2.204 -2.794 -2.866
0.00100 1.30e+10 0.8014780879    0.791  2.274  3.6689  1.690    0  0.000  0.463     0.00     0.00 -1  3.76e-10      0.00 7.000e-01 2.990e-01 1.100e-03 5.880e-04 3.170e-03 -1.000 1.000e-03 -0.914 1.023 0.487 -0.522 -1.083 -1.593 -2.312 -2.909 -2.982
0.00100 1.30e+10 0.8015056849    0.790  2.312  3.6665  1.641    0  0.000  0.463     0.00     0.00 -1  4.35e-10      0.00 7.000e-01 2.990e-01 1.100e-03 5.880e-04 3.170e-03 -1.000 1.000e-03 -1.011 0.985 0.421 -0.605 -1.174 -1.689 -2.416 -3.021 -3.095
0.00100 1.30e+10 0.8015317917    0.790  2.352  3.6640  1.591    0  0.000  0.463     0.00     0.00 -1  5.04e-10      0.00 7.000e-01 2.990e-01 1.100e-03 5.880e-04 3.170e-03 -1.000 1.000e-03 -1.110 0.949 0.355 -0.689 -1.266 -1.786 -2.523 -3.136 -3.211
0.00100 1.30e+10 0.8015555739    0.789  2.390  3.6614  1.542    0  0.000  0.463     0.00     0.00 -1  5.82e-10      0.00 7.000e-01 2.990e-01 1.100e-03 5.880e-04 3.170e-03 -1.000 1.000e-03 -1.206 0.917 0.292 -0.770 -1.355 -1.881 -2.628 -3.248 -3.324
0.00100 1.30e+10 0.8015776277    0.788  2.428  3.6589  1.494    0  0.000  0.463     0.00     0.00 -1  6.73e-10      0.00 7.000e-01 2.990e-01 1.100e-03 5.880e-04 3.170e-03 -1.000 1.000e-03 -1.301 0.887 0.231 -0.850 -1.443 -1.975 -2.731 -3.359 -3.436
0.00100 1.30e+10 0.8015978336    0.787  2.465  3.6565  1.447    0  0.000  0.463     0.00     0.00 -1  7.73e-10      0.00 7.000e-01 2.990e-01 1.100e-03 5.880e-04 3.170e-03 -1.000 1.000e-03 -1.393 0.864 0.173 -0.928 -1.529 -2.067 -2.832 -3.467 -3.545
0.00100 1.30e+10 0.8016209602    0.786  2.511  3.6532  1.387    0  0.000  0.463     0.00     0.00 -1  9.21e-10      0.00 7.000e-01 2.990e-01 1.100e-03 5.880e-04 3.170e-03 -1.000 1.000e-03 -1.508 0.844 0.107 -1.021 -1.634 -2.179 -2.957 -3.602 -3.681
0.00100 1.30e+10 0.8016383052    0.785  2.548  3.6506  1.339    0  0.000  0.463     0.00     0.00 -1  1.06e-09      0.00 7.000e-01 2.990e-01 1.100e-03 5.880e-04 3.170e-03 -1.000 1.000e-03 -1.601 0.833 0.057 -1.094 -1.717 -2.269 -3.058 -3.711 -3.792
0.00100 1.30e+10 0.8016574383    0.784  2.592  3.6477  1.283    0  0.000  0.463     0.00     0.00 -1  1.25e-09      0.00 7.000e-01 2.990e-01 1.100e-03 5.880e-04 3.170e-03 -1.000 1.000e-03 -1.710 0.819 -0.004 -1.180 -1.815 -2.374 -3.176 -3.838 -3.920
0.00100 1.30e+10 0.8016754389    0.783  2.636  3.6445  1.226    0  0.000  0.463     0.00     0.00 -1  1.48e-09      0.00 7.000e-01 2.990e-01 1.100e-03 5.880e-04 3.170e-03 -1.000 9.999e-04 -1.820 0.814 -0.061 -1.265 -1.913 -2.480 -3.296 -3.968 -4.052
0.00100 1.30e+10 0.8016890883    0.782  2.672  3.6419  1.178    0  0.000  0.463     0.00     0.00 -1   1.7e-09      0.00 7.000e-01 2.990e-01 1.100e-03 5.880e-04 3.170e-03 -1.000 1.000e-03 -1.910 0.812 -0.106 -1.334 -1.992 -2.567 -3.394 -4.074 -4.160
0.00100 1.30e+10 0.8017040491    0.780  2.714  3.6389  1.124    0  0.000  0.463     0.00     0.00 -1     2e-09      0.00 7.000e-01 2.990e-01 1.100e-03 5.880e-04 3.170e-03 -1.000 1.000e-03 -2.015 0.812 -0.157 -1.413 -2.084 -2.667 -3.507 -4.196 -4.285
0.00100 1.30e+10 0.8017182350    0.778  2.757  3.6358  1.068    0  0.000  0.463     0.00     0.00 -1  2.36e-09      0.00 7.000e-01 2.990e-01 1.100e-03 5.880e-04 3.170e-03 -1.000 1.000e-03 -2.122 0.820 -0.206 -1.491 -2.176 -2.768 -3.622 -4.321 -4.412
0.00100 1.30e+10 0.8017316461    0.776  2.800  3.6325  1.010    0  0.000  0.463     0.00     0.00 -1  2.79e-09      0.00 7.000e-01 2.990e-01 1.100e-03 5.880e-04 3.170e-03 -1.000 1.000e-03 -2.230 0.835 -0.251 -1.568 -2.268 -2.870 -3.739 -4.449 -4.542
0.00100 1.30e+10 0.8017431498    0.774  2.840  3.6296  0.958    0  0.000  0.463     0.00     0.00 -1  3.24e-09      0.00 7.000e-01 2.990e-01 1.100e-03 5.880e-04 3.170e-03 -1.000 1.000e-03 -2.329 0.856 -0.289 -1.638 -2.352 -2.963 -3.846 -4.566 -4.661
0.00100 1.30e+10 0.8017541766    0.772  2.880  3.6266  0.904    0  0.000  0.463     0.00     0.00 -1  3.79e-09      0.00 7.000e-01 2.990e-01 1.100e-03 5.880e-04 3.170e-03 -1.000 1.000e-03 -2.430 0.884 -0.325 -1.708 -2.438 -3.059 -3.956 -4.685 -4.783
0.00100 1.30e+10 0.8017646074    0.770  2.921  3.6233  0.848    0  0.000  0.463     0.00     0.00 -1  4.46e-09      0.00 7.000e-01 2.990e-01 1.100e-03 5.880e-04 3.170e-03 -1.000 1.000e-03 -2.533 0.925 -0.353 -1.772 -2.521 -3.153 -4.067 -4.807 -4.908
0.00100 1.30e+10 0.8017740250    0.767  2.960  3.6202  0.795    0  0.000  0.463     0.00     0.00 -1  5.19e-09      0.00 7.000e-01 2.990e-01 1.100e-03 5.880e-04 3.170e-03 -1.000 1.000e-03 -2.631 0.963 -0.381 -1.833 -2.600 -3.243 -4.172 -4.922 -5.027
0.00100 1.30e+10 0.8017826676    0.765  2.999  3.6174  0.744    0  0.000  0.463     0.00     0.00 -1  6.03e-09      0.00 7.000e-01 2.990e-01 1.100e-03 5.880e-04 3.170e-03 -1.000 9.999e-04 -2.728 0.997 -0.410 -1.895 -2.678 -3.332 -4.276 -5.035 -5.142
0.00100 1.30e+10 0.8017908335    0.762  3.038  3.6143  0.691    0  0.000  0.463     0.00     0.00 -1  7.02e-09      0.00 7.000e-01 2.990e-01 1.100e-03 5.880e-04 3.170e-03 -1.000 1.000e-03 -2.824 1.044 -0.431 -1.953 -2.754 -3.420 -4.380 -5.149 -5.260
0.00100 1.30e+10 0.8017987013    0.758  3.077  3.6113  0.638    0  0.000  0.463     0.00     0.00 -1  8.18e-09      0.00 7.000e-01 2.990e-01 1.100e-03 5.880e-04 3.170e-03 -1.000 1.000e-03 -2.922 1.086 -0.456 -2.012 -2.832 -3.509 -4.485 -5.264 -5.378
0.00100 1.30e+10 0.8018055558    0.755  3.113  3.6085  0.589    0  0.000  0.463     0.00     0.00 -1  9.44e-09      0.00 7.000e-01 2.990e-01 1.100e-03 5.880e-04 3.170e-03 -1.000 1.000e-03 -3.013 1.125 -0.477 -2.065 -2.901 -3.591 -4.581 -5.370 -5.488
0.00100 1.30e+10 0.8018122315    0.751  3.150  3.6056  0.538    0  0.000  0.463     0.00     0.00 -1  1.09e-08      0.00 7.000e-01 2.990e-01 1.100e-03 5.880e-04 3.170e-03 -1.000 1.000e-03 -3.106 1.168 -0.497 -2.118 -2.972 -3.674 -4.680 -5.479 -5.600
0.00100 1.30e+10 0.8018184900    0.747  3.187  3.6026  0.487    0  0.000  0.463     0.00     0.00 -1  1.27e-08      0.00 7.000e-01 2.990e-01 1.100e-03 5.880e-04 3.170e-03 -1.000 1.000e-03 -3.198 1.215 -0.513 -2.168 -3.042 -3.756 -4.778 -5.588 -5.712
0.00100 1.30e+10 0.8018242717    0.742  3.223  3.5998  0.437    0  0.000  0.463     0.00     0.00 -1  1.46e-08      0.00 7.000e-01 2.990e-01 1.100e-03 5.880e-04 3.170e-03 -1.000 1.000e-03 -3.287 1.267 -0.522 -2.213 -3.107 -3.836 -4.873 -5.693 -5.820
0.00100 1.30e+10 0.8018295765    0.738  3.257  3.5972  0.390    0  0.000  0.463     0.00     0.00 -1  1.67e-08      0.00 7.000e-01 2.990e-01 1.100e-03 5.880e-04 3.170e-03 -1.000 1.000e-03 -3.372 1.315 -0.529 -2.255 -3.169 -3.911 -4.964 -5.793 -5.924
0.00100 1.30e+10 0.8018345833    0.733  3.290  3.5946  0.343    0  0.000  0.463     0.00     0.00 -1  1.91e-08      0.00 7.000e-01 2.990e-01 1.100e-03 5.880e-04 3.170e-03 -1.000 1.000e-03 -3.455 1.362 -0.535 -2.294 -3.228 -3.984 -5.052 -5.890 -6.024
0.00100 1.30e+10 0.8018394709    0.727  3.321  3.5921  0.299    0  0.000  0.463     0.00     0.00 -1  2.17e-08      0.00 7.000e-01 2.990e-01 1.100e-03 5.880e-04 3.170e-03 -1.000 1.000e-03 -3.533 1.406 -0.539 -2.329 -3.282 -4.052 -5.134 -5.980 -6.118
0.00100 1.30e+10 0.8018405437    0.726  1.717  3.7488  2.529    4  0.000  0.463     0.00     0.00 -1         0      0.00 7.000e-01 2.990e-01 1.100e-03 5.880e-04 3.170e-03 -1.000 1.000e-03 0.477 1.181 1.179 0.608 0.230 -0.132 -0.604 -0.987 -1.029
0.00100 1.30e+10 0.8018858433    0.726  1.733  3.7477  2.508    4  0.000  0.463     0.00     0.00 -1         0      0.00 7.000e-01 2.990e-01 1.100e-03 5.880e-04 3.170e-03 -1.000 1.000e-03 0.437 1.153 1.146 0.571 0.190 -0.174 -0.649 -1.034 -1.076
0.00100 1.30e+10 0.8019320965    0.726  1.736  3.7475  2.505    4  0.000  0.463     0.00     0.00 -1         0      0.00 7.000e-01 2.990e-01 1.100e-03 5.880e-04 3.170e-03 -1.000 1.000e-03 0.429 1.147 1.139 0.563 0.182 -0.182 -0.657 -1.043 -1.085
0.00100 1.30e+10 0.8019791842    0.726  1.737  3.7477  2.504    4  0.000  0.463     0.00     0.00 -1         0      0.00 7.000e-01 2.990e-01 1.100e-03 5.880e-04 3.170e-03 -1.000 1.000e-03 0.426 1.142 1.135 0.560 0.179 -0.185 -0.659 -1.045 -1.087
0.00100 1.30e+10 0.8020278811    0.726  1.738  3.7482  2.506    4  0.000  0.463     0.00     0.00 -1         0      0.00 7.000e-01 2.990e-01 1.100e-03 5.880e-04 3.170e-03 -1.000 1.000e-03 0.425 1.137 1.131 0.558 0.178 -0.185 -0.659 -1.043 -1.085
0.00100 1.30e+10 0.8020752072    0.726  1.737  3.7488  2.509    4  0.000  0.463     0.00     0.00 -1         0      0.00 7.000e-01 2.990e-01 1.100e-03 5.880e-04 3.170e-03 -1.000 9.999e-04 0.426 1.133 1.128 0.558 0.179 -0.183 -0.655 -1.037 -1.080
0.00100 1.30e+10 0.8021229506    0.726  1.737  3.7496  2.513    4  0.000  0.463     0.00     0.00 -1         0      0.00 7.000e-01 2.990e-01 1.100e-03 5.880e-04 3.170e-03 -1.000 1.000e-03 0.429 1.128 1.125 0.558 0.182 -0.179 -0.649 -1.030 -1.071
0.00100 1.30e+10 0.8021717072    0.726  1.735  3.7506  2.518    4  0.000  0.463     0.00     0.00 -1         0      0.00 7.000e-01 2.990e-01 1.100e-03 5.880e-04 3.170e-03 -1.000 1.000e-03 0.432 1.122 1.122 0.560 0.185 -0.174 -0.641 -1.020 -1.061
0.00100 1.30e+10 0.8022198677    0.726  1.734  3.7516  2.524    4  0.000  0.463     0.00     0.00 -1         0      0.00 7.000e-01 2.990e-01 1.100e-03 5.880e-04 3.170e-03 -1.000 1.000e-03 0.436 1.117 1.119 0.562 0.189 -0.168 -0.633 -1.009 -1.050
0.00100 1.30e+10 0.8022688031    0.726  1.732  3.7526  2.529    4  0.000  0.463     0.00     0.00 -1         0      0.00 7.000e-01 2.990e-01 1.100e-03 5.880e-04 3.170e-03 -1.000 9.999e-04 0.439 1.113 1.117 0.563 0.193 -0.163 -0.625 -0.998 -1.039
0.00100 1.30e+10 0.8023150563    0.726  1.731  3.7535  2.534    4  0.000  0.463     0.00     0.00 -1         0      0.00 7.000e-01 2.990e-01 1.100e-03 5.880e-04 3.170e-03 -1.000 1.000e-03 0.443 1.109 1.114 0.565 0.196 -0.158 -0.617 -0.988 -1.028
0.00100 1.30e+10 0.8023643494    0.726  1.730  3.7545  2.540    4  0.000  0.463     0.00     0.00 -1         0      0.00 7.000e-01 2.990e-01 1.100e-03 5.880e-04 3.170e-03 -1.000 1.000e-03 0.446 1.105 1.112 0.566 0.199 -0.153 -0.609 -0.978 -1.018
0.00100 1.30e+10 0.8024128079    0.726  1.728  3.7554  2.544    4  0.000  0.463     0.00     0.00 -1         0      0.00 7.000e-01 2.990e-01 1.100e-03 5.880e-04 3.170e-03 -1.000 1.000e-03 0.449 1.101 1.110 0.567 0.202 -0.148 -0.602 -0.969 -1.009
0.00100 1.30e+10 0.8024581671    0.726  1.728  3.7561  2.548    4  0.000  0.463     0.00     0.00 -1         0      0.00 7.000e-01 2.990e-01 1.100e-03 5.880e-04 3.170e-03 -1.000 1.000e-03 0.451 1.098 1.107 0.568 0.205 -0.144 -0.597 -0.962 -1.002
0.00100 1.30e+10 0.8025059700    0.726  1.727  3.7567  2.551    4  0.000  0.463     0.00     0.00 -1         0      0.00 7.000e-01 2.990e-01 1.100e-03 5.880e-04 3.170e-03 -1.000 1.000e-03 0.453 1.095 1.105 0.569 0.206 -0.142 -0.593 -0.956 -0.995
0.00100 1.30e+10 0.8025171757    0.726  1.727  3.7569  2.552    4  0.000  0.463     0.00     0.00 -1         0      0.00 7.000e-01 2.990e-01 1.100e-03 5.880e-04 3.170e-03 -1.000 1.000e-03 0.453 1.095 1.105 0.569 0.207 -0.141 -0.592 -0.955 -0.994
0.00100 1.30e+10 0.8025267124    0.726  1.727  3.7570  2.552    4  0.000  0.463     0.00     0.00 -1         0      0.00 7.000e-01 2.990e-01 1.100e-03 5.880e-04 3.170e-03 -1.000 1.000e-03 0.453 1.094 1.104 0.569 0.207 -0.141 -0.591 -0.954 -0.993
0.00100 1.30e+10 0.8025753498    0.727  1.727  3.7573  2.554    4  0.000  0.463     0.00     0.00 -1         0      0.00 7.000e-01 2.990e-01 1.100e-03 5.880e-04 3.170e-03 -1.000 1.000e-03 0.453 1.091 1.102 0.568 0.207 -0.140 -0.589 -0.951 -0.990
0.00100 1.30e+10 0.8026248217    0.727  1.727  3.7575  2.555    4  0.000  0.463     0.00     0.00 -1         0      0.00 7.000e-01 2.990e-01 1.100e-03 5.880e-04 3.170e-03 -1.000 1.000e-03 0.453 1.089 1.101 0.567 0.207 -0.140 -0.589 -0.950 -0.989
0.00100 1.30e+10 0.8026728034    0.727  1.727  3.7575  2.554    4  0.000  0.463     0.00     0.00 -1         0      0.00 7.000e-01 2.990e-01 1.100e-03 5.880e-04 3.170e-03 -1.000 9.999e-04 0.451 1.088 1.099 0.566 0.205 -0.141 -0.590 -0.952 -0.991
0.00100 1.30e+10 0.8027204871    0.727  1.728  3.7574  2.553    4  0.000  0.463     0.00     0.00 -1         0      0.00 7.000e-01 2.990e-01 1.100e-03 5.880e-04 3.170e-03 -1.000 1.000e-03 0.449 1.087 1.097 0.564 0.203 -0.144 -0.593 -0.955 -0.994
0.00100 1.30e+10 0.8027676344    0.727  1.730  3.7571  2.550    4  0.000  0.463     0.00     0.00 -1         0      0.00 7.000e-01 2.990e-01 1.100e-03 5.880e-04 3.170e-03 -1.000 1.000e-03 0.445 1.086 1.096 0.561 0.199 -0.148 -0.598 -0.961 -1.000
0.00100 1.30e+10 0.8028174639    0.727  1.732  3.7564  2.545    4  0.000  0.463     0.00     0.00 -1         0      0.00 7.000e-01 2.990e-01 1.100e-03 5.880e-04 3.170e-03 -1.000 1.000e-03 0.440 1.085 1.094 0.556 0.194 -0.155 -0.607 -0.971 -1.010
0.00100 1.30e+10 0.8028672934    0.727  1.734  3.7558  2.540    4  0.000  0.463     0.00     0.00 -1         0      0.00 7.000e-01 2.990e-01 1.100e-03 5.880e-04 3.170e-03 -1.000 1.000e-03 0.434 1.084 1.092 0.552 0.187 -0.162 -0.616 -0.982 -1.021
0.00100 1.30e+10 0.8028793335    0.727  1.735  3.7556  2.539    4  0.000  0.463     0.00     0.00 -1         0      0.00 7.000e-01 2.990e-01 1.100e-03 5.880e-04 3.170e-03 -1.000 1.000e-03 0.432 1.084 1.091 0.550 0.186 -0.164 -0.618 -0.984 -1.024
0.00100 1.30e+10 0.8029016852    0.727  1.737  3.7551  2.535    4  0.000  0.463     0.00     0.00 -1         0      0.00 7.000e-01 2.990e-01 1.100e-03 5.880e-04 3.170e-03 -1.000 1.000e-03 0.428 1.084 1.091 0.547 0.182 -0.169 -0.624 -0.992 -1.032
0.00100 1.30e+10 0.8029431105    0.727  1.740  3.7541  2.528    4  0.000  0.463     0.00     0.00 -1         0      0.00 7.000e-01 2.990e-01 1.100e-03 5.880e-04 3.170e-03 -1.000 1.000e-03 0.420 1.083 1.088 0.541 0.174 -0.179 -0.637 -1.007 -1.047
0.00100 1.30e+10 0.8029847145    0.727  1.743  3.7531  2.520    4  0.000  0.463     0.00     0.00 -1         0      0.00 7.000e-01 2.990e-01 1.100e-03 5.880e-04 3.170e-03 -1.000 1.000e-03 0.412 1.082 1.086 0.534 0.165 -0.190 -0.650 -1.022 -1.063
0.00100 1.30e+10 0.8030253649    0.727  1.747  3.7520  2.513    4  0.000  0.463     0.00     0.00 -1         0      0.00 7.000e-01 2.990e-01 1.100e-03 5.880e-04 3.170e-03 -1.000 1.000e-03 0.402 1.081 1.082 0.527 0.155 -0.201 -0.664 -1.039 -1.080
0.00100 1.30e+10 0.8030664325    0.727  1.751  3.7509  2.504    4  0.000  0.463     0.00     0.00 -1         0      0.00 7.000e-01 2.990e-01 1.100e-03 5.880e-04 3.170e-03 -1.000 1.000e-03 0.392 1.080 1.079 0.519 0.145 -0.214 -0.680 -1.057 -1.099
0.00100 1.30e+10 0.8031076193    0.727  1.756  3.7497  2.494    4  0.000  0.463     0.00     0.00 -1         0      0.00 7.000e-01 2.990e-01 1.100e-03 5.880e-04 3.170e-03 -1.000 1.000e-03 0.380 1.079 1.075 0.509 0.133 -0.228 -0.697 -1.077 -1.119
0.00100 1.30e+10 0.8031483889    0.727  1.760  3.7488  2.487    4  0.000  0.463     0.00     0.00 -1         0      0.00 7.000e-01 2.990e-01 1.100e-03 5.880e-04 3.170e-03 -1.000 9.999e-04 0.370 1.078 1.071 0.501 0.123 -0.239 -0.711 -1.093 -1.135
0.00100 1.30e+10 0.8031896949    0.727  1.759  3.7493  2.490    4  0.000  0.463     0.00     0.00 -1         0      0.00 7.000e-01 2.990e-01 1.100e-03 5.880e-04 3.170e-03 -1.000 1.000e-03 0.373 1.076 1.070 0.503 0.125 -0.236 -0.706 -1.088 -1.129
0.00100 1.30e+10 0.8032305241    0.727  1.768  3.7471  2.472    4  0.000  0.463     0.00     0.00 -1         0      0.00 7.000e-01 2.990e-01 1.100e-03 5.880e-04 3.170e-03 -1.000 1.000e-03 0.350 1.074 1.062 0.484 0.103 -0.262 -0.739 -1.125 -1.167
0.00100 1.30e+10 0.8032748103    0.727  1.779  3.7447  2.451    4  0.000  0.463     0.00     0.00 -1         0      0.00 7.000e-01 2.990e-01 1.100e-03 5.880e-04 3.170e-03 -1.000 1.000e-03 0.322 1.068 1.048 0.460 0.074 -0.295 -0.778 -1.170 -1.214
0.00100 1.30e+10 0.8033113480    0.727  1.791  3.7424  2.430    4  0.000  0.463     0.00     0.00 -1         0      0.00 7.000e-01 2.990e-01 1.100e-03 5.880e-04 3.170e-03 -1.000 1.000e-03 0.292 1.059 1.033 0.435 0.044 -0.329 -0.818 -1.215 -1.259
0.00100 1.30e+10 0.8033524752    0.727  1.808  3.7395  2.402    4  0.000  0.463     0.00     0.00 -1         0      0.00 7.000e-01 2.990e-01 1.100e-03 5.880e-04 3.170e-03 -1.000 1.000e-03 0.250 1.044 1.010 0.398 0.002 -0.377 -0.873 -1.277 -1.323
0.00100 1.30e+10 0.8033941388    0.727  1.836  3.7351  2.356    4  0.000  0.463     0.00     0.00 -1         0      0.00 7.000e-01 2.990e-01 1.100e-03 5.880e-04 3.170e-03 -1.000 9.999e-04 0.179 1.023 0.970 0.337 -0.069 -0.455 -0.964 -1.379 -1.426
0.00100 1.30e+10 0.8034203053    0.727  1.870  3.7302  2.303    4  0.000  0.463     0.00     0.00 -1         0      0.00 7.000e-01 2.990e-01 1.100e-03 5.880e-04 3.170e-03 -1.000 1.000e-03 0.096 0.998 0.923 0.266 -0.151 -0.546 -1.068 -1.495 -1.544
0.00100 1.30e+10 0.8034334779    0.727  1.905  3.7252  2.248    4  0.000  0.463     0.00     0.00 -1         0      0.00 7.000e-01 2.990e-01 1.100e-03 5.880e-04 3.170e-03 -1.000 1.000e-03 0.007 0.969 0.870 0.188 -0.239 -0.642 -1.179 -1.618 -1.669
0.00100 1.30e+10 0.8034392595    0.728  1.938  3.7208  2.197    4  0.000  0.463     0.00     0.00 -1         0      0.00 7.000e-01 2.990e-01 1.100e-03 5.880e-04 3.170e-03 -1.000 1.000e-03 -0.076 0.946 0.822 0.117 -0.320 -0.731 -1.280 -1.731 -1.784
0.00100 1.30e+10 0.8034421802    0.728  1.972  3.7166  2.146    4  0.000  0.463     0.00     0.00 -1         0      0.00 7.000e-01 2.990e-01 1.100e-03 5.880e-04 3.170e-03 -1.000 1.000e-03 -0.161 0.922 0.772 0.044 -0.402 -0.821 -1.383 -1.845 -1.899
0.00100 1.30e+10 0.8034436703    0.728  2.003  3.7129  2.100    4  0.000  0.463     0.00     0.00 -1         0      0.00 7.000e-01 2.990e-01 1.100e-03 5.880e-04 3.170e-03 -1.000 1.000e-03 -0.238 0.898 0.726 -0.023 -0.477 -0.902 -1.475 -1.947 -2.003
0.00100 1.30e+10 0.8034445643    0.728  2.034  3.7097  2.057    4  0.000  0.463     0.00     0.00 -1         0      0.00 7.000e-01 2.990e-01 1.100e-03 5.880e-04 3.170e-03 -1.000 1.000e-03 -0.314 0.871 0.678 -0.089 -0.550 -0.981 -1.564 -2.044 -2.101
0.00100 1.30e+10 0.8034447432    0.728  2.040  3.7090  2.048    4  0.000  0.463     0.00     0.00 -1         0      0.00 7.000e-01 2.990e-01 1.100e-03 5.880e-04 3.170e-03 -1.000 1.000e-03 -0.329 0.866 0.668 -0.102 -0.565 -0.998 -1.582 -2.064 -2.122
0.00100 1.30e+10 0.8034448624    0.728  2.044  3.7086  2.042    4  0.000  0.463     0.00     0.00 -1         0      0.00 7.000e-01 2.990e-01 1.100e-03 5.880e-04 3.170e-03 -1.000 1.000e-03 -0.340 0.862 0.662 -0.111 -0.575 -1.009 -1.595 -2.078 -2.135
0.00100 1.30e+10 0.8034458756    0.728  2.091  3.7039  1.976    4  0.000  0.463     0.00     0.00 -1         0      0.00 7.000e-01 2.990e-01 1.100e-03 5.880e-04 3.170e-03 -1.000 1.000e-03 -0.458 0.822 0.586 -0.214 -0.689 -1.131 -1.732 -2.227 -2.286
0.00100 1.30e+10 0.8034467101    0.728  2.129  3.7003  1.924    4  0.000  0.463     0.00     0.00 -1         0      0.00 7.000e-01 2.990e-01 1.100e-03 5.880e-04 3.170e-03 -1.000 1.000e-03 -0.553 0.789 0.524 -0.297 -0.780 -1.230 -1.841 -2.346 -2.407
0.00100 1.30e+10 0.8034474850    0.728  2.161  3.6975  1.880    4  0.000  0.463     0.00     0.00 -1         0      0.00 7.000e-01 2.990e-01 1.100e-03 5.880e-04 3.170e-03 -1.000 1.000e-03 -0.634 0.759 0.471 -0.368 -0.858 -1.314 -1.933 -2.446 -2.507
0.00100 1.30e+10 0.8034483194    0.728  2.168  3.6970  1.872    4  0.000  0.463     0.00     0.00 -1         0      0.00 7.000e-01 2.990e-01 1.100e-03 5.880e-04 3.170e-03 -1.000 1.000e-03 -0.650 0.751 0.460 -0.382 -0.874 -1.330 -1.951 -2.465 -2.526
0.00100 1.30e+10 0.8034503460    0.728  2.165  3.6976  1.878    4  0.000  0.463     0.00     0.00 -1         0      0.00 7.000e-01 2.990e-01 1.100e-03 5.880e-04 3.170e-03 -1.000 1.000e-03 -0.641 0.750 0.463 -0.376 -0.866 -1.321 -1.941 -2.453 -2.514
0.00100 1.30e+10 0.8034520745    0.728  2.142  3.6996  1.909    4  0.000  0.463     0.00     0.00 -1         0      0.00 7.000e-01 2.990e-01 1.100e-03 5.880e-04 3.170e-03 -1.000 1.000e-03 -0.584 0.772 0.501 -0.325 -0.811 -1.262 -1.875 -2.382 -2.443
0.00100 1.30e+10 0.8034566641    0.728  2.129  3.7007  1.926    4  0.000  0.463     0.00     0.00 -1         0      0.00 7.000e-01 2.990e-01 1.100e-03 5.880e-04 3.170e-03 -1.000 1.000e-03 -0.552 0.785 0.523 -0.297 -0.779 -1.228 -1.838 -2.342 -2.402
0.00100 1.30e+10 0.8034834862    0.728  2.150  3.6983  1.895    4  0.000  0.463     0.00     0.00 -1         0      0.00 7.000e-01 2.990e-01 1.100e-03 5.880e-04 3.170e-03 -1.000 1.000e-03 -0.606 0.772 0.491 -0.343 -0.831 -1.285 -1.902 -2.412 -2.473
0.00100 1.30e+10 0.8034995198    0.728  2.185  3.6950  1.846    4  0.000  0.463     0.00     0.00 -1         0      0.00 7.000e-01 2.990e-01 1.100e-03 5.880e-04 3.170e-03 -1.000 1.000e-03 -0.693 0.745 0.436 -0.418 -0.915 -1.375 -2.003 -2.522 -2.584
0.00100 1.30e+10 0.8035175800    0.728  2.239  3.6900  1.773    4  0.000  0.463     0.00     0.00 -1         0      0.00 7.000e-01 2.990e-01 1.100e-03 5.880e-04 3.170e-03 -1.000 1.000e-03 -0.827 0.711 0.354 -0.531 -1.040 -1.510 -2.155 -2.688 -2.752
0.00100 1.30e+10 0.8035343289    0.728  2.287  3.6857  1.708    4  0.000  0.463     0.00     0.00 -1         0      0.00 7.000e-01 2.990e-01 1.100e-03 5.880e-04 3.170e-03 -1.000 1.000e-03 -0.947 0.679 0.280 -0.634 -1.154 -1.633 -2.291 -2.837 -2.902
0.00100 1.30e+10 0.8035489321    0.728  2.330  3.6819  1.649    4  0.000  0.463     0.00     0.00 -1         0      0.00 7.000e-01 2.990e-01 1.100e-03 5.880e-04 3.170e-03 -1.000 1.000e-03 -1.056 0.649 0.212 -0.727 -1.257 -1.742 -2.414 -2.970 -3.036
0.00100 1.30e+10 0.8035618663    0.728  2.373  3.6783  1.592    4  0.000  0.463     0.00     0.00 -1         0      0.00 7.000e-01 2.990e-01 1.100e-03 5.880e-04 3.170e-03 -1.000 1.000e-03 -1.162 0.624 0.148 -0.815 -1.355 -1.848 -2.533 -3.100 -3.168
0.00100 1.30e+10 0.8035731912    0.728  2.414  3.6747  1.536    4  0.000  0.463     0.00     0.00 -1         0      0.00 7.000e-01 2.990e-01 1.100e-03 5.880e-04 3.170e-03 -1.000 1.000e-03 -1.266 0.600 0.086 -0.901 -1.451 -1.951 -2.649 -3.226 -3.296
0.00100 1.30e+10 0.8035831451    0.728  2.455  3.6712  1.482    4  0.000  0.463     0.00     0.00 -1         0      0.00 7.000e-01 2.990e-01 1.100e-03 5.880e-04 3.170e-03 -1.000 1.000e-03 -1.368 0.579 0.026 -0.985 -1.546 -2.053 -2.763 -3.351 -3.421
0.00100 1.30e+10 0.8035920858    0.728  2.496  3.6678  1.427    4  0.000  0.463     0.00     0.00 -1         0      0.00 7.000e-01 2.990e-01 1.100e-03 5.880e-04 3.170e-03 -1.000 1.000e-03 -1.470 0.564 -0.031 -1.069 -1.640 -2.154 -2.877 -3.475 -3.547
0.00100 1.30e+10 0.8036002517    0.728  2.537  3.6642  1.372    4  0.000  0.463     0.00     0.00 -1         0      0.00 7.000e-01 2.990e-01 1.100e-03 5.880e-04 3.170e-03 -1.000 1.000e-03 -1.571 0.557 -0.084 -1.149 -1.732 -2.254 -2.990 -3.599 -3.672
0.00100 1.30e+10 0.8036077619    0.728  2.577  3.6607  1.318    4  0.000  0.463     0.00     0.00 -1         0      0.00 7.000e-01 2.990e-01 1.100e-03 5.880e-04 3.170e-03 -1.000 1.000e-03 -1.673 0.551 -0.136 -1.229 -1.823 -2.354 -3.103 -3.722 -3.797
0.00100 1.30e+10 0.8036147356    0.728  2.618  3.6572  1.263    4  0.000  0.463     0.00     0.00 -1         0      0.00 7.000e-01 2.990e-01 1.100e-03 5.880e-04 3.170e-03 -1.000 1.000e-03 -1.775 0.548 -0.187 -1.309 -1.916 -2.455 -3.218 -3.847 -3.924
0.00100 1.30e+10 0.8036211729    0.728  2.658  3.6537  1.208    4  0.000  0.463     0.00     0.00 -1         0      0.00 7.000e-01 2.990e-01 1.100e-03 5.880e-04 3.170e-03 -1.000 1.000e-03 -1.876 0.550 -0.235 -1.387 -2.007 -2.554 -3.331 -3.970 -4.049
0.00100 1.30e+10 0.8036274314    0.728  2.699  3.6502  1.154    4  0.000  0.463     0.00     0.00 -1         0      0.00 7.000e-01 2.990e-01 1.100e-03 5.880e-04 3.170e-03 -1.000 1.000e-03 -1.976 0.560 -0.279 -1.460 -2.093 -2.649 -3.441 -4.092 -4.172
0.00100 1.30e+10 0.8036334515    0.728  2.739  3.6466  1.100    4  0.000  0.463     0.00     0.00 -1         0      0.00 7.000e-01 2.990e-01 1.100e-03 5.880e-04 3.170e-03 -1.000 1.000e-03 -2.077 0.573 -0.321 -1.532 -2.179 -2.745 -3.552 -4.214 -4.296
0.00100 1.30e+10 0.8036392331    0.728  2.780  3.6430  1.044    4  0.000  0.463     0.00     0.00 -1         0      0.00 7.000e-01 2.990e-01 1.100e-03 5.880e-04 3.170e-03 -1.000 1.000e-03 -2.180 0.591 -0.362 -1.606 -2.268 -2.842 -3.665 -4.339 -4.424
0.00100 1.30e+10 0.8036443591    0.728  2.821  3.6394  0.989    4  0.000  0.463     0.00     0.00 -1         0      0.00 7.000e-01 2.990e-01 1.100e-03 5.880e-04 3.170e-03 -1.000 1.000e-03 -2.281 0.614 -0.399 -1.677 -2.354 -2.939 -3.777 -4.462 -4.550
0.00100 1.30e+10 0.8036490679    0.728  2.864  3.6354  0.929    4  0.000  0.463     0.00     0.00 -1         0      0.00 7.000e-01 2.990e-01 1.100e-03 5.880e-04 3.170e-03 -1.000 1.000e-03 -2.391 0.659 -0.430 -1.747 -2.444 -3.041 -3.897 -4.595 -4.686
0.00100 1.30e+10 0.8036528826    0.728  2.909  3.6314  0.869    4  0.000  0.463     0.00     0.00 -1         0      0.00 7.000e-01 2.990e-01 1.100e-03 5.880e-04 3.170e-03 -1.000 1.000e-03 -2.502 0.707 -0.459 -1.818 -2.534 -3.144 -4.019 -4.730 -4.824
0.00100 1.30e+10 0.8036557436    0.728  2.950  3.6277  0.813    4  0.000  0.463     0.00     0.00 -1         0      0.00 7.000e-01 2.990e-01 1.100e-03 5.880e-04 3.170e-03 -1.000 1.000e-03 -2.604 0.759 -0.482 -1.882 -2.617 -3.239 -4.132 -4.855 -4.952
0.00100 1.30e+10 0.8036583662    0.728  2.989  3.6241  0.759    4  0.000  0.463     0.00     0.00 -1         0      0.00 7.000e-01 2.990e-01 1.100e-03 5.880e-04 3.170e-03 -1.000 1.000e-03 -2.703 0.811 -0.502 -1.941 -2.695 -3.329 -4.240 -4.974 -5.074
0.00100 1.30e+10 0.8036608696    0.728  3.029  3.6205  0.704    4  0.000  0.463     0.00     0.00 -1         0      0.00 7.000e-01 2.990e-01 1.100e-03 5.880e-04 3.170e-03 -1.000 1.000e-03 -2.804 0.868 -0.521 -1.998 -2.772 -3.419 -4.349 -5.095 -5.199
0.00100 1.30e+10 0.8036630154    0.728  3.068  3.6169  0.651    4  0.000  0.463     0.00     0.00 -1         0      0.00 7.000e-01 2.990e-01 1.100e-03 5.880e-04 3.170e-03 -1.000 1.000e-03 -2.900 0.926 -0.536 -2.052 -2.846 -3.506 -4.454 -5.212 -5.320
0.00100 1.30e+10 0.8036646247    0.728  3.111  3.6130  0.593    4  0.000  0.463     0.00     0.00 -1         0      0.00 7.000e-01 2.990e-01 1.100e-03 5.880e-04 3.170e-03 -1.000 1.000e-03 -3.007 0.994 -0.551 -2.110 -2.927 -3.601 -4.570 -5.340 -5.453
0.00100 1.30e+10 0.8036649823    0.728  3.126  3.6116  0.572    4  0.000  0.463     0.00     0.00 -1         0      0.00 7.000e-01 2.990e-01 1.100e-03 5.880e-04 3.170e-03 -1.000 9.999e-04 -3.045 1.019 -0.556 -2.131 -2.956 -3.635 -4.611 -5.387 -5.501
0.00100 1.30e+10 0.8036653996    0.728  3.155  3.6089  0.533    4  0.521  0.463     0.00     0.00 -1         0      0.00 7.000e-01 2.990e-01 1.100e-03 5.880e-04 3.170e-03 -1.000 1.000e-03 -3.117 1.064 -0.564 -2.167 -3.007 -3.698 -4.688 -5.473 -5.590
0.00100 1.30e+10 0.8036654592    0.728  3.155  3.6060  0.521    8  0.521  0.452    54.73    28.49  1 -1.93e-07      0.00 7.398e-01 2.592e-01 1.474e-04 8.608e-05 4.351e-04 -1.000 9.563e-04 -3.117 1.160 -0.509 -2.132 -2.986 -3.687 -4.691 -5.489 -5.609
0.00100 1.30e+10 0.8036655188    0.727  2.913  3.6275  0.848    8  0.521  0.452    27.03    15.47  1 -7.66e-08      0.00 7.398e-01 2.592e-01 1.474e-04 8.608e-05 4.351e-04 -1.000 9.563e-04 -2.513 0.825 -0.401 -1.793 -2.525 -3.146 -4.040 -4.764 -4.861
0.00100 1.30e+10 0.8036655784    0.726  2.759  3.6412  1.056    8  0.522  0.452    17.27    10.49  1 -4.59e-08      0.00 7.398e-01 2.592e-01 1.474e-04 8.608e-05 4.351e-04 -1.000 9.563e-04 -2.128 0.680 -0.288 -1.542 -2.209 -2.787 -3.618 -4.298 -4.384
0.00100 1.30e+10 0.8036657572    0.723  2.584  3.6568  1.293    8  0.522  0.452    10.37     6.74  1 -2.73e-08      0.00 7.398e-01 2.592e-01 1.474e-04 8.608e-05 4.351e-04 -1.000 9.563e-04 -1.689 0.630 -0.101 -1.221 -1.828 -2.368 -3.132 -3.763 -3.840
0.00100 1.30e+10 0.8036659956    0.719  2.597  3.6556  1.272    8  0.522  0.452    10.84     6.99  1 -2.85e-08      0.00 7.398e-01 2.592e-01 1.474e-04 8.608e-05 4.351e-04 -1.000 9.563e-04 -1.723 0.632 -0.117 -1.248 -1.859 -2.401 -3.170 -3.805 -3.882
0.00100 1.30e+10 0.8036662936    0.715  2.724  3.6443  1.098    8  0.522  0.452    15.80     9.65  1 -4.18e-08      0.00 7.398e-01 2.592e-01 1.474e-04 8.608e-05 4.351e-04 -1.000 9.563e-04 -2.039 0.669 -0.251 -1.477 -2.132 -2.703 -3.520 -4.190 -4.274
0.00100 1.30e+10 0.8036666512    0.709  2.907  3.6279  0.846    8  0.522  0.452    27.22    15.37  1 -7.76e-08      0.00 7.398e-01 2.592e-01 1.474e-04 8.608e-05 4.351e-04 -1.000 9.563e-04 -2.497 0.830 -0.391 -1.780 -2.511 -3.131 -4.023 -4.745 -4.842
0.00100 1.30e+10 0.8036670685    0.703  3.063  3.6140  0.630    8  0.522  0.452    43.37    22.88  1 -1.41e-07      0.00 7.398e-01 2.592e-01 1.474e-04 8.608e-05 4.351e-04 -1.000 9.563e-04 -2.887 1.048 -0.464 -2.005 -2.814 -3.483 -4.446 -5.215 -5.326
0.00100 1.30e+10 0.8036675453    0.696  3.168  3.6045  0.483    8  0.523  0.452    59.66    29.97  1 -2.19e-07      0.00 7.398e-01 2.592e-01 1.474e-04 8.608e-05 4.351e-04 -1.000 9.563e-04 -3.150 1.211 -0.496 -2.141 -3.007 -3.715 -4.728 -5.530 -5.652
0.00100 1.30e+10 0.8036680818    0.688  3.230  3.5990  0.394    8  0.523  0.452    72.42    35.19  1 -2.89e-07      0.00 7.398e-01 2.592e-01 1.474e-04 8.608e-05 4.351e-04 -1.000 9.563e-04 -3.304 1.327 -0.496 -2.210 -3.115 -3.850 -4.894 -5.715 -5.844
0.00100 1.30e+10 0.8036686778    0.679  3.266  3.5956  0.338    8  0.524  0.452    81.75    38.77  1 -3.46e-07      0.00 7.398e-01 2.592e-01 1.474e-04 8.608e-05 4.351e-04 -1.000 9.563e-04 -3.395 1.398 -0.491 -2.246 -3.176 -3.929 -4.991 -5.824 -5.958
0.00100 1.30e+10 0.8036693335    0.669  3.294  3.5931  0.294    8  0.524  0.452    90.12    41.77  1 -4.01e-07      0.00 7.398e-01 2.592e-01 1.474e-04 8.608e-05 4.351e-04 -1.000 9.563e-04 -3.464 1.454 -0.484 -2.271 -3.220 -3.987 -5.065 -5.907 -6.044
0.00100 1.30e+10 0.8036693335    0.668  3.102  3.6104  0.554    8  0.524  0.452    51.43    25.71  1 -1.78e-07      0.00 7.398e-01 2.592e-01 1.474e-04 8.608e-05 4.351e-04 -1.000 9.563e-04 -2.986 1.131 -0.468 -2.056 -2.887 -3.572 -4.554 -5.334 -5.450
0.00100 1.30e+10 0.8036693931    0.667  2.905  3.6285  0.823    8  0.524  0.452    28.80    15.55  1 -8.49e-08      0.00 7.398e-01 2.592e-01 1.474e-04 8.608e-05 4.351e-04 -1.000 9.563e-04 -2.493 0.838 -0.387 -1.779 -2.510 -3.129 -4.018 -4.738 -4.834
0.00100 1.30e+10 0.8036695123    0.664  2.725  3.6454  1.068    8  0.524  0.452    16.97     9.82  1 -4.72e-08      0.00 7.398e-01 2.592e-01 1.474e-04 8.608e-05 4.351e-04 -1.000 9.563e-04 -2.043 0.653 -0.264 -1.489 -2.141 -2.710 -3.522 -4.188 -4.271
0.00100 1.30e+10 0.8036696911    0.660  2.734  3.6457  1.059    8  0.524  0.452    17.34     9.96  1 -4.95e-08      0.00 7.398e-01 2.592e-01 1.474e-04 8.608e-05 4.351e-04 -1.000 9.563e-04 -2.064 0.629 -0.288 -1.512 -2.164 -2.732 -3.543 -4.207 -4.290
0.00100 1.30e+10 0.8036698699    0.655  2.852  3.6365  0.901    8  0.524  0.452    24.43    13.32  1  -7.5e-08      0.00 7.398e-01 2.592e-01 1.474e-04 8.608e-05 4.351e-04 -1.000 9.563e-04 -2.360 0.682 -0.406 -1.723 -2.418 -3.013 -3.866 -4.559 -4.648
0.00100 1.30e+10 0.8036701083    0.650  3.024  3.6227  0.669    8  0.525  0.452    40.31    20.40  1 -1.45e-07      0.00 7.398e-01 2.592e-01 1.474e-04 8.608e-05 4.351e-04 -1.000 9.563e-04 -2.790 0.846 -0.532 -2.004 -2.773 -3.415 -4.334 -5.071 -5.173
0.00100 1.30e+10 0.8036703467    0.643  3.168  3.6117  0.477    8  0.525  0.452    61.25    29.05  1 -2.68e-07      0.00 7.398e-01 2.592e-01 1.474e-04 8.608e-05 4.351e-04 -1.000 9.563e-04 -3.151 1.007 -0.619 -2.224 -3.060 -3.744 -4.722 -5.494 -5.608
0.00100 1.30e+10 0.8036706448    0.636  3.261  3.6056  0.354    8  0.525  0.452    80.06    36.25  1 -4.14e-07      0.00 7.398e-01 2.592e-01 1.474e-04 8.608e-05 4.351e-04 -1.000 9.563e-04 -3.384 1.098 -0.669 -2.358 -3.241 -3.956 -4.969 -5.761 -5.883
0.00100 1.30e+10 0.8036710024    0.627  3.311  3.6037  0.291    8  0.525  0.452    91.99    40.39  1 -5.38e-07      0.00 7.398e-01 2.592e-01 1.474e-04 8.608e-05 4.351e-04 -1.000 9.563e-04 -3.506 1.105 -0.719 -2.444 -3.345 -4.073 -5.098 -5.895 -6.020
0.00100 1.30e+10 0.8036713600    0.618  3.333  3.6044  0.265    8  0.526  0.452    97.91    42.00  0 -6.26e-07      0.00 7.398e-01 2.592e-01 1.474e-04 8.608e-05 4.351e-04 -1.000 9.563e-04 -3.563 1.058 -0.773 -2.503 -3.406 -4.134 -5.156 -5.950 -6.074
0.00100 1.30e+10 0.8036717772    0.608  3.346  3.6062  0.253    8  0.526  0.452   101.28    42.47  0 -7.01e-07      0.00 7.398e-01 2.592e-01 1.474e-04 8.608e-05 4.351e-04 -1.000 9.563e-04 -3.596 0.984 -0.832 -2.555 -3.452 -4.174 -5.188 -5.973 -6.095
0.00100 1.30e+10 0.8036717772    0.608  3.161  3.6230  0.504    8  0.526  0.452    58.88    26.56  1 -3.16e-07      0.00 7.398e-01 2.592e-01 1.474e-04 8.608e-05 4.351e-04 -1.000 9.563e-04 -3.133 0.646 -0.814 -2.332 -3.116 -3.764 -4.685 -5.416 -5.518
0.00100 1.30e+10 0.8036718369    0.607  2.964  3.6410  0.773    8  0.526  0.452    32.99    16.06  1 -1.48e-07      0.00 7.398e-01 2.592e-01 1.474e-04 8.608e-05 4.351e-04 -1.000 9.563e-04 -2.640 0.374 -0.714 -2.031 -2.720 -3.309 -4.142 -4.815 -4.902
0.00100 1.30e+10 0.8036718965    0.605  2.782  3.6578  1.021    8  0.526  0.452    19.37    10.10  1 -7.98e-08      0.00 7.398e-01 2.592e-01 1.474e-04 8.608e-05 4.351e-04 -1.000 9.563e-04 -2.186 0.230 -0.567 -1.717 -2.332 -2.874 -3.634 -4.258 -4.333
0.00100 1.30e+10 0.8036719561    0.603  2.788  3.6579  1.013    8  0.526  0.452    19.70    10.20  1 -8.24e-08      0.00 7.398e-01 2.592e-01 1.474e-04 8.608e-05 4.351e-04 -1.000 9.563e-04 -2.201 0.215 -0.582 -1.732 -2.347 -2.889 -3.649 -4.272 -4.347
0.00100 1.30e+10 0.8036720753    0.600  2.902  3.6485  0.860    8  0.526  0.452    27.51    13.53  1 -1.23e-07      0.00 7.398e-01 2.592e-01 1.474e-04 8.608e-05 4.351e-04 -1.000 9.563e-04 -2.485 0.261 -0.698 -1.942 -2.598 -3.165 -3.965 -4.615 -4.696
0.00100 1.30e+10 0.8036721349    0.596  3.069  3.6346  0.635    8  0.526  0.452    44.82    20.48  1 -2.32e-07      0.00 7.398e-01 2.592e-01 1.474e-04 8.608e-05 4.351e-04 -1.000 9.562e-04 -2.901 0.408 -0.827 -2.224 -2.949 -3.560 -4.424 -5.116 -5.208
0.00100 1.30e+10 0.8036723137    0.592  3.207  3.6233  0.449    8  0.526  0.452    67.28    28.81  1 -4.17e-07      0.00 7.398e-01 2.592e-01 1.474e-04 8.608e-05 4.351e-04 -1.000 9.563e-04 -3.247 0.579 -0.905 -2.439 -3.230 -3.881 -4.802 -5.529 -5.631
0.00100 1.30e+10 0.8036724329    0.588  3.294  3.6168  0.332    8  0.527  0.452    86.98    35.55  1 -6.22e-07      0.00 7.398e-01 2.592e-01 1.474e-04 8.608e-05 4.351e-04 -1.000 9.563e-04 -3.466 0.695 -0.942 -2.564 -3.401 -4.081 -5.039 -5.785 -5.894
0.00100 1.30e+10 0.8036726117    0.583  3.337  3.6145  0.276    8  0.527  0.452    98.91    39.15  0 -7.74e-07      0.00 7.398e-01 2.592e-01 1.474e-04 8.608e-05 4.351e-04 -1.000 9.563e-04 -3.574 0.726 -0.974 -2.635 -3.491 -4.183 -5.155 -5.907 -6.019
0.00100 1.30e+10 0.8036727905    0.577  3.354  3.6147  0.256    8  0.527  0.452   104.21    40.24  0 -8.62e-07      0.00 7.398e-01 2.592e-01 1.474e-04 8.608e-05 4.351e-04 -1.000 9.562e-04 -3.616 0.701 -1.008 -2.675 -3.533 -4.226 -5.198 -5.948 -6.061
0.00100 1.30e+10 0.8036730289    0.571  3.361  3.6160  0.250    8  0.527  0.452   106.67    40.17  0 -9.18e-07      0.00 7.398e-01 2.592e-01 1.474e-04 8.608e-05 4.351e-04 -1.000 9.562e-04 -3.632 0.650 -1.045 -2.704 -3.557 -4.247 -5.212 -5.958 -6.069
0.00100 1.30e+10 0.8036730289    0.571  3.180  3.6324  0.496    8  0.527  0.452    62.75    25.35  1 -4.22e-07      0.00 7.398e-01 2.592e-01 1.474e-04 8.608e-05 4.351e-04 -1.000 9.562e-04 -3.179 0.311 -1.020 -2.469 -3.215 -3.837 -4.714 -5.409 -5.502
0.00100 1.30e+10 0.8036730886    0.570  2.983  3.6507  0.766    8  0.527  0.452    35.17    15.30  1 -1.97e-07      0.00 7.398e-01 2.592e-01 1.474e-04 8.608e-05 4.351e-04 -1.000 9.562e-04 -2.687 0.062 -0.906 -2.154 -2.809 -3.374 -4.165 -4.805 -4.884
0.00100 1.30e+10 0.8036731482    0.568  2.801  3.6679  1.016    8  0.527  0.452    20.58     9.56  1 -1.07e-07      0.00 7.398e-01 2.592e-01 1.474e-04 8.608e-05 4.351e-04 -1.000 9.562e-04 -2.231 -0.054 -0.744 -1.824 -2.408 -2.929 -3.650 -4.240 -4.311
0.00100 1.30e+10 0.8036732674    0.566  2.806  3.6687  1.011    8  0.527  0.452    20.87     9.58  1 -1.11e-07      0.00 7.398e-01 2.592e-01 1.474e-04 8.608e-05 4.351e-04 -1.000 9.562e-04 -2.245 -0.083 -0.766 -1.841 -2.424 -2.943 -3.661 -4.248 -4.320
0.00100 1.30e+10 0.8036733866    0.563  2.918  3.6602  0.863    8  0.527  0.452    28.96    12.55  1 -1.66e-07      0.00 7.398e-01 2.592e-01 1.474e-04 8.608e-05 4.351e-04 -1.000 9.563e-04 -2.525 -0.085 -0.905 -2.064 -2.681 -3.221 -3.973 -4.584 -4.658
0.00100 1.30e+10 0.8036735058    0.559  3.082  3.6474  0.645    8  0.528  0.452    46.80    18.66  1 -3.14e-07      0.00 7.398e-01 2.592e-01 1.474e-04 8.608e-05 4.351e-04 -1.000 9.563e-04 -2.935 -0.014 -1.071 -2.368 -3.045 -3.622 -4.428 -5.075 -5.157
0.00100 1.30e+10 0.8036736846    0.555  3.218  3.6374  0.466    8  0.528  0.452    69.79    25.73  1 -5.62e-07      0.00 7.398e-01 2.592e-01 1.474e-04 8.608e-05 4.351e-04 -1.000 9.562e-04 -3.276 0.085 -1.188 -2.608 -3.338 -3.948 -4.801 -5.478 -5.567
0.00100 1.30e+10 0.8036739230    0.550  3.304  3.6323  0.357    8  0.528  0.452    89.94    31.00  1  -8.4e-07      0.00 7.398e-01 2.592e-01 1.474e-04 8.608e-05 4.351e-04 -1.000 9.563e-04 -3.489 0.142 -1.260 -2.755 -3.521 -4.152 -5.032 -5.722 -5.816
0.00100 1.30e+10 0.8036741018    0.545  3.345  3.6315  0.308    8  0.528  0.452   102.58    33.16  0 -1.05e-06      0.00 7.398e-01 2.592e-01 1.474e-04 8.608e-05 4.351e-04 -1.000 9.563e-04 -3.592 0.114 -1.325 -2.842 -3.618 -4.255 -5.141 -5.831 -5.926
0.00100 1.30e+10 0.8036743402    0.540  3.360  3.6334  0.296    8  0.528  0.452   109.83    32.72  0 -1.18e-06      0.00 7.398e-01 2.592e-01 1.474e-04 8.608e-05 4.351e-04 -1.000 9.563e-04 -3.630 0.025 -1.391 -2.896 -3.666 -4.298 -5.175 -5.859 -5.952
0.00100 1.30e+10 0.8036746383    0.533  3.365  3.6365  0.299    8  0.528  0.452   118.88    30.36  0 -1.26e-06      0.00 7.398e-01 2.592e-01 1.474e-04 8.608e-05 4.351e-04 -1.000 9.563e-04 -3.641 -0.095 -1.462 -2.940 -3.695 -4.318 -5.179 -5.852 -5.942
0.00100 1.30e+10 0.8036752939    0.533 -9.999  4.0641  2.088    9  0.534  0.000     0.00     0.00 -1         0      0.00 7.398e-01 2.592e-01 1.474e-04 8.608e-05 4.351e-04 -1.000 9.563e-04 29.767 29.890 30.338 30.416 30.424 30.445 30.557 30.575 30.602
#isochrone terminated
