# File generated by CMD 3.0 (http://stev.oapd.inaf.it/cmd) on Thu Jun  8 21:07:17 CEST 2017
# isochrones PARSEC release v1.2S + COLIBRI release PR16, as in Marigo et al. 2017
# Basic reference: Marigo et al. (2017), ApJ, 835, 77
# Photometric system: <i>UBVRIJHK</i> (cf. Maiz-Apellaniz 2006 + Bessell 1990)
# O-rich circumstellar dust ignored
# C-rich circumstellar dust ignored
# Kind of output: isochrone tables
# Zini Age Mini  Mass   logL    logTe  logg  label   McoreTP C_O  period0 period1 pmode  Mloss  tau1m   X   Y   Xc  Xn  Xo  Cexcess  Z 	 mbolmag  Umag    Bmag    Vmag    Rmag    Imag    Jmag    Hmag    Kmag
0.00010 1.30e+10 0.1000000015    0.100 -2.779  3.5589  5.405    0  0.000  0.463     0.00     0.00 -1         0      0.00 7.000e-01 2.990e-01 1.100e-03 5.880e-04 3.170e-03 -1.000 1.000e-03 11.718 16.416 14.622 12.954 11.934 11.071 10.059 9.487 9.299
0.00010 1.30e+10 0.1098214313    0.109 -2.631  3.5742  5.356    0  0.000  0.463     0.00     0.00 -1         0      0.00 7.000e-01 2.990e-01 1.100e-03 5.880e-04 3.170e-03 -1.000 1.000e-03 11.346 15.549 13.995 12.446 11.477 10.686 9.721 9.156 8.968
0.00010 1.30e+10 0.1294642836    0.129 -2.388  3.5967  5.276    0  0.000  0.463     0.00     0.00 -1         0      0.00 7.000e-01 2.990e-01 1.100e-03 5.880e-04 3.170e-03 -1.000 1.000e-03 10.740 13.814 12.881 11.569 10.729 10.035 9.153 8.611 8.459
0.00010 1.30e+10 0.1491071582    0.149 -2.224  3.6080  5.219    0  0.000  0.463     0.00     0.00 -1         0      0.00 7.000e-01 2.990e-01 1.100e-03 5.880e-04 3.170e-03 -1.000 1.000e-03 10.331 13.116 12.313 11.075 10.286 9.622 8.777 8.235 8.078
0.00010 1.30e+10 0.1687500030    0.168 -2.098  3.6153  5.174    0  0.000  0.463     0.00     0.00 -1         0      0.00 7.000e-01 2.990e-01 1.100e-03 5.880e-04 3.170e-03 -1.000 1.000e-03 10.014 12.651 11.908 10.711 9.952 9.304 8.481 7.941 7.780
0.00010 1.30e+10 0.2080357224    0.207 -1.894  3.6262  5.106    0  0.000  0.463     0.00     0.00 -1         0      0.00 7.000e-01 2.990e-01 1.100e-03 5.880e-04 3.170e-03 -1.000 1.000e-03 9.506 11.926 11.271 10.131 9.416 8.794 8.004 7.469 7.304
0.00010 1.30e+10 0.2571428716    0.257 -1.707  3.6363  5.051    0  0.000  0.463     0.00     0.00 -1         0      0.00 7.000e-01 2.990e-01 1.100e-03 5.880e-04 3.170e-03 -1.000 1.000e-03 9.038 11.271 10.696 9.602 8.922 8.322 7.565 7.043 6.883
0.00010 1.30e+10 0.3062500358    0.306 -1.562  3.6447  5.016    0  0.000  0.463     0.00     0.00 -1         0      0.00 7.000e-01 2.990e-01 1.100e-03 5.880e-04 3.170e-03 -1.000 1.000e-03 8.675 10.754 10.245 9.189 8.538 7.957 7.226 6.717 6.562
0.00010 1.30e+10 0.3553571403    0.355 -1.440  3.6526  4.990    0  0.000  0.463     0.00     0.00 -1         0      0.00 7.000e-01 2.990e-01 1.100e-03 5.880e-04 3.170e-03 -1.000 1.000e-03 8.369 10.303 9.856 8.836 8.211 7.648 6.942 6.444 6.294
0.00010 1.30e+10 0.4044643044    0.404 -1.317  3.6611  4.958    0  0.000  0.463     0.00     0.00 -1  3.17e-15      0.00 7.000e-01 2.990e-01 1.100e-03 5.880e-04 3.170e-03 -1.000 1.000e-03 8.062 9.844 9.469 8.488 7.889 7.344 6.662 6.175 6.033
0.00010 1.30e+10 0.4535714388    0.453 -1.169  3.6745  4.913    0  0.000  0.463     0.00     0.00 -1  4.42e-15      0.00 7.000e-01 2.990e-01 1.100e-03 5.880e-04 3.170e-03 -1.000 1.000e-03 7.693 9.239 8.977 8.059 7.498 6.982 6.337 5.868 5.739
0.00010 1.30e+10 0.5026785731    0.503 -1.003  3.6893  4.852    0  0.000  0.463     0.00     0.00 -1   6.6e-15      0.00 7.000e-01 2.990e-01 1.100e-03 5.880e-04 3.170e-03 -1.000 1.000e-03 7.278 8.575 8.434 7.587 7.066 6.580 5.974 5.524 5.411
0.00010 1.30e+10 0.5517857671    0.551 -0.798  3.7090  4.765    0  0.000  0.463     0.00     0.00 -1         0      0.00 7.000e-01 2.990e-01 1.100e-03 5.880e-04 3.170e-03 -1.000 1.000e-03 6.764 7.765 7.767 7.016 6.542 6.094 5.537 5.111 5.018
0.00010 1.30e+10 0.6008928418    0.601 -0.585  3.7344  4.692    0  0.000  0.463     0.00     0.00 -1   1.9e-14      0.00 7.000e-01 2.990e-01 1.100e-03 5.880e-04 3.170e-03 -1.000 1.000e-03 6.234 6.923 7.071 6.438 6.019 5.616 5.116 4.721 4.651
0.00010 1.30e+10 0.6042632461    0.604 -0.570  3.7364  4.687    0  0.000  0.463     0.00     0.00 -1  1.97e-14      0.00 7.000e-01 2.990e-01 1.100e-03 5.880e-04 3.170e-03 -1.000 1.000e-03 6.195 6.861 7.021 6.396 5.981 5.582 5.087 4.694 4.626
0.00010 1.30e+10 0.6139274836    0.614 -0.525  3.7423  4.672    0  0.000  0.463     0.00     0.00 -1         0      0.00 7.000e-01 2.990e-01 1.100e-03 5.880e-04 3.170e-03 -1.000 1.000e-03 6.083 6.694 6.878 6.278 5.874 5.484 5.002 4.617 4.554
0.00010 1.30e+10 0.6233114600    0.623 -0.481  3.7479  4.657    0  0.000  0.463     0.00     0.00 -1         0      0.00 7.000e-01 2.990e-01 1.100e-03 5.880e-04 3.170e-03 -1.000 9.999e-04 5.973 6.534 6.740 6.162 5.769 5.389 4.919 4.541 4.482
0.00010 1.30e+10 0.6343692541    0.634 -0.429  3.7545  4.639    0  0.000  0.463     0.00     0.00 -1         0      0.00 7.000e-01 2.990e-01 1.100e-03 5.880e-04 3.170e-03 -1.000 1.000e-03 5.842 6.349 6.578 6.025 5.645 5.275 4.819 4.449 4.396
0.00010 1.30e+10 0.6441747546    0.644 -0.382  3.7602  4.621    0  0.000  0.463     0.00     0.00 -1         0      0.00 7.000e-01 2.990e-01 1.100e-03 5.880e-04 3.170e-03 -1.000 1.000e-03 5.725 6.189 6.435 5.903 5.533 5.172 4.729 4.366 4.318
0.00010 1.30e+10 0.6499999762    0.650 -0.353  3.7635  4.610    0  0.000  0.463     0.00     0.00 -1  3.41e-14      0.00 7.000e-01 2.990e-01 1.100e-03 5.880e-04 3.170e-03 -1.000 1.000e-03 5.654 6.094 6.349 5.829 5.466 5.110 4.674 4.316 4.270
0.00010 1.30e+10 0.6537171006    0.654 -0.335  3.7655  4.603    0  0.000  0.463     0.00     0.00 -1  3.58e-14      0.00 7.000e-01 2.990e-01 1.100e-03 5.880e-04 3.170e-03 -1.000 1.000e-03 5.608 6.033 6.294 5.782 5.422 5.070 4.638 4.283 4.239
0.00010 1.30e+10 0.6632332802    0.663 -0.287  3.7708  4.582    0  0.000  0.463     0.00     0.00 -1         0      0.00 7.000e-01 2.990e-01 1.100e-03 5.880e-04 3.170e-03 -1.000 1.000e-03 5.488 5.882 6.153 5.658 5.308 4.964 4.544 4.196 4.156
0.00010 1.30e+10 0.6723176837    0.672 -0.240  3.7757  4.561    0  0.000  0.463     0.00     0.00 -1         0      0.00 7.000e-01 2.990e-01 1.100e-03 5.880e-04 3.170e-03 -1.000 1.000e-03 5.370 5.736 6.016 5.537 5.196 4.860 4.450 4.110 4.073
0.00010 1.30e+10 0.6803793907    0.680 -0.197  3.7801  4.540    0  0.000  0.463     0.00     0.00 -1         0      0.00 7.000e-01 2.990e-01 1.100e-03 5.880e-04 3.170e-03 -1.000 1.000e-03 5.262 5.604 5.891 5.426 5.093 4.763 4.363 4.029 3.996
0.00010 1.30e+10 0.6881900430    0.688 -0.153  3.7843  4.518    0  0.000  0.463     0.00     0.00 -1         0      0.00 7.000e-01 2.990e-01 1.100e-03 5.880e-04 3.170e-03 -1.000 1.000e-03 5.153 5.478 5.767 5.315 4.988 4.666 4.274 3.948 3.917
0.00010 1.30e+10 0.6974349022    0.697 -0.099  3.7893  4.489    0  0.000  0.463     0.00     0.00 -1         0      0.00 7.000e-01 2.990e-01 1.100e-03 5.880e-04 3.170e-03 -1.000 1.000e-03 5.018 5.323 5.614 5.176 4.858 4.543 4.163 3.845 3.818
0.00010 1.30e+10 0.6999999881    0.700 -0.084  3.7906  4.481    0  0.000  0.463     0.00     0.00 -1   7.1e-14      0.00 7.000e-01 2.990e-01 1.100e-03 5.880e-04 3.170e-03 -1.000 1.000e-03 4.979 5.279 5.570 5.136 4.821 4.508 4.131 3.816 3.789
0.00010 1.30e+10 0.7017223239    0.701 -0.073  3.7915  4.475    0  0.000  0.463     0.00     0.00 -1  7.31e-14      0.00 7.000e-01 2.990e-01 1.100e-03 5.880e-04 3.170e-03 -1.000 1.000e-03 4.953 5.250 5.541 5.109 4.795 4.484 4.109 3.795 3.769
0.00010 1.30e+10 0.7099218965    0.710 -0.020  3.7956  4.444    0  0.000  0.463     0.00     0.00 -1  8.51e-14      0.00 7.000e-01 2.990e-01 1.100e-03 5.880e-04 3.170e-03 -1.000 1.000e-03 4.821 5.105 5.393 4.974 4.667 4.363 3.997 3.691 3.667
0.00010 1.30e+10 0.7169615626    0.717  0.028  3.7991  4.414    0  0.000  0.463     0.00     0.00 -1         0      0.00 7.000e-01 2.990e-01 1.100e-03 5.880e-04 3.170e-03 -1.000 1.000e-03 4.701 4.977 5.261 4.851 4.550 4.252 3.894 3.595 3.572
0.00010 1.30e+10 0.7237792611    0.723  0.077  3.8023  4.381    0  0.000  0.463     0.00     0.00 -1         0      0.00 7.000e-01 2.990e-01 1.100e-03 5.880e-04 3.170e-03 -1.000 1.000e-03 4.576 4.845 5.124 4.723 4.428 4.135 3.785 3.493 3.471
0.00010 1.30e+10 0.7305953503    0.730  0.131  3.8054  4.344    0  0.000  0.463     0.00     0.00 -1         0      0.00 7.000e-01 2.990e-01 1.100e-03 5.880e-04 3.170e-03 -1.000 1.000e-03 4.442 4.704 4.977 4.584 4.295 4.008 3.665 3.379 3.358
0.00010 1.30e+10 0.7384688258    0.738  0.200  3.8087  4.293    0  0.000  0.463     0.00     0.00 -1         0      0.00 7.000e-01 2.990e-01 1.100e-03 5.880e-04 3.170e-03 -1.000 1.000e-03 4.270 4.526 4.791 4.408 4.126 3.844 3.509 3.230 3.211
0.00010 1.30e+10 0.7458256483    0.745  0.272  3.8113  4.236    0  0.000  0.463     0.00     0.00 -1         0      0.00 7.000e-01 2.990e-01 1.100e-03 5.880e-04 3.170e-03 -1.000 1.000e-03 4.090 4.345 4.600 4.224 3.947 3.670 3.341 3.069 3.050
0.00010 1.30e+10 0.7500000000    0.749  0.316  3.8124  4.198    0  0.000  0.463     0.00     0.00 -1  2.38e-13      0.00 7.000e-01 2.990e-01 1.100e-03 5.880e-04 3.170e-03 -1.000 9.999e-04 3.979 4.233 4.482 4.111 3.836 3.561 3.235 2.965 2.947
0.00010 1.30e+10 0.7525971532    0.752  0.344  3.8132  4.175    0  0.000  0.463     0.00     0.00 -1   2.6e-13      0.00 7.000e-01 2.990e-01 1.100e-03 5.880e-04 3.170e-03 -1.000 1.000e-03 3.909 4.163 4.408 4.039 3.766 3.493 3.169 2.901 2.883
0.00010 1.30e+10 0.7566770315    0.756  0.393  3.8137  4.131    0  0.000  0.463     0.00     0.00 -1  3.05e-13      0.00 7.000e-01 2.990e-01 1.100e-03 5.880e-04 3.170e-03 -1.000 1.000e-03 3.789 4.044 4.283 3.916 3.645 3.373 3.050 2.784 2.766
0.00010 1.30e+10 0.7580728531    0.757  0.411  3.8134  4.111    0  0.000  0.463     0.00     0.00 -1  3.25e-13      0.00 7.000e-01 2.990e-01 1.100e-03 5.880e-04 3.170e-03 -1.000 1.000e-03 3.742 3.999 4.236 3.869 3.597 3.325 3.002 2.735 2.717
0.00010 1.30e+10 0.7618665695    0.761  0.466  3.8114  4.051    0  0.000  0.463     0.00     0.00 -1  3.93e-13      0.00 7.000e-01 2.990e-01 1.100e-03 5.880e-04 3.170e-03 -1.000 1.000e-03 3.606 3.870 4.103 3.733 3.459 3.184 2.856 2.586 2.567
0.00010 1.30e+10 0.7645221353    0.763  0.508  3.8087  3.999    0  0.000  0.463     0.00     0.00 -1  4.61e-13      0.00 7.000e-01 2.990e-01 1.100e-03 5.880e-04 3.170e-03 -1.000 1.000e-03 3.499 3.771 4.002 3.627 3.349 3.070 2.735 2.460 2.440
0.00010 1.30e+10 0.7650885582    0.764  0.518  3.8080  3.987    0  0.000  0.463     0.00     0.00 -1  4.78e-13      0.00 7.000e-01 2.990e-01 1.100e-03 5.880e-04 3.170e-03 -1.000 1.000e-03 3.475 3.749 3.980 3.604 3.324 3.044 2.708 2.432 2.411
0.00010 1.30e+10 0.7656485438    0.765  0.529  3.8068  3.972    0  0.000  0.463     0.00     0.00 -1  4.99e-13      0.00 7.000e-01 2.990e-01 1.100e-03 5.880e-04 3.170e-03 -1.000 1.000e-03 3.448 3.726 3.956 3.577 3.295 3.014 2.675 2.396 2.375
0.00010 1.30e+10 0.7675324678    0.766  0.569  3.8013  3.910    0  0.000  0.463     0.00     0.00 -1  5.86e-13      0.00 7.000e-01 2.990e-01 1.100e-03 5.880e-04 3.170e-03 -1.000 1.000e-03 3.347 3.642 3.871 3.479 3.189 2.899 2.547 2.257 2.235
0.00010 1.30e+10 0.7689745426    0.768  0.606  3.7946  3.848    0  0.000  0.463     0.00     0.00 -1  6.83e-13      0.00 7.000e-01 2.990e-01 1.100e-03 5.880e-04 3.170e-03 -1.000 1.000e-03 3.256 3.571 3.801 3.394 3.092 2.791 2.424 2.120 2.096
0.00010 1.30e+10 0.7701043487    0.769  0.639  3.7867  3.784    0  0.000  0.463     0.00     0.00 -1  7.94e-13      0.00 7.000e-01 2.990e-01 1.100e-03 5.880e-04 3.170e-03 -1.000 1.000e-03 3.172 3.517 3.744 3.317 3.003 2.689 2.302 1.982 1.955
0.00010 1.30e+10 0.7710154653    0.770  0.670  3.7783  3.720    0  0.000  0.463     0.00     0.00 -1  9.17e-13      0.00 7.000e-01 2.990e-01 1.100e-03 5.880e-04 3.170e-03 -1.000 9.999e-04 3.096 3.473 3.698 3.249 2.920 2.593 2.185 1.847 1.817
0.00010 1.30e+10 0.7717800140    0.770  0.699  3.7702  3.659    0  0.000  0.463     0.00     0.00 -1  1.05e-12      0.00 7.000e-01 2.990e-01 1.100e-03 5.880e-04 3.170e-03 -1.000 1.000e-03 3.022 3.439 3.657 3.185 2.842 2.502 2.074 1.720 1.685
0.00010 1.30e+10 0.7724545598    0.771  0.730  3.7627  3.598    0  0.000  0.463     0.00     0.00 -1  1.21e-12      0.00 7.000e-01 2.990e-01 1.100e-03 5.880e-04 3.170e-03 -1.000 1.000e-03 2.945 3.403 3.611 3.117 2.761 2.409 1.962 1.592 1.554
0.00010 1.30e+10 0.7730530500    0.772  0.764  3.7561  3.538    0  0.000  0.463     0.00     0.00 -1   1.4e-12      0.00 7.000e-01 2.990e-01 1.100e-03 5.880e-04 3.170e-03 -1.000 1.000e-03 2.861 3.357 3.555 3.041 2.673 2.311 1.848 1.464 1.422
0.00010 1.30e+10 0.7736458182    0.772  0.806  3.7504  3.473    0  0.000  0.463     0.00     0.00 -1  1.66e-12      0.00 7.000e-01 2.990e-01 1.100e-03 5.880e-04 3.170e-03 -1.000 9.999e-04 2.755 3.287 3.474 2.943 2.565 2.193 1.715 1.319 1.275
0.00010 1.30e+10 0.7741137743    0.773  0.846  3.7466  3.418    0  0.000  0.463     0.00     0.00 -1  1.94e-12      0.00 7.000e-01 2.990e-01 1.100e-03 5.880e-04 3.170e-03 -1.000 1.000e-03 2.654 3.215 3.391 2.847 2.462 2.084 1.597 1.194 1.147
0.00010 1.30e+10 0.7744336128    0.773  0.877  3.7444  3.379    0  0.000  0.463     0.00     0.00 -1  2.19e-12      0.00 7.000e-01 2.990e-01 1.100e-03 5.880e-04 3.170e-03 -1.000 1.000e-03 2.578 3.156 3.325 2.774 2.386 2.004 1.511 1.103 1.055
0.00010 1.30e+10 0.7747198343    0.773  0.907  3.7428  3.343    0  0.000  0.463     0.00     0.00 -1  2.44e-12      0.00 7.000e-01 2.990e-01 1.100e-03 5.880e-04 3.170e-03 -1.000 1.000e-03 2.503 3.093 3.257 2.701 2.310 1.926 1.428 1.018 0.969
0.00010 1.30e+10 0.7750951052    0.773  0.948  3.7409  3.294    0  0.000  0.463     0.00     0.00 -1  2.83e-12      0.00 7.000e-01 2.990e-01 1.100e-03 5.880e-04 3.170e-03 -1.000 1.000e-03 2.400 3.006 3.163 2.601 2.207 1.819 1.316 0.901 0.852
0.00010 1.30e+10 0.7754731178    0.774  0.992  3.7390  3.243    0  0.000  0.463     0.00     0.00 -1  3.32e-12      0.00 7.000e-01 2.990e-01 1.100e-03 5.880e-04 3.170e-03 -1.000 1.000e-03 2.291 2.910 3.061 2.494 2.096 1.706 1.198 0.779 0.729
0.00010 1.30e+10 0.7758351564    0.774  1.036  3.7374  3.192    0  0.000  0.463     0.00     0.00 -1   3.9e-12      0.00 7.000e-01 2.990e-01 1.100e-03 5.880e-04 3.170e-03 -1.000 1.000e-03 2.180 2.812 2.957 2.385 1.985 1.592 1.080 0.657 0.606
0.00010 1.30e+10 0.7762199640    0.774  1.086  3.7357  3.135    0  0.000  0.463     0.00     0.00 -1  4.67e-12      0.00 7.000e-01 2.990e-01 1.100e-03 5.880e-04 3.170e-03 -1.000 1.000e-03 2.054 2.703 2.840 2.262 1.859 1.463 0.946 0.520 0.468
0.00010 1.30e+10 0.7765428424    0.774  1.132  3.7343  3.084    0  0.000  0.463     0.00     0.00 -1   5.5e-12      0.00 7.000e-01 2.990e-01 1.100e-03 5.880e-04 3.170e-03 -1.000 1.000e-03 1.941 2.604 2.734 2.151 1.745 1.347 0.826 0.396 0.344
0.00010 1.30e+10 0.7768695354    0.775  1.181  3.7328  3.029    0  0.000  0.463     0.00     0.00 -1  6.56e-12      0.00 7.000e-01 2.990e-01 1.100e-03 5.880e-04 3.170e-03 -1.000 1.000e-03 1.817 2.495 2.618 2.030 1.621 1.221 0.696 0.262 0.210
0.00010 1.30e+10 0.7771900296    0.775  1.234  3.7312  2.970    0  0.000  0.463     0.00     0.00 -1  7.93e-12      0.00 7.000e-01 2.990e-01 1.100e-03 5.880e-04 3.170e-03 -1.000 1.000e-03 1.685 2.379 2.493 1.900 1.489 1.086 0.556 0.119 0.066
0.00010 1.30e+10 0.7774486542    0.775  1.281  3.7297  2.917    0  0.000  0.463     0.00     0.00 -1  9.38e-12      0.00 7.000e-01 2.990e-01 1.100e-03 5.880e-04 3.170e-03 -1.000 1.000e-03 1.568 2.278 2.384 1.785 1.371 0.966 0.433 -0.008 -0.062
0.00010 1.30e+10 0.7776981592    0.775  1.330  3.7283  2.863    0  0.000  0.463     0.00     0.00 -1  1.12e-11      0.00 7.000e-01 2.990e-01 1.100e-03 5.880e-04 3.170e-03 -1.000 1.000e-03 1.445 2.171 2.269 1.665 1.248 0.840 0.303 -0.141 -0.195
0.00010 1.30e+10 0.7779223323    0.775  1.378  3.7268  2.809    0  0.000  0.463     0.00     0.00 -1  1.33e-11      0.00 7.000e-01 2.990e-01 1.100e-03 5.880e-04 3.170e-03 -1.000 1.000e-03 1.325 2.066 2.156 1.547 1.127 0.717 0.176 -0.271 -0.326
0.00010 1.30e+10 0.7781254053    0.775  1.426  3.7253  2.755    0  0.000  0.463     0.00     0.00 -1  1.58e-11      0.00 7.000e-01 2.990e-01 1.100e-03 5.880e-04 3.170e-03 -1.000 1.000e-03 1.206 1.963 2.044 1.430 1.008 0.595 0.050 -0.401 -0.456
0.00010 1.30e+10 0.7783070803    0.775  1.472  3.7238  2.702    0  0.000  0.463     0.00     0.00 -1  1.87e-11      0.00 7.000e-01 2.990e-01 1.100e-03 5.880e-04 3.170e-03 -1.000 1.000e-03 1.089 1.861 1.936 1.315 0.890 0.475 -0.074 -0.528 -0.584
0.00010 1.30e+10 0.7784790397    0.775  1.521  3.7223  2.647    0  0.000  0.463     0.00     0.00 -1  2.23e-11      0.00 7.000e-01 2.990e-01 1.100e-03 5.880e-04 3.170e-03 -1.000 1.000e-03 0.967 1.760 1.824 1.197 0.769 0.351 -0.203 -0.660 -0.717
0.00010 1.30e+10 0.7786317468    0.775  1.568  3.7207  2.594    0  0.000  0.463     0.00     0.00 -1  2.64e-11      0.00 7.000e-01 2.990e-01 1.100e-03 5.880e-04 3.170e-03 -1.000 1.000e-03 0.849 1.661 1.715 1.082 0.651 0.230 -0.328 -0.789 -0.847
0.00010 1.30e+10 0.7787674069    0.775  1.614  3.7192  2.541    0  0.000  0.463     0.00     0.00 -1  3.12e-11      0.00 7.000e-01 2.990e-01 1.100e-03 5.880e-04 3.170e-03 -1.000 1.000e-03 0.734 1.566 1.610 0.970 0.536 0.112 -0.450 -0.915 -0.973
0.00010 1.30e+10 0.7788903713    0.775  1.660  3.7176  2.490    0  0.000  0.463     0.00     0.00 -1  3.68e-11      0.00 7.000e-01 2.990e-01 1.100e-03 5.880e-04 3.170e-03 -1.000 1.000e-03 0.620 1.472 1.507 0.860 0.422 -0.004 -0.571 -1.039 -1.098
0.00010 1.30e+10 0.7790055871    0.775  1.706  3.7161  2.437    0  0.000  0.463     0.00     0.00 -1  4.35e-11      0.00 7.000e-01 2.990e-01 1.100e-03 5.880e-04 3.170e-03 -1.000 1.000e-03 0.504 1.377 1.401 0.747 0.306 -0.123 -0.694 -1.166 -1.225
0.00010 1.30e+10 0.7791073918    0.775  1.751  3.7144  2.386    0  0.000  0.463     0.00     0.00 -1  5.12e-11      0.00 7.000e-01 2.990e-01 1.100e-03 5.880e-04 3.170e-03 -1.000 1.000e-03 0.392 1.288 1.301 0.638 0.194 -0.239 -0.814 -1.289 -1.349
0.00010 1.30e+10 0.7792013884    0.774  1.796  3.7129  2.334    0  0.000  0.463     0.00     0.00 -1  6.02e-11      0.00 7.000e-01 2.990e-01 1.100e-03 5.880e-04 3.170e-03 -1.000 1.000e-03 0.279 1.197 1.199 0.529 0.081 -0.354 -0.934 -1.413 -1.474
0.00010 1.30e+10 0.7792876959    0.774  1.841  3.7113  2.283    0  0.000  0.463     0.00     0.00 -1  7.09e-11      0.00 7.000e-01 2.990e-01 1.100e-03 5.880e-04 3.170e-03 -1.000 1.000e-03 0.167 1.106 1.097 0.420 -0.032 -0.470 -1.054 -1.536 -1.598
0.00010 1.30e+10 0.7793644071    0.774  1.885  3.7097  2.233    0  0.000  0.463     0.00     0.00 -1         0      0.00 7.000e-01 2.990e-01 1.100e-03 5.880e-04 3.170e-03 -1.000 1.000e-03 0.058 1.021 1.001 0.315 -0.140 -0.581 -1.170 -1.656 -1.718
0.00010 1.30e+10 0.7794352770    0.774  1.928  3.7081  2.183    0  0.000  0.463     0.00     0.00 -1         0      0.00 7.000e-01 2.990e-01 1.100e-03 5.880e-04 3.170e-03 -1.000 1.000e-03 -0.050 0.938 0.905 0.211 -0.248 -0.692 -1.285 -1.775 -1.838
0.00010 1.30e+10 0.7795033455    0.773  1.973  3.7065  2.131    0  0.000  0.463     0.00     0.00 -1         0      0.00 7.000e-01 2.990e-01 1.100e-03 5.880e-04 3.170e-03 -1.000 1.000e-03 -0.163 0.851 0.806 0.103 -0.360 -0.807 -1.405 -1.899 -1.963
0.00010 1.30e+10 0.7795616388    0.773  2.015  3.7048  2.082    0  0.000  0.463     0.00     0.00 -1         0      0.00 7.000e-01 2.990e-01 1.100e-03 5.880e-04 3.170e-03 -1.000 1.000e-03 -0.268 0.772 0.715 0.003 -0.464 -0.915 -1.518 -2.015 -2.080
0.00010 1.30e+10 0.7796155214    0.772  2.057  3.7032  2.034    0  0.000  0.463     0.00     0.00 -1         0      0.00 7.000e-01 2.990e-01 1.100e-03 5.880e-04 3.170e-03 -1.000 1.000e-03 -0.373 0.693 0.623 -0.098 -0.568 -1.022 -1.629 -2.131 -2.196
0.00010 1.30e+10 0.7796670198    0.772  2.101  3.7017  1.984    0  0.000  0.463     0.00     0.00 -1         0      0.00 7.000e-01 2.990e-01 1.100e-03 5.880e-04 3.170e-03 -1.000 1.000e-03 -0.481 0.611 0.528 -0.202 -0.676 -1.133 -1.745 -2.251 -2.317
0.00010 1.30e+10 0.7797119617    0.772  2.141  3.7000  1.936    0  0.000  0.463     0.00     0.00 -1         0      0.00 7.000e-01 2.990e-01 1.100e-03 5.880e-04 3.170e-03 -1.000 1.000e-03 -0.583 0.538 0.442 -0.298 -0.777 -1.238 -1.855 -2.365 -2.431
0.00010 1.30e+10 0.7797540426    0.771  2.182  3.6984  1.888    0  0.000  0.463     0.00     0.00 -1         0      0.00 7.000e-01 2.990e-01 1.100e-03 5.880e-04 3.170e-03 -1.000 1.000e-03 -0.686 0.465 0.354 -0.396 -0.879 -1.343 -1.965 -2.478 -2.546
0.00010 1.30e+10 0.7797978520    0.770  2.223  3.6969  1.842    0  0.000  0.463     0.00     0.00 -1         0      0.00 7.000e-01 2.990e-01 1.100e-03 5.880e-04 3.170e-03 -1.000 1.000e-03 -0.786 0.391 0.267 -0.492 -0.979 -1.447 -2.072 -2.589 -2.657
0.00010 1.30e+10 0.7798464298    0.770  2.253  3.6957  1.806    0  0.000  0.463     0.00     0.00 -1         0      0.00 7.000e-01 2.990e-01 1.100e-03 5.880e-04 3.170e-03 -1.000 1.000e-03 -0.862 0.338 0.203 -0.564 -1.055 -1.525 -2.154 -2.674 -2.742
0.00010 1.30e+10 0.7798658013    0.769  2.249  3.6960  1.812    0  0.000  0.463     0.00     0.00 -1         0      0.00 7.000e-01 2.990e-01 1.100e-03 5.880e-04 3.170e-03 -1.000 1.000e-03 -0.852 0.342 0.210 -0.555 -1.044 -1.514 -2.142 -2.660 -2.729
0.00010 1.30e+10 0.7798712254    0.769  2.255  3.6958  1.804    0  0.000  0.463     0.00     0.00 -1         0      0.00 7.000e-01 2.990e-01 1.100e-03 5.880e-04 3.170e-03 -1.000 1.000e-03 -0.868 0.331 0.196 -0.570 -1.061 -1.531 -2.160 -2.679 -2.748
0.00010 1.30e+10 0.7799014449    0.769  2.295  3.6941  1.757    0  0.000  0.463     0.00     0.00 -1         0      0.00 7.000e-01 2.990e-01 1.100e-03 5.880e-04 3.170e-03 -1.000 1.000e-03 -0.969 0.268 0.115 -0.664 -1.160 -1.633 -2.267 -2.791 -2.860
0.00010 1.30e+10 0.7799319029    0.768  2.338  3.6924  1.707    0  0.000  0.463     0.00     0.00 -1         0      0.00 7.000e-01 2.990e-01 1.100e-03 5.880e-04 3.170e-03 -1.000 1.000e-03 -1.076 0.199 0.026 -0.765 -1.265 -1.743 -2.382 -2.909 -2.979
0.00010 1.30e+10 0.7799577713    0.767  2.377  3.6907  1.661    0  0.000  0.463     0.00     0.00 -1         0      0.00 7.000e-01 2.990e-01 1.100e-03 5.880e-04 3.170e-03 -1.000 1.000e-03 -1.172 0.140 -0.051 -0.855 -1.361 -1.842 -2.486 -3.017 -3.088
0.00010 1.30e+10 0.7799832225    0.766  2.418  3.6889  1.613    0  0.000  0.463     0.00     0.00 -1         0      0.00 7.000e-01 2.990e-01 1.100e-03 5.880e-04 3.170e-03 -1.000 1.000e-03 -1.274 0.079 -0.132 -0.949 -1.460 -1.946 -2.596 -3.131 -3.203
0.00010 1.30e+10 0.7800070047    0.766  2.458  3.6873  1.565    0  0.000  0.463     0.00     0.00 -1         0      0.00 7.000e-01 2.990e-01 1.100e-03 5.880e-04 3.170e-03 -1.000 1.000e-03 -1.376 0.015 -0.214 -1.044 -1.561 -2.050 -2.705 -3.244 -3.317
0.00010 1.30e+10 0.7800278068    0.765  2.496  3.6856  1.519    0  0.000  0.463     0.00     0.00 -1         0      0.00 7.000e-01 2.990e-01 1.100e-03 5.880e-04 3.170e-03 -1.000 1.000e-03 -1.471 -0.041 -0.289 -1.132 -1.654 -2.148 -2.808 -3.351 -3.425
0.00010 1.30e+10 0.7800484300    0.764  2.537  3.6837  1.471    0  0.000  0.463     0.00     0.00 -1         0      0.00 7.000e-01 2.990e-01 1.100e-03 5.880e-04 3.170e-03 -1.000 1.000e-03 -1.572 -0.097 -0.367 -1.226 -1.754 -2.251 -2.917 -3.465 -3.539
0.00010 1.30e+10 0.7800666690    0.763  2.575  3.6821  1.426    0  0.000  0.463     0.00     0.00 -1         0      0.00 7.000e-01 2.990e-01 1.100e-03 5.880e-04 3.170e-03 -1.000 1.000e-03 -1.668 -0.151 -0.441 -1.314 -1.848 -2.350 -3.021 -3.572 -3.647
0.00010 1.30e+10 0.7800837159    0.762  2.613  3.6804  1.380    0  0.000  0.463     0.00     0.00 -1         0      0.00 7.000e-01 2.990e-01 1.100e-03 5.880e-04 3.170e-03 -1.000 1.000e-03 -1.764 -0.194 -0.510 -1.400 -1.941 -2.447 -3.124 -3.679 -3.755
0.00010 1.30e+10 0.7800999880    0.761  2.652  3.6786  1.333    0  0.000  0.463     0.00     0.00 -1         0      0.00 7.000e-01 2.990e-01 1.100e-03 5.880e-04 3.170e-03 -1.000 1.000e-03 -1.860 -0.234 -0.579 -1.487 -2.034 -2.545 -3.228 -3.788 -3.865
0.00010 1.30e+10 0.7801174521    0.759  2.697  3.6766  1.280    0  0.000  0.463     0.00     0.00 -1         0      0.00 7.000e-01 2.990e-01 1.100e-03 5.880e-04 3.170e-03 -1.000 1.000e-03 -1.972 -0.284 -0.660 -1.588 -2.144 -2.660 -3.349 -3.913 -3.991
0.00010 1.30e+10 0.7801315784    0.758  2.736  3.6747  1.233    0  0.000  0.463     0.00     0.00 -1         0      0.00 7.000e-01 2.990e-01 1.100e-03 5.880e-04 3.170e-03 -1.000 1.000e-03 -2.069 -0.318 -0.725 -1.673 -2.237 -2.758 -3.454 -4.023 -4.102
0.00010 1.30e+10 0.7801460624    0.756  2.778  3.6727  1.181    0  0.000  0.463     0.00     0.00 -1         0      0.00 7.000e-01 2.990e-01 1.100e-03 5.880e-04 3.170e-03 -1.000 1.000e-03 -2.176 -0.360 -0.799 -1.769 -2.341 -2.867 -3.570 -4.143 -4.223
0.00010 1.30e+10 0.7801580429    0.754  2.816  3.6710  1.135    0  0.000  0.463     0.00     0.00 -1         0      0.00 7.000e-01 2.990e-01 1.100e-03 5.880e-04 3.170e-03 -1.000 1.000e-03 -2.271 -0.394 -0.863 -1.852 -2.432 -2.964 -3.672 -4.250 -4.330
0.00010 1.30e+10 0.7801702023    0.752  2.857  3.6688  1.084    0  0.000  0.463     0.00     0.00 -1         0      0.00 7.000e-01 2.990e-01 1.100e-03 5.880e-04 3.170e-03 -1.000 1.000e-03 -2.373 -0.423 -0.928 -1.941 -2.531 -3.069 -3.784 -4.368 -4.449
0.00010 1.30e+10 0.7801803350    0.751  2.894  3.6672  1.040    0  0.000  0.463     0.00     0.00 -1         0      0.00 7.000e-01 2.990e-01 1.100e-03 5.880e-04 3.170e-03 -1.000 1.000e-03 -2.464 -0.454 -0.989 -2.021 -2.618 -3.161 -3.882 -4.470 -4.551
0.00010 1.30e+10 0.7801910043    0.748  2.934  3.6650  0.990    0  0.000  0.463     0.00     0.00 -1         0      0.00 7.000e-01 2.990e-01 1.100e-03 5.880e-04 3.170e-03 -1.000 1.000e-03 -2.566 -0.470 -1.047 -2.107 -2.714 -3.264 -3.993 -4.586 -4.668
0.00010 1.30e+10 0.7802017331    0.746  2.978  3.6628  0.935    0  0.000  0.463     0.00     0.00 -1         0      0.00 7.000e-01 2.990e-01 1.100e-03 5.880e-04 3.170e-03 -1.000 1.000e-03 -2.676 -0.486 -1.109 -2.199 -2.819 -3.376 -4.113 -4.711 -4.794
0.00010 1.30e+10 0.7802104950    0.743  3.017  3.6608  0.888    0  0.000  0.463     0.00     0.00 -1         0      0.00 7.000e-01 2.990e-01 1.100e-03 5.880e-04 3.170e-03 -1.000 1.000e-03 -2.772 -0.495 -1.160 -2.279 -2.909 -3.473 -4.218 -4.821 -4.904
0.00010 1.30e+10 0.7802180052    0.741  3.051  3.6590  0.844    0  0.000  0.463     0.00     0.00 -1         0      0.00 7.000e-01 2.990e-01 1.100e-03 5.880e-04 3.170e-03 -1.000 1.000e-03 -2.858 -0.499 -1.204 -2.349 -2.991 -3.561 -4.313 -4.920 -5.004
0.00010 1.30e+10 0.7802257538    0.738  3.089  3.6571  0.797    0  0.000  0.463     0.00     0.00 -1         0      0.00 7.000e-01 2.990e-01 1.100e-03 5.880e-04 3.170e-03 -1.000 1.000e-03 -2.953 -0.505 -1.252 -2.427 -3.080 -3.657 -4.417 -5.028 -5.113
0.00010 1.30e+10 0.7802336812    0.734  3.130  3.6548  0.745    0  0.000  0.463     0.00     0.00 -1         0      0.00 7.000e-01 2.990e-01 1.100e-03 5.880e-04 3.170e-03 -1.000 1.000e-03 -3.055 -0.503 -1.300 -2.509 -3.176 -3.761 -4.530 -5.146 -5.232
0.00010 1.30e+10 0.7802403569    0.731  3.167  3.6529  0.699    0  0.000  0.463     0.00     0.00 -1         0      0.00 7.000e-01 2.990e-01 1.100e-03 5.880e-04 3.170e-03 -1.000 1.000e-03 -3.147 -0.497 -1.340 -2.580 -3.260 -3.853 -4.629 -5.251 -5.337
0.00010 1.30e+10 0.7802470326    0.727  3.205  3.6508  0.650    0  0.000  0.463     0.00     0.00 -1         0      0.00 7.000e-01 2.990e-01 1.100e-03 5.880e-04 3.170e-03 -1.000 1.000e-03 -3.242 -0.483 -1.379 -2.652 -3.346 -3.947 -4.733 -5.360 -5.447
0.00010 1.30e+10 0.7802532911    0.722  3.240  3.6489  0.604    0  0.000  0.463     0.00     0.00 -1         0      0.00 7.000e-01 2.990e-01 1.100e-03 5.880e-04 3.170e-03 -1.000 1.000e-03 -3.330 -0.467 -1.412 -2.717 -3.425 -4.034 -4.829 -5.461 -5.549
0.00010 1.30e+10 0.7802550197    0.721  1.636  3.9762  3.517    4  0.000  0.463     0.00     0.00 -1         0      0.00 7.000e-01 2.990e-01 1.100e-03 5.880e-04 3.170e-03 -1.000 1.000e-03 0.679 0.836 0.867 0.885 0.883 0.879 0.875 0.873 0.875
0.00010 1.30e+10 0.7802562118    0.721  1.643  3.9722  3.494    4  0.000  0.463     0.00     0.00 -1         0      0.00 7.000e-01 2.990e-01 1.100e-03 5.880e-04 3.170e-03 -1.000 1.000e-03 0.663 0.818 0.838 0.851 0.848 0.840 0.831 0.827 0.828
0.00010 1.30e+10 0.7802979350    0.721  1.663  3.9620  3.434    4  0.000  0.463     0.00     0.00 -1         0      0.00 7.000e-01 2.990e-01 1.100e-03 5.880e-04 3.170e-03 -1.000 1.000e-03 0.614 0.765 0.758 0.762 0.752 0.736 0.714 0.704 0.703
0.00010 1.30e+10 0.7803406715    0.721  1.664  3.9614  3.430    4  0.000  0.463     0.00     0.00 -1         0      0.00 7.000e-01 2.990e-01 1.100e-03 5.880e-04 3.170e-03 -1.000 1.000e-03 0.610 0.762 0.753 0.756 0.746 0.730 0.707 0.697 0.695
0.00010 1.30e+10 0.7803847790    0.721  1.664  3.9612  3.429    4  0.000  0.463     0.00     0.00 -1         0      0.00 7.000e-01 2.990e-01 1.100e-03 5.880e-04 3.170e-03 -1.000 1.000e-03 0.610 0.762 0.753 0.756 0.745 0.729 0.706 0.696 0.694
0.00010 1.30e+10 0.7804291248    0.721  1.664  3.9609  3.428    4  0.000  0.463     0.00     0.00 -1         0      0.00 7.000e-01 2.990e-01 1.100e-03 5.880e-04 3.170e-03 -1.000 1.000e-03 0.610 0.762 0.752 0.754 0.744 0.727 0.703 0.693 0.691
0.00010 1.30e+10 0.7804735303    0.721  1.664  3.9601  3.425    4  0.000  0.463     0.00     0.00 -1         0      0.00 7.000e-01 2.990e-01 1.100e-03 5.880e-04 3.170e-03 -1.000 1.000e-03 0.610 0.761 0.750 0.751 0.740 0.723 0.698 0.687 0.685
0.00010 1.30e+10 0.7805184126    0.721  1.665  3.9591  3.420    4  0.000  0.463     0.00     0.00 -1         0      0.00 7.000e-01 2.990e-01 1.100e-03 5.880e-04 3.170e-03 -1.000 1.000e-03 0.608 0.760 0.746 0.746 0.734 0.716 0.689 0.678 0.676
0.00010 1.30e+10 0.7805640101    0.721  1.665  3.9576  3.413    4  0.000  0.463     0.00     0.00 -1         0      0.00 7.000e-01 2.990e-01 1.100e-03 5.880e-04 3.170e-03 -1.000 1.000e-03 0.606 0.758 0.741 0.739 0.726 0.707 0.678 0.665 0.663
0.00010 1.30e+10 0.7806094289    0.721  1.666  3.9559  3.405    4  0.000  0.463     0.00     0.00 -1         0      0.00 7.000e-01 2.990e-01 1.100e-03 5.880e-04 3.170e-03 -1.000 1.000e-03 0.604 0.756 0.735 0.731 0.716 0.695 0.664 0.650 0.648
0.00010 1.30e+10 0.7806525826    0.722  1.668  3.9538  3.396    4  0.000  0.463     0.00     0.00 -1         0      0.00 7.000e-01 2.990e-01 1.100e-03 5.880e-04 3.170e-03 -1.000 1.000e-03 0.600 0.752 0.726 0.720 0.704 0.681 0.646 0.632 0.628
0.00010 1.30e+10 0.7806962132    0.722  1.670  3.9513  3.384    4  0.000  0.463     0.00     0.00 -1         0      0.00 7.000e-01 2.990e-01 1.100e-03 5.880e-04 3.170e-03 -1.000 1.000e-03 0.596 0.748 0.716 0.707 0.689 0.664 0.626 0.609 0.606
0.00010 1.30e+10 0.7807388902    0.722  1.672  3.9484  3.370    4  0.000  0.463     0.00     0.00 -1         0      0.00 7.000e-01 2.990e-01 1.100e-03 5.880e-04 3.170e-03 -1.000 1.000e-03 0.591 0.743 0.704 0.691 0.671 0.644 0.602 0.583 0.579
0.00010 1.30e+10 0.7807818651    0.722  1.674  3.9452  3.355    4  0.000  0.463     0.00     0.00 -1         0      0.00 7.000e-01 2.990e-01 1.100e-03 5.880e-04 3.170e-03 -1.000 1.000e-03 0.585 0.738 0.694 0.676 0.653 0.622 0.575 0.554 0.549
0.00010 1.30e+10 0.7808234692    0.722  1.677  3.9415  3.338    4  0.000  0.463     0.00     0.00 -1         0      0.00 7.000e-01 2.990e-01 1.100e-03 5.880e-04 3.170e-03 -1.000 1.000e-03 0.579 0.733 0.681 0.659 0.632 0.598 0.545 0.521 0.515
0.00010 1.30e+10 0.7808669806    0.722  1.680  3.9372  3.318    4  0.000  0.463     0.00     0.00 -1         0      0.00 7.000e-01 2.990e-01 1.100e-03 5.880e-04 3.170e-03 -1.000 1.000e-03 0.571 0.727 0.667 0.639 0.608 0.569 0.510 0.482 0.475
0.00010 1.30e+10 0.7809098959    0.722  1.683  3.9326  3.296    4  0.000  0.463     0.00     0.00 -1         0      0.00 7.000e-01 2.990e-01 1.100e-03 5.880e-04 3.170e-03 -1.000 1.000e-03 0.562 0.720 0.653 0.618 0.583 0.538 0.472 0.440 0.432
0.00010 1.30e+10 0.7809567451    0.722  1.687  3.9272  3.270    4  0.000  0.463     0.00     0.00 -1         0      0.00 7.000e-01 2.990e-01 1.100e-03 5.880e-04 3.170e-03 -1.000 1.000e-03 0.552 0.714 0.639 0.595 0.554 0.503 0.427 0.390 0.381
0.00010 1.30e+10 0.7810001373    0.722  1.691  3.9214  3.243    4  0.000  0.463     0.00     0.00 -1         0      0.00 7.000e-01 2.990e-01 1.100e-03 5.880e-04 3.170e-03 -1.000 1.000e-03 0.542 0.707 0.625 0.572 0.524 0.466 0.380 0.337 0.327
0.00010 1.30e+10 0.7810445428    0.722  1.696  3.9151  3.213    4  0.000  0.463     0.00     0.00 -1         0      0.00 7.000e-01 2.990e-01 1.100e-03 5.880e-04 3.170e-03 -1.000 1.000e-03 0.530 0.700 0.614 0.550 0.494 0.427 0.330 0.280 0.269
0.00010 1.30e+10 0.7810878754    0.722  1.701  3.9084  3.181    4  0.000  0.463     0.00     0.00 -1         0      0.00 7.000e-01 2.990e-01 1.100e-03 5.880e-04 3.170e-03 -1.000 1.000e-03 0.518 0.694 0.605 0.527 0.462 0.385 0.276 0.218 0.207
0.00010 1.30e+10 0.7811310291    0.722  1.706  3.9014  3.148    4  0.000  0.463     0.00     0.00 -1         0      0.00 7.000e-01 2.990e-01 1.100e-03 5.880e-04 3.170e-03 -1.000 1.000e-03 0.505 0.688 0.600 0.507 0.430 0.342 0.221 0.153 0.140
0.00010 1.30e+10 0.7811393738    0.722  1.707  3.9000  3.141    4  0.000  0.463     0.00     0.00 -1         0      0.00 7.000e-01 2.990e-01 1.100e-03 5.880e-04 3.170e-03 -1.000 1.000e-03 0.502 0.687 0.599 0.503 0.424 0.334 0.210 0.140 0.127
0.00010 1.30e+10 0.7811601758    0.722  1.710  3.8967  3.126    4  0.000  0.463     0.00     0.00 -1         0      0.00 7.000e-01 2.990e-01 1.100e-03 5.880e-04 3.170e-03 -1.000 1.000e-03 0.496 0.684 0.598 0.494 0.410 0.314 0.184 0.110 0.097
0.00010 1.30e+10 0.7812035084    0.722  1.715  3.8897  3.092    4  0.000  0.463     0.00     0.00 -1         0      0.00 7.000e-01 2.990e-01 1.100e-03 5.880e-04 3.170e-03 -1.000 1.000e-03 0.483 0.679 0.598 0.476 0.380 0.272 0.129 0.044 0.030
0.00010 1.30e+10 0.7812448144    0.722  1.720  3.8823  3.058    4  0.000  0.463     0.00     0.00 -1         0      0.00 7.000e-01 2.990e-01 1.100e-03 5.880e-04 3.170e-03 -1.000 1.000e-03 0.469 0.675 0.603 0.461 0.351 0.231 0.072 -0.024 -0.039
0.00010 1.30e+10 0.7812870145    0.722  1.726  3.8745  3.020    4  0.000  0.463     0.00     0.00 -1         0      0.00 7.000e-01 2.990e-01 1.100e-03 5.880e-04 3.170e-03 -1.000 1.000e-03 0.455 0.672 0.611 0.447 0.322 0.188 0.013 -0.097 -0.113
0.00010 1.30e+10 0.7813280821    0.722  1.732  3.8663  2.982    4  0.000  0.463     0.00     0.00 -1         0      0.00 7.000e-01 2.990e-01 1.100e-03 5.880e-04 3.170e-03 -1.000 1.000e-03 0.439 0.668 0.620 0.435 0.294 0.145 -0.048 -0.172 -0.189
0.00010 1.30e+10 0.7813691497    0.722  1.738  3.8582  2.943    4  0.000  0.463     0.00     0.00 -1         0      0.00 7.000e-01 2.990e-01 1.100e-03 5.880e-04 3.170e-03 -1.000 1.000e-03 0.424 0.664 0.632 0.426 0.269 0.103 -0.107 -0.248 -0.266
0.00010 1.30e+10 0.7814109325    0.722  1.745  3.8498  2.903    4  0.000  0.463     0.00     0.00 -1         0      0.00 7.000e-01 2.990e-01 1.100e-03 5.880e-04 3.170e-03 -1.000 1.000e-03 0.408 0.661 0.644 0.416 0.243 0.061 -0.167 -0.326 -0.344
0.00010 1.30e+10 0.7814528346    0.722  1.751  3.8414  2.863    4  0.000  0.463     0.00     0.00 -1         0      0.00 7.000e-01 2.990e-01 1.100e-03 5.880e-04 3.170e-03 -1.000 1.000e-03 0.391 0.658 0.657 0.409 0.219 0.021 -0.227 -0.404 -0.423
0.00010 1.30e+10 0.7814940214    0.722  1.758  3.8334  2.824    4  0.000  0.463     0.00     0.00 -1         0      0.00 7.000e-01 2.990e-01 1.100e-03 5.880e-04 3.170e-03 -1.000 1.000e-03 0.375 0.657 0.671 0.402 0.195 -0.018 -0.285 -0.479 -0.499
0.00010 1.30e+10 0.7815356851    0.723  1.765  3.8250  2.783    4  0.000  0.463     0.00     0.00 -1         0      0.00 7.000e-01 2.990e-01 1.100e-03 5.880e-04 3.170e-03 -1.000 1.000e-03 0.357 0.656 0.685 0.394 0.171 -0.058 -0.345 -0.558 -0.580
0.00010 1.30e+10 0.7815796733    0.723  1.774  3.8149  2.734    4  0.000  0.463     0.00     0.00 -1         0      0.00 7.000e-01 2.990e-01 1.100e-03 5.880e-04 3.170e-03 -1.000 1.000e-03 0.334 0.657 0.702 0.385 0.142 -0.106 -0.418 -0.653 -0.677
0.00010 1.30e+10 0.7816207409    0.723  1.784  3.8053  2.686    4  0.000  0.463     0.00     0.00 -1         0      0.00 7.000e-01 2.990e-01 1.100e-03 5.880e-04 3.170e-03 -1.000 1.000e-03 0.310 0.657 0.717 0.374 0.112 -0.154 -0.489 -0.747 -0.772
0.00010 1.30e+10 0.7816554308    0.723  1.795  3.7950  2.634    4  0.000  0.463     0.00     0.00 -1         0      0.00 7.000e-01 2.990e-01 1.100e-03 5.880e-04 3.170e-03 -1.000 1.000e-03 0.281 0.659 0.733 0.361 0.079 -0.206 -0.566 -0.848 -0.876
0.00010 1.30e+10 0.7816774845    0.723  1.810  3.7850  2.579    4  0.000  0.463     0.00     0.00 -1         0      0.00 7.000e-01 2.990e-01 1.100e-03 5.880e-04 3.170e-03 -1.000 1.000e-03 0.244 0.658 0.740 0.339 0.038 -0.265 -0.651 -0.956 -0.986
0.00010 1.30e+10 0.7816930413    0.723  1.823  3.7772  2.535    4  0.000  0.463     0.00     0.00 -1         0      0.00 7.000e-01 2.990e-01 1.100e-03 5.880e-04 3.170e-03 -1.000 1.000e-03 0.213 0.659 0.746 0.322 0.005 -0.313 -0.718 -1.042 -1.074
0.00010 1.30e+10 0.7817023396    0.723  1.838  3.7700  2.491    4  0.000  0.463     0.00     0.00 -1         0      0.00 7.000e-01 2.990e-01 1.100e-03 5.880e-04 3.170e-03 -1.000 1.000e-03 0.176 0.656 0.743 0.297 -0.034 -0.364 -0.788 -1.130 -1.164
0.00010 1.30e+10 0.7817091942    0.723  1.849  3.7643  2.457    4  0.000  0.463     0.00     0.00 -1         0      0.00 7.000e-01 2.990e-01 1.100e-03 5.880e-04 3.170e-03 -1.000 1.000e-03 0.147 0.656 0.743 0.278 -0.064 -0.405 -0.844 -1.199 -1.235
0.00010 1.30e+10 0.7817141414    0.723  1.863  3.7586  2.420    4  0.000  0.463     0.00     0.00 -1         0      0.00 7.000e-01 2.990e-01 1.100e-03 5.880e-04 3.170e-03 -1.000 1.000e-03 0.111 0.654 0.736 0.253 -0.100 -0.451 -0.905 -1.273 -1.311
0.00010 1.30e+10 0.7817183733    0.723  1.879  3.7530  2.382    4  0.000  0.463     0.00     0.00 -1         0      0.00 7.000e-01 2.990e-01 1.100e-03 5.880e-04 3.170e-03 -1.000 1.000e-03 0.073 0.649 0.727 0.224 -0.139 -0.500 -0.969 -1.350 -1.391
0.00010 1.30e+10 0.7817216516    0.723  1.901  3.7465  2.334    4  0.000  0.463     0.00     0.00 -1         0      0.00 7.000e-01 2.990e-01 1.100e-03 5.880e-04 3.170e-03 -1.000 1.000e-03 0.018 0.639 0.708 0.182 -0.195 -0.567 -1.053 -1.450 -1.493
0.00010 1.30e+10 0.7817237973    0.723  1.923  3.7408  2.289    4  0.000  0.463     0.00     0.00 -1         0      0.00 7.000e-01 2.990e-01 1.100e-03 5.880e-04 3.170e-03 -1.000 1.000e-03 -0.037 0.626 0.686 0.139 -0.249 -0.632 -1.133 -1.544 -1.589
0.00010 1.30e+10 0.7817252278    0.723  1.948  3.7355  2.243    4  0.000  0.463     0.00     0.00 -1         0      0.00 7.000e-01 2.990e-01 1.100e-03 5.880e-04 3.170e-03 -1.000 1.000e-03 -0.100 0.607 0.655 0.087 -0.312 -0.704 -1.220 -1.644 -1.691
0.00010 1.30e+10 0.7817260623    0.723  1.971  3.7317  2.205    4  0.000  0.463     0.00     0.00 -1         0      0.00 7.000e-01 2.990e-01 1.100e-03 5.880e-04 3.170e-03 -1.000 1.000e-03 -0.157 0.586 0.622 0.039 -0.369 -0.768 -1.294 -1.727 -1.776
0.00010 1.30e+10 0.7817267179    0.723  2.001  3.7280  2.160    4  0.000  0.463     0.00     0.00 -1         0      0.00 7.000e-01 2.990e-01 1.100e-03 5.880e-04 3.170e-03 -1.000 1.000e-03 -0.232 0.546 0.572 -0.028 -0.443 -0.849 -1.385 -1.826 -1.878
0.00010 1.30e+10 0.7817274928    0.723  2.037  3.7241  2.108    4  0.000  0.463     0.00     0.00 -1         0      0.00 7.000e-01 2.990e-01 1.100e-03 5.880e-04 3.170e-03 -1.000 1.000e-03 -0.323 0.493 0.506 -0.110 -0.533 -0.946 -1.493 -1.944 -1.997
0.00010 1.30e+10 0.7817282081    0.723  2.075  3.7206  2.056    4  0.000  0.463     0.00     0.00 -1         0      0.00 7.000e-01 2.990e-01 1.100e-03 5.880e-04 3.170e-03 -1.000 1.000e-03 -0.418 0.441 0.437 -0.196 -0.627 -1.047 -1.604 -2.063 -2.118
0.00010 1.30e+10 0.7817289829    0.723  2.113  3.7174  2.005    4  0.000  0.463     0.00     0.00 -1         0      0.00 7.000e-01 2.990e-01 1.100e-03 5.880e-04 3.170e-03 -1.000 1.000e-03 -0.513 0.386 0.366 -0.282 -0.721 -1.147 -1.713 -2.179 -2.236
0.00010 1.30e+10 0.7817300558    0.723  2.146  3.7150  1.963    4  0.000  0.463     0.00     0.00 -1         0      0.00 7.000e-01 2.990e-01 1.100e-03 5.880e-04 3.170e-03 -1.000 1.000e-03 -0.595 0.335 0.302 -0.358 -0.802 -1.233 -1.806 -2.278 -2.335
0.00010 1.30e+10 0.7817320824    0.723  2.147  3.7152  1.963    4  0.000  0.463     0.00     0.00 -1         0      0.00 7.000e-01 2.990e-01 1.100e-03 5.880e-04 3.170e-03 -1.000 1.000e-03 -0.596 0.332 0.299 -0.360 -0.804 -1.234 -1.806 -2.278 -2.335
0.00010 1.30e+10 0.7817353606    0.723  2.136  3.7160  1.977    4  0.000  0.463     0.00     0.00 -1         0      0.00 7.000e-01 2.990e-01 1.100e-03 5.880e-04 3.170e-03 -1.000 1.000e-03 -0.569 0.349 0.321 -0.335 -0.776 -1.205 -1.775 -2.245 -2.302
0.00010 1.30e+10 0.7817559242    0.723  2.150  3.7143  1.956    4  0.000  0.463     0.00     0.00 -1         0      0.00 7.000e-01 2.990e-01 1.100e-03 5.880e-04 3.170e-03 -1.000 1.000e-03 -0.606 0.334 0.297 -0.367 -0.813 -1.245 -1.820 -2.293 -2.352
0.00010 1.30e+10 0.7817690969    0.723  2.186  3.7116  1.910    4  0.000  0.463     0.00     0.00 -1         0      0.00 7.000e-01 2.990e-01 1.100e-03 5.880e-04 3.170e-03 -1.000 1.000e-03 -0.694 0.282 0.230 -0.448 -0.900 -1.338 -1.920 -2.400 -2.459
0.00010 1.30e+10 0.7817884684    0.723  2.238  3.7080  1.843    4  0.000  0.463     0.00     0.00 -1         0      0.00 7.000e-01 2.990e-01 1.100e-03 5.880e-04 3.170e-03 -1.000 1.000e-03 -0.826 0.204 0.129 -0.569 -1.030 -1.475 -2.067 -2.556 -2.617
0.00010 1.30e+10 0.7818043232    0.723  2.281  3.7053  1.789    4  0.000  0.463     0.00     0.00 -1         0      0.00 7.000e-01 2.990e-01 1.100e-03 5.880e-04 3.170e-03 -1.000 1.000e-03 -0.932 0.141 0.047 -0.667 -1.135 -1.585 -2.185 -2.680 -2.743
0.00010 1.30e+10 0.7818185091    0.723  2.323  3.7028  1.737    4  0.000  0.463     0.00     0.00 -1         0      0.00 7.000e-01 2.990e-01 1.100e-03 5.880e-04 3.170e-03 -1.000 1.000e-03 -1.037 0.078 -0.035 -0.764 -1.238 -1.694 -2.301 -2.802 -2.866
0.00010 1.30e+10 0.7818310857    0.723  2.364  3.7003  1.686    4  0.000  0.463     0.00     0.00 -1         0      0.00 7.000e-01 2.990e-01 1.100e-03 5.880e-04 3.170e-03 -1.000 1.000e-03 -1.141 0.015 -0.116 -0.860 -1.340 -1.801 -2.416 -2.923 -2.988
0.00010 1.30e+10 0.7818421721    0.723  2.406  3.6980  1.635    4  0.000  0.463     0.00     0.00 -1         0      0.00 7.000e-01 2.990e-01 1.100e-03 5.880e-04 3.170e-03 -1.000 1.000e-03 -1.245 -0.050 -0.198 -0.956 -1.443 -1.909 -2.531 -3.044 -3.110
0.00010 1.30e+10 0.7818520069    0.723  2.448  3.6956  1.584    4  0.000  0.463     0.00     0.00 -1         0      0.00 7.000e-01 2.990e-01 1.100e-03 5.880e-04 3.170e-03 -1.000 1.000e-03 -1.349 -0.112 -0.279 -1.052 -1.546 -2.017 -2.645 -3.164 -3.231
0.00010 1.30e+10 0.7818606496    0.723  2.489  3.6934  1.534    4  0.000  0.463     0.00     0.00 -1         0      0.00 7.000e-01 2.990e-01 1.100e-03 5.880e-04 3.170e-03 -1.000 1.000e-03 -1.451 -0.165 -0.356 -1.145 -1.646 -2.122 -2.757 -3.281 -3.350
0.00010 1.30e+10 0.7818685770    0.723  2.530  3.6911  1.484    4  0.000  0.463     0.00     0.00 -1         0      0.00 7.000e-01 2.990e-01 1.100e-03 5.880e-04 3.170e-03 -1.000 9.999e-04 -1.554 -0.218 -0.432 -1.239 -1.746 -2.228 -2.870 -3.400 -3.469
0.00010 1.30e+10 0.7818758488    0.723  2.571  3.6889  1.434    4  0.000  0.463     0.00     0.00 -1         0      0.00 7.000e-01 2.990e-01 1.100e-03 5.880e-04 3.170e-03 -1.000 1.000e-03 -1.656 -0.267 -0.506 -1.332 -1.846 -2.333 -2.982 -3.516 -3.587
0.00010 1.30e+10 0.7818826437    0.723  2.612  3.6866  1.384    4  0.000  0.463     0.00     0.00 -1         0      0.00 7.000e-01 2.990e-01 1.100e-03 5.880e-04 3.170e-03 -1.000 1.000e-03 -1.759 -0.316 -0.581 -1.425 -1.947 -2.439 -3.095 -3.634 -3.706
0.00010 1.30e+10 0.7818890214    0.723  2.653  3.6844  1.334    4  0.000  0.463     0.00     0.00 -1         0      0.00 7.000e-01 2.990e-01 1.100e-03 5.880e-04 3.170e-03 -1.000 1.000e-03 -1.861 -0.364 -0.654 -1.517 -2.046 -2.544 -3.207 -3.752 -3.825
0.00010 1.30e+10 0.7818950415    0.723  2.693  3.6822  1.284    4  0.000  0.463     0.00     0.00 -1         0      0.00 7.000e-01 2.990e-01 1.100e-03 5.880e-04 3.170e-03 -1.000 1.000e-03 -1.964 -0.411 -0.727 -1.609 -2.146 -2.649 -3.320 -3.869 -3.944
0.00010 1.30e+10 0.7819008231    0.723  2.734  3.6800  1.235    4  0.000  0.463     0.00     0.00 -1         0      0.00 7.000e-01 2.990e-01 1.100e-03 5.880e-04 3.170e-03 -1.000 1.000e-03 -2.066 -0.446 -0.795 -1.699 -2.245 -2.754 -3.431 -3.986 -4.062
0.00010 1.30e+10 0.7819063067    0.723  2.776  3.6777  1.184    4  0.000  0.463     0.00     0.00 -1         0      0.00 7.000e-01 2.990e-01 1.100e-03 5.880e-04 3.170e-03 -1.000 1.000e-03 -2.170 -0.478 -0.863 -1.789 -2.344 -2.859 -3.545 -4.105 -4.182
0.00010 1.30e+10 0.7819111943    0.723  2.818  3.6754  1.133    4  0.000  0.463     0.00     0.00 -1         0      0.00 7.000e-01 2.990e-01 1.100e-03 5.880e-04 3.170e-03 -1.000 1.000e-03 -2.275 -0.509 -0.930 -1.881 -2.446 -2.967 -3.660 -4.226 -4.304
0.00010 1.30e+10 0.7819152474    0.723  2.859  3.6731  1.082    4  0.000  0.463     0.00     0.00 -1         0      0.00 7.000e-01 2.990e-01 1.100e-03 5.880e-04 3.170e-03 -1.000 1.000e-03 -2.377 -0.537 -0.994 -1.969 -2.544 -3.072 -3.773 -4.345 -4.423
0.00010 1.30e+10 0.7819186449    0.723  2.900  3.6708  1.033    4  0.000  0.463     0.00     0.00 -1         0      0.00 7.000e-01 2.990e-01 1.100e-03 5.880e-04 3.170e-03 -1.000 1.000e-03 -2.479 -0.562 -1.056 -2.057 -2.641 -3.176 -3.884 -4.462 -4.541
0.00010 1.30e+10 0.7819215059    0.723  2.937  3.6686  0.986    4  0.000  0.463     0.00     0.00 -1         0      0.00 7.000e-01 2.990e-01 1.100e-03 5.880e-04 3.170e-03 -1.000 1.000e-03 -2.573 -0.581 -1.112 -2.137 -2.731 -3.272 -3.988 -4.571 -4.651
0.00010 1.30e+10 0.7819244862    0.723  2.977  3.6663  0.938    4  0.000  0.463     0.00     0.00 -1         0      0.00 7.000e-01 2.990e-01 1.100e-03 5.880e-04 3.170e-03 -1.000 1.000e-03 -2.672 -0.590 -1.164 -2.218 -2.824 -3.372 -4.097 -4.685 -4.766
0.00010 1.30e+10 0.7819269896    0.723  3.014  3.6641  0.892    4  0.000  0.463     0.00     0.00 -1         0      0.00 7.000e-01 2.990e-01 1.100e-03 5.880e-04 3.170e-03 -1.000 9.999e-04 -2.764 -0.593 -1.210 -2.294 -2.911 -3.466 -4.198 -4.792 -4.874
0.00010 1.30e+10 0.7819296718    0.723  3.055  3.6617  0.841    4  0.000  0.463     0.00     0.00 -1         0      0.00 7.000e-01 2.990e-01 1.100e-03 5.880e-04 3.170e-03 -1.000 1.000e-03 -2.867 -0.592 -1.259 -2.377 -3.007 -3.570 -4.312 -4.911 -4.995
0.00010 1.30e+10 0.7819298506    0.723  3.068  3.6609  0.825    4  0.000  0.463     0.00     0.00 -1         0      0.00 7.000e-01 2.990e-01 1.100e-03 5.880e-04 3.170e-03 -1.000 1.000e-03 -2.899 -0.590 -1.273 -2.402 -3.037 -3.602 -4.348 -4.949 -5.032
0.00010 1.30e+10 0.7819300294    0.723  3.088  3.6596  0.800    4  0.000  0.463     0.00     0.00 -1         0      0.00 7.000e-01 2.990e-01 1.100e-03 5.880e-04 3.170e-03 -1.000 1.000e-03 -2.950 -0.585 -1.295 -2.442 -3.084 -3.654 -4.404 -5.009 -5.092
0.00010 1.30e+10 0.7819302082    0.723  3.117  3.6578  0.763    4  0.000  0.463     0.00     0.00 -1         0      0.00 7.000e-01 2.990e-01 1.100e-03 5.880e-04 3.170e-03 -1.000 1.000e-03 -3.022 -0.578 -1.325 -2.499 -3.151 -3.728 -4.485 -5.093 -5.178
0.00010 1.30e+10 0.7819303870    0.723  3.150  3.6557  0.722    4  0.000  0.463     0.00     0.00 -1         0      0.00 7.000e-01 2.990e-01 1.100e-03 5.880e-04 3.170e-03 -1.000 1.000e-03 -3.104 -0.566 -1.358 -2.562 -3.227 -3.811 -4.576 -5.190 -5.275
0.00010 1.30e+10 0.7819306254    0.723  3.187  3.6533  0.675    4  0.000  0.463     0.00     0.00 -1         0      0.00 7.000e-01 2.990e-01 1.100e-03 5.880e-04 3.170e-03 -1.000 1.000e-03 -3.197 -0.547 -1.391 -2.632 -3.311 -3.904 -4.680 -5.299 -5.385
0.00010 1.30e+10 0.7819309831    0.723  3.220  3.6511  0.634    4  0.000  0.463     0.00     0.00 -1         0      0.00 7.000e-01 2.990e-01 1.100e-03 5.880e-04 3.170e-03 -1.000 1.000e-03 -3.280 -0.521 -1.417 -2.691 -3.385 -3.986 -4.771 -5.396 -5.483
0.00010 1.30e+10 0.7819313407    0.723  3.237  3.6479  0.603    8  0.519  0.410    45.81    24.39  1 -4.43e-07      0.00 7.512e-01 2.486e-01 1.251e-05 1.207e-05 4.069e-05 -1.000 1.513e-04 -3.323 -0.422 -1.384 -2.701 -3.414 -4.026 -4.825 -5.461 -5.549
0.00010 1.30e+10 0.7819314003    0.721  3.015  3.6615  0.879    8  0.519  0.410    25.26    14.56  1 -1.82e-07      0.00 7.512e-01 2.486e-01 1.251e-05 1.207e-05 4.069e-05 -1.000 1.513e-04 -2.767 -0.508 -1.165 -2.278 -2.907 -3.469 -4.211 -4.812 -4.895
0.00010 1.30e+10 0.7819315195    0.718  2.855  3.6713  1.076    8  0.520  0.410    16.51    10.07  1 -1.02e-07      0.00 7.512e-01 2.486e-01 1.251e-05 1.207e-05 4.069e-05 -1.000 1.513e-04 -2.368 -0.481 -0.959 -1.951 -2.531 -3.063 -3.770 -4.347 -4.426
0.00010 1.30e+10 0.7819316983    0.713  2.635  3.6850  1.348    8  0.520  0.410     9.20     6.05  1    -5e-08      0.00 7.512e-01 2.486e-01 1.251e-05 1.207e-05 4.069e-05 -1.000 1.513e-04 -1.817 -0.333 -0.617 -1.475 -2.003 -2.499 -3.161 -3.704 -3.777
0.00010 1.30e+10 0.7819319963    0.705  2.637  3.6850  1.341    8  0.520  0.410     9.35     6.10  1 -5.12e-08      0.00 7.512e-01 2.486e-01 1.251e-05 1.207e-05 4.069e-05 -1.000 1.513e-04 -1.824 -0.338 -0.623 -1.481 -2.009 -2.506 -3.167 -3.710 -3.783
0.00010 1.30e+10 0.7819323540    0.696  2.707  3.6809  1.249    8  0.520  0.410    11.41     7.19  1 -6.52e-08      0.00 7.512e-01 2.486e-01 1.251e-05 1.207e-05 4.069e-05 -1.000 1.513e-04 -1.998 -0.404 -0.741 -1.636 -2.179 -2.685 -3.360 -3.912 -3.987
0.00010 1.30e+10 0.7819327712    0.684  2.893  3.6697  1.011    8  0.520  0.410    19.07    11.11  1 -1.26e-07      0.00 7.512e-01 2.486e-01 1.251e-05 1.207e-05 4.069e-05 -1.000 1.513e-04 -2.462 -0.511 -1.022 -2.033 -2.622 -3.159 -3.872 -4.452 -4.532
0.00010 1.30e+10 0.7819332480    0.671  3.063  3.6596  0.792    8  0.521  0.410    30.65    16.55  1 -2.46e-07      0.00 7.512e-01 2.486e-01 1.251e-05 1.207e-05 4.069e-05 -1.000 1.514e-04 -2.887 -0.517 -1.229 -2.378 -3.021 -3.591 -4.342 -4.946 -5.030
0.00010 1.30e+10 0.7819337845    0.656  3.174  3.6530  0.645    8  0.521  0.410    42.28    21.53  1 -4.01e-07      0.00 7.512e-01 2.486e-01 1.251e-05 1.207e-05 4.069e-05 -1.000 1.513e-04 -3.165 -0.485 -1.345 -2.595 -3.278 -3.873 -4.650 -5.270 -5.356
0.00010 1.30e+10 0.7819344401    0.640  3.232  3.6497  0.563    8  0.521  0.410    50.74    24.73  1 -5.36e-07      0.00 7.512e-01 2.486e-01 1.251e-05 1.207e-05 4.069e-05 -1.000 1.514e-04 -3.311 -0.451 -1.396 -2.701 -3.409 -4.017 -4.809 -5.438 -5.525
0.00010 1.30e+10 0.7819351554    0.623  3.257  3.6485  0.522    8  0.522  0.410    55.92    26.25  1 -6.26e-07      0.00 7.512e-01 2.486e-01 1.251e-05 1.207e-05 4.069e-05 -1.000 1.514e-04 -3.372 -0.438 -1.419 -2.747 -3.464 -4.079 -4.876 -5.508 -5.595
0.00010 1.30e+10 0.7819359303    0.604  3.268  3.6482  0.496    8  0.522  0.410    59.78    26.93  1 -6.94e-07      0.00 7.512e-01 2.486e-01 1.251e-05 1.207e-05 4.069e-05 -1.000 1.514e-04 -3.400 -0.436 -1.431 -2.769 -3.490 -4.107 -4.906 -5.538 -5.625
0.00010 1.30e+10 0.7819359899    0.603  3.098  3.6590  0.709    8  0.522  0.410    37.82    18.10  1 -3.39e-07      0.00 7.512e-01 2.486e-01 1.251e-05 1.207e-05 4.069e-05 -1.000 1.513e-04 -2.975 -0.540 -1.287 -2.456 -3.107 -3.682 -4.436 -5.039 -5.123
0.00010 1.30e+10 0.7819360495    0.601  2.896  3.6722  0.962    8  0.522  0.410    21.93    11.25  1 -1.57e-07      0.00 7.512e-01 2.486e-01 1.251e-05 1.207e-05 4.069e-05 -1.000 1.513e-04 -2.469 -0.562 -1.057 -2.053 -2.635 -3.168 -3.872 -4.444 -4.523
0.00010 1.30e+10 0.7819361687    0.598  2.672  3.6871  1.243    8  0.522  0.410    11.99     6.63  1 -7.43e-08      0.00 7.512e-01 2.486e-01 1.251e-05 1.207e-05 4.069e-05 -1.000 1.513e-04 -1.909 -0.439 -0.727 -1.576 -2.100 -2.593 -3.247 -3.783 -3.855
0.00010 1.30e+10 0.7819364071    0.593  2.670  3.6886  1.247    8  0.523  0.410    11.93     6.53  1  -7.6e-08      0.00 7.512e-01 2.486e-01 1.251e-05 1.207e-05 4.069e-05 -1.000 1.513e-04 -1.905 -0.463 -0.740 -1.578 -2.098 -2.587 -3.237 -3.769 -3.840
0.00010 1.30e+10 0.7819366455    0.587  2.734  3.6863  1.170    8  0.523  0.410    14.18     7.48  1 -9.71e-08      0.00 7.512e-01 2.486e-01 1.251e-05 1.207e-05 4.069e-05 -1.000 1.513e-04 -2.064 -0.561 -0.869 -1.727 -2.255 -2.750 -3.407 -3.944 -4.015
0.00010 1.30e+10 0.7819369435    0.580  2.909  3.6775  0.954    8  0.523  0.410    22.80    11.06  1 -1.87e-07      0.00 7.512e-01 2.486e-01 1.251e-05 1.207e-05 4.069e-05 -1.000 1.513e-04 -2.503 -0.735 -1.170 -2.117 -2.681 -3.200 -3.885 -4.443 -4.519
0.00010 1.30e+10 0.7819372416    0.572  3.068  3.6701  0.759    8  0.523  0.410    35.17    15.67  1 -3.62e-07      0.00 7.512e-01 2.486e-01 1.251e-05 1.207e-05 4.069e-05 -1.000 1.514e-04 -2.901 -0.851 -1.423 -2.464 -3.065 -3.607 -4.319 -4.893 -4.972
0.00010 1.30e+10 0.7819376588    0.562  3.169  3.6666  0.637    8  0.523  0.410    46.59    19.29  1 -5.78e-07      0.00 7.512e-01 2.486e-01 1.251e-05 1.207e-05 4.069e-05 -1.000 1.514e-04 -3.154 -0.943 -1.594 -2.688 -3.309 -3.865 -4.590 -5.171 -5.251
0.00010 1.30e+10 0.7819381356    0.552  3.217  3.6668  0.582    8  0.523  0.410    53.93    20.78  1 -7.52e-07      0.00 7.512e-01 2.486e-01 1.251e-05 1.207e-05 4.069e-05 -1.000 1.514e-04 -3.273 -1.044 -1.707 -2.806 -3.430 -3.987 -4.711 -5.290 -5.370
0.00010 1.30e+10 0.7819386125    0.541  3.231  3.6695  0.570    8  0.524  0.410    58.09    20.32  1 -8.55e-07      0.00 7.512e-01 2.486e-01 1.251e-05 1.207e-05 4.069e-05 -1.000 1.513e-04 -3.308 -1.158 -1.788 -2.859 -3.472 -4.022 -4.736 -5.308 -5.386
0.00010 1.30e+10 0.7819391489    0.529  3.231  3.6734  0.576    8  0.524  0.410    65.00    18.08  1 -9.19e-07      0.00 7.512e-01 2.486e-01 1.251e-05 1.207e-05 4.069e-05 -1.000 1.514e-04 -3.306 -1.276 -1.854 -2.884 -3.481 -4.019 -4.719 -5.280 -5.357
0.00010 1.30e+10 0.7819397449    0.529 -9.999  4.0642  2.116    9  0.529  0.000     0.00     0.00 -1         0      0.00 7.512e-01 2.486e-01 1.251e-05 1.207e-05 4.069e-05 -1.000 1.514e-04 29.767 29.933 30.361 30.440 30.449 30.469 30.575 30.592 30.618
#isochrone terminated
