# File generated by CMD 3.0 (http://stev.oapd.inaf.it/cmd) on Thu Jun  8 21:05:39 CEST 2017
# isochrones PARSEC release v1.2S + COLIBRI release PR16, as in Marigo et al. 2017
# Basic reference: Marigo et al. (2017), ApJ, 835, 77
# Photometric system: <i>UBVRIJHK</i> (cf. Maiz-Apellaniz 2006 + Bessell 1990)
# O-rich circumstellar dust ignored
# C-rich circumstellar dust ignored
# Kind of output: isochrone tables
# Zini Age Mini  Mass   logL    logTe  logg  label   McoreTP C_O  period0 period1 pmode  Mloss  tau1m   X   Y   Xc  Xn  Xo  Cexcess  Z 	 mbolmag  Umag    Bmag    Vmag    Rmag    Imag    Jmag    Hmag    Kmag
0.00100 5.00e+09 0.0900000036    0.090 -3.216  3.4561  5.384    0  0.000  0.463     0.00     0.00 -1  5.18e-17      0.00 7.000e-01 2.990e-01 1.100e-03 5.880e-04 3.170e-03 -1.000 1.000e-03 12.809 22.153 18.004 15.715 14.030 12.251 10.835 10.397 10.345
0.00100 5.00e+09 0.0905936658    0.091 -3.200  3.4584  5.381    0  0.000  0.463     0.00     0.00 -1  5.38e-17      0.00 7.000e-01 2.990e-01 1.100e-03 5.880e-04 3.170e-03 -1.000 1.000e-03 12.769 22.041 17.904 15.615 13.952 12.198 10.803 10.362 10.311
0.00100 5.00e+09 0.0994789079    0.099 -2.973  3.4908  5.324    0  0.000  0.463     0.00     0.00 -1  9.24e-17      0.00 7.000e-01 2.990e-01 1.100e-03 5.880e-04 3.170e-03 -1.000 1.000e-03 12.203 19.613 16.477 14.364 13.030 11.612 10.348 9.814 9.678
0.00100 5.00e+09 0.1000000015    0.100 -2.960  3.4926  5.321    0  0.000  0.463     0.00     0.00 -1  9.53e-17      0.00 7.000e-01 2.990e-01 1.100e-03 5.880e-04 3.170e-03 -1.000 1.000e-03 12.171 19.485 16.401 14.300 12.979 11.579 10.322 9.785 9.645
0.00100 5.00e+09 0.1128941551    0.113 -2.772  3.5144  5.272    0  0.000  0.463     0.00     0.00 -1  1.46e-16      0.00 7.000e-01 2.990e-01 1.100e-03 5.880e-04 3.170e-03 -1.000 1.000e-03 11.699 17.925 15.421 13.463 12.285 11.094 9.919 9.347 9.168
0.00100 5.00e+09 0.1199999973    0.120 -2.677  3.5254  5.247    0  0.000  0.463     0.00     0.00 -1  1.82e-16      0.00 7.000e-01 2.990e-01 1.100e-03 5.880e-04 3.170e-03 -1.000 1.000e-03 11.462 17.216 14.953 13.074 11.947 10.848 9.713 9.132 8.942
0.00100 5.00e+09 0.1400000006    0.140 -2.496  3.5416  5.199    0  0.000  0.463     0.00     0.00 -1   2.7e-16      0.00 7.000e-01 2.990e-01 1.100e-03 5.880e-04 3.170e-03 -1.000 9.999e-04 11.011 16.136 14.178 12.421 11.357 10.383 9.307 8.720 8.516
0.00100 5.00e+09 0.1599999964    0.160 -2.360  3.5520  5.162    0  0.000  0.463     0.00     0.00 -1   3.6e-16      0.00 7.000e-01 2.990e-01 1.100e-03 5.880e-04 3.170e-03 -1.000 1.000e-03 10.671 15.453 13.650 11.972 10.941 10.034 8.995 8.408 8.198
0.00100 5.00e+09 0.2000000179    0.200 -2.149  3.5662  5.105    0  0.000  0.463     0.00     0.00 -1  5.59e-16      0.00 7.000e-01 2.990e-01 1.100e-03 5.880e-04 3.170e-03 -1.000 1.000e-03 10.143 14.503 12.881 11.308 10.324 9.495 8.506 7.921 7.707
0.00100 5.00e+09 0.2500000000    0.250 -1.948  3.5777  5.046    0  0.000  0.463     0.00     0.00 -1   8.5e-16      0.00 7.000e-01 2.990e-01 1.100e-03 5.880e-04 3.170e-03 -1.000 1.000e-03 9.639 13.647 12.210 10.714 9.761 8.977 8.016 7.435 7.226
0.00100 5.00e+09 0.3000000417    0.300 -1.787  3.5862  4.999    0  0.000  0.463     0.00     0.00 -1  1.19e-15      0.00 7.000e-01 2.990e-01 1.100e-03 5.880e-04 3.170e-03 -1.000 1.000e-03 9.237 12.929 11.670 10.239 9.315 8.561 7.623 7.044 6.845
0.00100 5.00e+09 0.3499999940    0.350 -1.651  3.5931  4.957    0  0.000  0.463     0.00     0.00 -1  1.58e-15      0.00 7.000e-01 2.990e-01 1.100e-03 5.880e-04 3.170e-03 -1.000 1.000e-03 8.896 12.222 11.160 9.807 8.926 8.205 7.298 6.717 6.531
0.00100 5.00e+09 0.4000000060    0.400 -1.506  3.6038  4.914    0  0.000  0.463     0.00     0.00 -1  2.16e-15      0.00 7.000e-01 2.990e-01 1.100e-03 5.880e-04 3.170e-03 -1.000 1.000e-03 8.536 11.495 10.607 9.343 8.515 7.835 6.967 6.379 6.208
0.00100 5.00e+09 0.4500000179    0.450 -1.337  3.6197  4.859    0  0.000  0.463     0.00     0.00 -1  3.21e-15      0.00 7.000e-01 2.990e-01 1.100e-03 5.880e-04 3.170e-03 -1.000 1.000e-03 8.113 10.811 10.005 8.821 8.053 7.417 6.589 5.989 5.833
0.00100 5.00e+09 0.5000000000    0.500 -1.145  3.6456  4.817    0  0.000  0.463     0.00     0.00 -1  4.97e-15      0.00 7.000e-01 2.990e-01 1.100e-03 5.880e-04 3.170e-03 -1.000 1.000e-03 7.634 9.904 9.241 8.179 7.509 6.942 6.180 5.587 5.462
0.00100 5.00e+09 0.5095456243    0.510 -1.106  3.6514  4.809    0  0.000  0.463     0.00     0.00 -1  5.43e-15      0.00 7.000e-01 2.990e-01 1.100e-03 5.880e-04 3.170e-03 -1.000 1.000e-03 7.535 9.706 9.078 8.043 7.395 6.844 6.097 5.509 5.391
0.00100 5.00e+09 0.5500000715    0.550 -0.947  3.6752  4.778    0  0.000  0.463     0.00     0.00 -1  7.81e-15      0.00 7.000e-01 2.990e-01 1.100e-03 5.880e-04 3.170e-03 -1.000 1.000e-03 7.138 8.896 8.445 7.511 6.944 6.448 5.771 5.230 5.133
0.00100 5.00e+09 0.6000000238    0.600 -0.766  3.7004  4.735    0  0.000  0.463     0.00     0.00 -1  1.19e-14      0.00 7.000e-01 2.990e-01 1.100e-03 5.880e-04 3.170e-03 -1.000 1.000e-03 6.685 8.022 7.777 6.945 6.449 6.003 5.405 4.924 4.844
0.00100 5.00e+09 0.6060799956    0.606 -0.744  3.7038  4.731    0  0.000  0.463     0.00     0.00 -1  1.25e-14      0.00 7.000e-01 2.990e-01 1.100e-03 5.880e-04 3.170e-03 -1.000 1.000e-03 6.629 7.914 7.696 6.878 6.391 5.950 5.362 4.890 4.812
0.00100 5.00e+09 0.6423894763    0.642 -0.614  3.7238  4.707    0  0.000  0.463     0.00     0.00 -1  1.69e-14      0.00 7.000e-01 2.990e-01 1.100e-03 5.880e-04 3.170e-03 -1.000 9.999e-04 6.305 7.294 7.229 6.495 6.053 5.646 5.117 4.691 4.626
0.00100 5.00e+09 0.6499999762    0.650 -0.587  3.7280  4.702    0  0.000  0.463     0.00     0.00 -1  1.79e-14      0.00 7.000e-01 2.990e-01 1.100e-03 5.880e-04 3.170e-03 -1.000 1.000e-03 6.238 7.173 7.136 6.420 5.986 5.585 5.068 4.651 4.588
0.00100 5.00e+09 0.6637701988    0.664 -0.539  3.7351  4.692    0  0.000  0.463     0.00     0.00 -1  2.01e-14      0.00 7.000e-01 2.990e-01 1.100e-03 5.880e-04 3.170e-03 -1.000 1.000e-03 6.119 6.960 6.970 6.286 5.866 5.477 4.979 4.576 4.517
0.00100 5.00e+09 0.6873930693    0.688 -0.458  3.7470  4.674    0  0.000  0.463     0.00     0.00 -1  2.43e-14      0.00 7.000e-01 2.990e-01 1.100e-03 5.880e-04 3.170e-03 -1.000 1.000e-03 5.916 6.620 6.698 6.065 5.669 5.298 4.831 4.450 4.398
0.00100 5.00e+09 0.6999999881    0.700 -0.416  3.7532  4.664    0  0.000  0.463     0.00     0.00 -1  2.68e-14      0.00 7.000e-01 2.990e-01 1.100e-03 5.880e-04 3.170e-03 -1.000 1.000e-03 5.809 6.448 6.557 5.951 5.567 5.205 4.753 4.383 4.335
0.00100 5.00e+09 0.7220457792    0.722 -0.342  3.7634  4.644    0  0.000  0.463     0.00     0.00 -1   3.2e-14      0.00 7.000e-01 2.990e-01 1.100e-03 5.880e-04 3.170e-03 -1.000 1.000e-03 5.625 6.167 6.321 5.757 5.391 5.045 4.617 4.265 4.224
0.00100 5.00e+09 0.7444807887    0.745 -0.268  3.7734  4.623    0  0.000  0.463     0.00     0.00 -1  3.83e-14      0.00 7.000e-01 2.990e-01 1.100e-03 5.880e-04 3.170e-03 -1.000 1.000e-03 5.439 5.901 6.088 5.564 5.216 4.885 4.480 4.145 4.110
0.00100 5.00e+09 0.7500000000    0.750 -0.249  3.7758  4.618    0  0.000  0.463     0.00     0.00 -1  4.01e-14      0.00 7.000e-01 2.990e-01 1.100e-03 5.880e-04 3.170e-03 -1.000 1.000e-03 5.393 5.837 6.031 5.516 5.173 4.845 4.446 4.116 4.082
0.00100 5.00e+09 0.7688243985    0.769 -0.187  3.7824  4.593    0  0.000  0.463     0.00     0.00 -1  4.69e-14      0.00 7.000e-01 2.990e-01 1.100e-03 5.880e-04 3.170e-03 -1.000 1.000e-03 5.239 5.638 5.848 5.357 5.026 4.708 4.324 4.005 3.975
0.00100 5.00e+09 0.7905491590    0.790 -0.116  3.7897  4.563    0  0.000  0.463     0.00     0.00 -1  5.65e-14      0.00 7.000e-01 2.990e-01 1.100e-03 5.880e-04 3.170e-03 -1.000 1.000e-03 5.060 5.419 5.640 5.175 4.856 4.549 4.182 3.875 3.849
0.00100 5.00e+09 0.8000000119    0.800 -0.085  3.7928  4.549    0  0.000  0.463     0.00     0.00 -1  6.12e-14      0.00 7.000e-01 2.990e-01 1.100e-03 5.880e-04 3.170e-03 -1.000 1.000e-03 4.982 5.325 5.550 5.095 4.782 4.480 4.120 3.819 3.794
0.00100 5.00e+09 0.8045833707    0.804 -0.070  3.7943  4.543    0  0.000  0.463     0.00     0.00 -1  6.37e-14      0.00 7.000e-01 2.990e-01 1.100e-03 5.880e-04 3.170e-03 -1.000 1.000e-03 4.945 5.280 5.507 5.057 4.746 4.447 4.090 3.791 3.767
0.00100 5.00e+09 0.8281259537    0.828  0.008  3.8018  4.507    0  0.000  0.463     0.00     0.00 -1  7.82e-14      0.00 7.000e-01 2.990e-01 1.100e-03 5.880e-04 3.170e-03 -1.000 1.000e-03 4.750 5.056 5.284 4.858 4.559 4.272 3.932 3.648 3.627
0.00100 5.00e+09 0.8492420316    0.849  0.079  3.8083  4.474    0  0.000  0.463     0.00     0.00 -1  9.44e-14      0.00 7.000e-01 2.990e-01 1.100e-03 5.880e-04 3.170e-03 -1.000 1.000e-03 4.574 4.857 5.084 4.677 4.390 4.114 3.788 3.518 3.499
0.00100 5.00e+09 0.8500000238    0.849  0.081  3.8086  4.472    0  0.000  0.463     0.00     0.00 -1   9.5e-14      0.00 7.000e-01 2.990e-01 1.100e-03 5.880e-04 3.170e-03 -1.000 1.000e-03 4.567 4.850 5.077 4.671 4.384 4.108 3.783 3.513 3.494
0.00100 5.00e+09 0.8536727428    0.853  0.093  3.8097  4.467    0  0.000  0.463     0.00     0.00 -1  9.81e-14      0.00 7.000e-01 2.990e-01 1.100e-03 5.880e-04 3.170e-03 -1.000 1.000e-03 4.537 4.817 5.042 4.639 4.355 4.081 3.759 3.491 3.472
0.00100 5.00e+09 0.8730782270    0.872  0.159  3.8158  4.435    0  0.000  0.463     0.00     0.00 -1  1.17e-13      0.00 7.000e-01 2.990e-01 1.100e-03 5.880e-04 3.170e-03 -1.000 9.999e-04 4.373 4.638 4.857 4.471 4.198 3.933 3.625 3.369 3.353
0.00100 5.00e+09 0.8907137513    0.890  0.220  3.8212  4.404    0  0.000  0.463     0.00     0.00 -1  1.38e-13      0.00 7.000e-01 2.990e-01 1.100e-03 5.880e-04 3.170e-03 -1.000 1.000e-03 4.221 4.472 4.684 4.313 4.050 3.795 3.499 3.254 3.240
0.00100 5.00e+09 0.8999999762    0.899  0.253  3.8240  4.387    0  0.000  0.463     0.00     0.00 -1  1.51e-13      0.00 7.000e-01 2.990e-01 1.100e-03 5.880e-04 3.170e-03 -1.000 1.000e-03 4.137 4.384 4.591 4.228 3.970 3.719 3.430 3.191 3.177
0.00100 5.00e+09 0.9058877230    0.905  0.274  3.8259  4.376    0  0.000  0.463     0.00     0.00 -1   1.6e-13      0.00 7.000e-01 2.990e-01 1.100e-03 5.880e-04 3.170e-03 -1.000 1.000e-03 4.085 4.328 4.531 4.173 3.919 3.672 3.387 3.153 3.139
0.00100 5.00e+09 0.9197139740    0.919  0.325  3.8305  4.350    0  0.000  0.463     0.00     0.00 -1  1.84e-13      0.00 7.000e-01 2.990e-01 1.100e-03 5.880e-04 3.170e-03 -1.000 1.000e-03 3.957 4.194 4.387 4.041 3.795 3.556 3.282 3.058 3.045
0.00100 5.00e+09 0.9325084686    0.932  0.374  3.8347  4.324    0  0.000  0.463     0.00     0.00 -1  2.11e-13      0.00 7.000e-01 2.990e-01 1.100e-03 5.880e-04 3.170e-03 -1.000 1.000e-03 3.835 4.065 4.249 3.914 3.677 3.445 3.181 2.966 2.953
0.00100 5.00e+09 0.9437384009    0.943  0.418  3.8383  4.300    0  0.000  0.463     0.00     0.00 -1  2.39e-13      0.00 7.000e-01 2.990e-01 1.100e-03 5.880e-04 3.170e-03 -1.000 1.000e-03 3.725 3.951 4.125 3.800 3.570 3.345 3.089 2.882 2.870
0.00100 5.00e+09 0.9499999881    0.949  0.443  3.8403  4.286    0  0.000  0.463     0.00     0.00 -1  2.56e-13      0.00 7.000e-01 2.990e-01 1.100e-03 5.880e-04 3.170e-03 -1.000 1.000e-03 3.664 3.888 4.056 3.736 3.510 3.288 3.037 2.834 2.823
0.00100 5.00e+09 0.9510362744    0.950  0.447  3.8407  4.284    0  0.000  0.463     0.00     0.00 -1  2.59e-13      0.00 7.000e-01 2.990e-01 1.100e-03 5.880e-04 3.170e-03 -1.000 1.000e-03 3.654 3.877 4.045 3.726 3.500 3.279 3.029 2.827 2.815
0.00100 5.00e+09 0.9645550251    0.964  0.500  3.8451  4.254    0  0.000  0.463     0.00     0.00 -1  3.01e-13      0.00 7.000e-01 2.990e-01 1.100e-03 5.880e-04 3.170e-03 -1.000 1.000e-03 3.519 3.739 3.893 3.586 3.369 3.157 2.917 2.725 2.713
0.00100 5.00e+09 0.9759263992    0.975  0.547  3.8485  4.226    0  0.000  0.463     0.00     0.00 -1  3.45e-13      0.00 7.000e-01 2.990e-01 1.100e-03 5.880e-04 3.170e-03 -1.000 1.000e-03 3.401 3.618 3.762 3.464 3.254 3.048 2.816 2.632 2.620
0.00100 5.00e+09 0.9852480292    0.985  0.589  3.8511  4.198    0  0.000  0.463     0.00     0.00 -1  3.89e-13      0.00 7.000e-01 2.990e-01 1.100e-03 5.880e-04 3.170e-03 -1.000 1.000e-03 3.297 3.513 3.648 3.356 3.152 2.951 2.725 2.547 2.535
0.00100 5.00e+09 0.9965617061    0.996  0.643  3.8538  4.161    0  0.000  0.463     0.00     0.00 -1  4.57e-13      0.00 7.000e-01 2.990e-01 1.100e-03 5.880e-04 3.170e-03 -1.000 1.000e-03 3.163 3.379 3.501 3.218 3.019 2.824 2.605 2.433 2.421
0.00100 5.00e+09 0.9973468184    0.997  0.646  3.8540  4.158    0  0.000  0.463     0.00     0.00 -1  4.62e-13      0.00 7.000e-01 2.990e-01 1.100e-03 5.880e-04 3.170e-03 -1.000 1.000e-03 3.154 3.369 3.491 3.208 3.010 2.815 2.597 2.425 2.413
0.00100 5.00e+09 1.0000000000    0.999  0.661  3.8542  4.146    0  0.000  0.463     0.00     0.00 -1  4.83e-13      0.00 7.000e-01 2.990e-01 1.100e-03 5.880e-04 3.170e-03 -1.000 1.000e-03 3.119 3.335 3.454 3.172 2.975 2.781 2.562 2.391 2.380
0.00100 5.00e+09 1.0017778873    1.001  0.670  3.8545  4.138    0  0.000  0.463     0.00     0.00 -1  4.97e-13      0.00 7.000e-01 2.990e-01 1.100e-03 5.880e-04 3.170e-03 -1.000 1.000e-03 3.095 3.311 3.429 3.147 2.951 2.757 2.540 2.369 2.358
0.00100 5.00e+09 1.0082455873    1.007  0.707  3.8547  4.105    0  0.000  0.463     0.00     0.00 -1  5.54e-13      0.00 7.000e-01 2.990e-01 1.100e-03 5.880e-04 3.170e-03 -1.000 1.000e-03 3.003 3.221 3.333 3.054 2.858 2.666 2.449 2.280 2.268
0.00100 5.00e+09 1.0140118599    1.013  0.742  3.8536  4.068    0  0.000  0.463     0.00     0.00 -1  6.19e-13      0.00 7.000e-01 2.990e-01 1.100e-03 5.880e-04 3.170e-03 -1.000 1.000e-03 2.916 3.136 3.245 2.965 2.768 2.575 2.355 2.185 2.173
0.00100 5.00e+09 1.0175925493    1.017  0.765  3.8521  4.040    0  0.000  0.463     0.00     0.00 -1   6.7e-13      0.00 7.000e-01 2.990e-01 1.100e-03 5.880e-04 3.170e-03 -1.000 1.000e-03 2.857 3.081 3.189 2.906 2.707 2.512 2.289 2.116 2.103
0.00100 5.00e+09 1.0190285444    1.018  0.775  3.8509  4.027    0  0.000  0.463     0.00     0.00 -1  6.95e-13      0.00 7.000e-01 2.990e-01 1.100e-03 5.880e-04 3.170e-03 -1.000 1.000e-03 2.833 3.059 3.167 2.882 2.681 2.484 2.258 2.083 2.071
0.00100 5.00e+09 1.0241898298    1.023  0.810  3.8463  3.975    0  0.000  0.463     0.00     0.00 -1  7.92e-13      0.00 7.000e-01 2.990e-01 1.100e-03 5.880e-04 3.170e-03 -1.000 1.000e-03 2.744 2.979 3.089 2.795 2.586 2.381 2.145 1.961 1.948
0.00100 5.00e+09 1.0282913446    1.027  0.842  3.8391  3.916    0  0.000  0.463     0.00     0.00 -1  9.03e-13      0.00 7.000e-01 2.990e-01 1.100e-03 5.880e-04 3.170e-03 -1.000 1.000e-03 2.665 2.912 3.030 2.720 2.499 2.281 2.029 1.831 1.817
0.00100 5.00e+09 1.0314658880    1.030  0.868  3.8306  3.857    0  0.000  0.463     0.00     0.00 -1  1.02e-12      0.00 7.000e-01 2.990e-01 1.100e-03 5.880e-04 3.170e-03 -1.000 1.000e-03 2.599 2.863 2.988 2.659 2.423 2.191 1.919 1.705 1.689
0.00100 5.00e+09 1.0339460373    1.032  0.891  3.8210  3.798    0  0.000  0.463     0.00     0.00 -1  1.15e-12      0.00 7.000e-01 2.990e-01 1.100e-03 5.880e-04 3.170e-03 -1.000 1.000e-03 2.544 2.830 2.963 2.611 2.357 2.110 1.816 1.581 1.563
0.00100 5.00e+09 1.0359079838    1.034  0.908  3.8109  3.740    0  0.000  0.463     0.00     0.00 -1  1.27e-12      0.00 7.000e-01 2.990e-01 1.100e-03 5.880e-04 3.170e-03 -1.000 9.999e-04 2.499 2.814 2.954 2.575 2.303 2.039 1.721 1.465 1.445
0.00100 5.00e+09 1.0374828577    1.036  0.922  3.8005  3.685    0  0.000  0.463     0.00     0.00 -1   1.4e-12      0.00 7.000e-01 2.990e-01 1.100e-03 5.880e-04 3.170e-03 -1.000 1.000e-03 2.465 2.816 2.958 2.550 2.260 1.979 1.636 1.358 1.335
0.00100 5.00e+09 1.0387848616    1.037  0.931  3.7901  3.635    0  0.000  0.463     0.00     0.00 -1  1.51e-12      0.00 7.000e-01 2.990e-01 1.100e-03 5.880e-04 3.170e-03 -1.000 1.000e-03 2.442 2.834 2.976 2.538 2.229 1.930 1.562 1.262 1.236
0.00100 5.00e+09 1.0399035215    1.038  0.936  3.7798  3.590    0  0.000  0.463     0.00     0.00 -1  1.61e-12      0.00 7.000e-01 2.990e-01 1.100e-03 5.880e-04 3.170e-03 -1.000 1.000e-03 2.430 2.871 3.009 2.538 2.211 1.895 1.501 1.179 1.150
0.00100 5.00e+09 1.0409117937    1.039  0.936  3.7700  3.551    0  0.000  0.463     0.00     0.00 -1  1.68e-12      0.00 7.000e-01 2.990e-01 1.100e-03 5.880e-04 3.170e-03 -1.000 1.000e-03 2.430 2.931 3.055 2.550 2.204 1.873 1.455 1.111 1.078
0.00100 5.00e+09 1.0418794155    1.040  0.933  3.7611  3.518    0  0.000  0.463     0.00     0.00 -1  1.73e-12      0.00 7.000e-01 2.990e-01 1.100e-03 5.880e-04 3.170e-03 -1.000 1.000e-03 2.437 3.001 3.108 2.569 2.207 1.861 1.420 1.057 1.020
0.00100 5.00e+09 1.0430749655    1.041  0.941  3.7515  3.473    0  0.000  0.463     0.00     0.00 -1  1.85e-12      0.00 7.000e-01 2.990e-01 1.100e-03 5.880e-04 3.170e-03 -1.000 1.000e-03 2.418 3.056 3.140 2.563 2.184 1.822 1.356 0.973 0.932
0.00100 5.00e+09 1.0442651510    1.042  0.968  3.7442  3.417    0  0.000  0.463     0.00     0.00 -1  2.09e-12      0.00 7.000e-01 2.990e-01 1.100e-03 5.880e-04 3.170e-03 -1.000 1.000e-03 2.350 3.058 3.114 2.506 2.113 1.740 1.255 0.856 0.811
0.00100 5.00e+09 1.0444359779    1.043  0.974  3.7433  3.408    0  0.000  0.463     0.00     0.00 -1  2.14e-12      0.00 7.000e-01 2.990e-01 1.100e-03 5.880e-04 3.170e-03 -1.000 1.000e-03 2.336 3.053 3.106 2.494 2.100 1.725 1.238 0.837 0.792
0.00100 5.00e+09 1.0445948839    1.043  0.980  3.7427  3.399    0  0.000  0.463     0.00     0.00 -1   2.2e-12      0.00 7.000e-01 2.990e-01 1.100e-03 5.880e-04 3.170e-03 -1.000 1.000e-03 2.320 3.043 3.093 2.479 2.083 1.707 1.219 0.816 0.771
0.00100 5.00e+09 1.0457220078    1.044  1.029  3.7385  3.334    0  0.000  0.463     0.00     0.00 -1  2.63e-12      0.00 7.000e-01 2.990e-01 1.100e-03 5.880e-04 3.170e-03 -1.000 1.000e-03 2.197 2.959 2.994 2.362 1.959 1.577 1.077 0.666 0.619
0.00100 5.00e+09 1.0465213060    1.045  1.069  3.7361  3.284    0  0.000  0.463     0.00     0.00 -1  3.04e-12      0.00 7.000e-01 2.990e-01 1.100e-03 5.880e-04 3.170e-03 -1.000 1.000e-03 2.098 2.888 2.909 2.267 1.860 1.473 0.967 0.549 0.501
0.00100 5.00e+09 1.0473896265    1.045  1.117  3.7337  3.228    0  0.000  0.463     0.00     0.00 -1  3.62e-12      0.00 7.000e-01 2.990e-01 1.100e-03 5.880e-04 3.170e-03 -1.000 1.000e-03 1.978 2.796 2.804 2.152 1.740 1.350 0.837 0.414 0.365
0.00100 5.00e+09 1.0481216908    1.046  1.160  3.7319  3.177    0  0.000  0.463     0.00     0.00 -1  4.23e-12      0.00 7.000e-01 2.990e-01 1.100e-03 5.880e-04 3.170e-03 -1.000 1.000e-03 1.870 2.709 2.707 2.047 1.632 1.239 0.721 0.293 0.244
0.00100 5.00e+09 1.0488772392    1.047  1.208  3.7300  3.122    0  0.000  0.463     0.00     0.00 -1  5.03e-12      0.00 7.000e-01 2.990e-01 1.100e-03 5.880e-04 3.170e-03 -1.000 1.000e-03 1.750 2.611 2.598 1.931 1.512 1.116 0.592 0.160 0.110
0.00100 5.00e+09 1.0495624542    1.047  1.255  3.7283  3.068    0  0.000  0.463     0.00     0.00 -1  5.96e-12      0.00 7.000e-01 2.990e-01 1.100e-03 5.880e-04 3.170e-03 -1.000 1.000e-03 1.632 2.514 2.492 1.817 1.395 0.996 0.467 0.031 -0.020
0.00100 5.00e+09 1.0499999523    1.048  1.287  3.7271  3.032    0  0.000  0.463     0.00     0.00 -1  6.68e-12      0.00 7.000e-01 2.990e-01 1.100e-03 5.880e-04 3.170e-03 -1.000 1.000e-03 1.553 2.448 2.420 1.740 1.316 0.914 0.382 -0.056 -0.108
0.00100 5.00e+09 1.0504512787    1.048  1.321  3.7259  2.993    0  0.000  0.463     0.00     0.00 -1  7.54e-12      0.00 7.000e-01 2.990e-01 1.100e-03 5.880e-04 3.170e-03 -1.000 1.000e-03 1.468 2.379 2.343 1.658 1.231 0.828 0.292 -0.149 -0.202
0.00100 5.00e+09 1.0510435104    1.049  1.368  3.7241  2.938    0  0.000  0.463     0.00     0.00 -1  8.96e-12      0.00 7.000e-01 2.990e-01 1.100e-03 5.880e-04 3.170e-03 -1.000 1.000e-03 1.349 2.282 2.235 1.542 1.112 0.705 0.165 -0.281 -0.334
0.00100 5.00e+09 1.0515807867    1.049  1.415  3.7224  2.885    0  0.000  0.463     0.00     0.00 -1  1.06e-11      0.00 7.000e-01 2.990e-01 1.100e-03 5.880e-04 3.170e-03 -1.000 1.000e-03 1.232 2.190 2.130 1.429 0.995 0.586 0.040 -0.410 -0.463
0.00100 5.00e+09 1.0520541668    1.050  1.460  3.7206  2.834    0  0.000  0.463     0.00     0.00 -1  1.25e-11      0.00 7.000e-01 2.990e-01 1.100e-03 5.880e-04 3.170e-03 -1.000 1.000e-03 1.120 2.105 2.032 1.322 0.885 0.472 -0.079 -0.533 -0.587
0.00100 5.00e+09 1.0525091887    1.050  1.506  3.7187  2.779    0  0.000  0.463     0.00     0.00 -1  1.47e-11      0.00 7.000e-01 2.990e-01 1.100e-03 5.880e-04 3.170e-03 -1.000 1.000e-03 1.004 2.016 1.929 1.210 0.769 0.353 -0.203 -0.663 -0.717
0.00100 5.00e+09 1.0529190302    1.050  1.552  3.7169  2.727    0  0.000  0.463     0.00     0.00 -1  1.74e-11      0.00 7.000e-01 2.990e-01 1.100e-03 5.880e-04 3.170e-03 -1.000 1.000e-03 0.890 1.928 1.828 1.101 0.656 0.237 -0.325 -0.789 -0.844
0.00100 5.00e+09 1.0532897711    1.050  1.597  3.7149  2.675    0  0.000  0.463     0.00     0.00 -1  2.05e-11      0.00 7.000e-01 2.990e-01 1.100e-03 5.880e-04 3.170e-03 -1.000 1.000e-03 0.779 1.845 1.732 0.995 0.546 0.124 -0.444 -0.913 -0.969
0.00100 5.00e+09 1.0536389351    1.051  1.642  3.7130  2.622    0  0.000  0.463     0.00     0.00 -1  2.41e-11      0.00 7.000e-01 2.990e-01 1.100e-03 5.880e-04 3.170e-03 -1.000 1.000e-03 0.666 1.761 1.633 0.887 0.434 0.008 -0.565 -1.039 -1.096
0.00100 5.00e+09 1.0539566278    1.051  1.686  3.7110  2.569    0  0.000  0.463     0.00     0.00 -1  2.83e-11      0.00 7.000e-01 2.990e-01 1.100e-03 5.880e-04 3.170e-03 -1.000 1.000e-03 0.555 1.679 1.538 0.781 0.324 -0.105 -0.685 -1.164 -1.222
0.00100 5.00e+09 1.0542411804    1.051  1.729  3.7090  2.519    0  0.000  0.463     0.00     0.00 -1  3.32e-11      0.00 7.000e-01 2.990e-01 1.100e-03 5.880e-04 3.170e-03 -1.000 1.000e-03 0.447 1.602 1.447 0.680 0.219 -0.214 -0.800 -1.285 -1.343
0.00100 5.00e+09 1.0545139313    1.051  1.773  3.7070  2.466    0  0.000  0.463     0.00     0.00 -1   3.9e-11      0.00 7.000e-01 2.990e-01 1.100e-03 5.880e-04 3.170e-03 -1.000 1.000e-03 0.336 1.524 1.352 0.575 0.109 -0.327 -0.919 -1.409 -1.468
0.00100 5.00e+09 1.0547635555    1.051  1.817  3.7048  2.414    0  0.000  0.463     0.00     0.00 -1  4.58e-11      0.00 7.000e-01 2.990e-01 1.100e-03 5.880e-04 3.170e-03 -1.000 1.000e-03 0.227 1.452 1.262 0.472 0.002 -0.439 -1.038 -1.534 -1.593
0.00100 5.00e+09 1.0549921989    1.051  1.860  3.7027  2.362    0  0.000  0.463     0.00     0.00 -1  5.37e-11      0.00 7.000e-01 2.990e-01 1.100e-03 5.880e-04 3.170e-03 -1.000 1.000e-03 0.119 1.381 1.173 0.371 -0.104 -0.549 -1.154 -1.655 -1.716
0.00100 5.00e+09 1.0552093983    1.051  1.904  3.7004  2.310    0  0.000  0.463     0.00     0.00 -1  6.31e-11      0.00 7.000e-01 2.990e-01 1.100e-03 5.880e-04 3.170e-03 -1.000 1.000e-03 0.010 1.310 1.083 0.269 -0.212 -0.660 -1.272 -1.779 -1.841
0.00100 5.00e+09 1.0554070473    1.051  1.946  3.6983  2.258    0  0.000  0.463     0.00     0.00 -1  7.38e-11      0.00 7.000e-01 2.990e-01 1.100e-03 5.880e-04 3.170e-03 -1.000 1.000e-03 -0.096 1.241 0.997 0.170 -0.316 -0.769 -1.387 -1.900 -1.963
0.00100 5.00e+09 1.0555902719    1.051  1.988  3.6960  2.208    0  0.000  0.463     0.00     0.00 -1  8.62e-11      0.00 7.000e-01 2.990e-01 1.100e-03 5.880e-04 3.170e-03 -1.000 1.000e-03 -0.201 1.175 0.912 0.072 -0.419 -0.876 -1.501 -2.020 -2.083
0.00100 5.00e+09 1.0557652712    1.051  2.030  3.6938  2.157    0  0.000  0.463     0.00     0.00 -1     1e-10      0.00 7.000e-01 2.990e-01 1.100e-03 5.880e-04 3.170e-03 -1.000 1.000e-03 -0.304 1.114 0.830 -0.023 -0.519 -0.980 -1.613 -2.138 -2.202
0.00100 5.00e+09 1.0559457541    1.051  2.072  3.6915  2.106    0  0.000  0.463     0.00     0.00 -1  1.17e-10      0.00 7.000e-01 2.990e-01 1.100e-03 5.880e-04 3.170e-03 -1.000 1.000e-03 -0.409 1.052 0.747 -0.119 -0.621 -1.086 -1.726 -2.258 -2.322
0.00100 5.00e+09 1.0561311245    1.051  2.098  3.6901  2.074    0  0.000  0.463     0.00     0.00 -1   1.3e-10      0.00 7.000e-01 2.990e-01 1.100e-03 5.880e-04 3.170e-03 -1.000 1.000e-03 -0.475 1.013 0.695 -0.179 -0.684 -1.153 -1.797 -2.334 -2.398
0.00100 5.00e+09 1.0561833382    1.051  2.090  3.6907  2.084    0  0.000  0.463     0.00     0.00 -1  1.27e-10      0.00 7.000e-01 2.990e-01 1.100e-03 5.880e-04 3.170e-03 -1.000 9.999e-04 -0.455 1.023 0.709 -0.161 -0.665 -1.132 -1.775 -2.309 -2.374
0.00100 5.00e+09 1.0562889576    1.051  2.060  3.6927  2.122    0  0.000  0.463     0.00     0.00 -1  1.14e-10      0.00 7.000e-01 2.990e-01 1.100e-03 5.880e-04 3.170e-03 -1.000 1.000e-03 -0.380 1.061 0.765 -0.094 -0.593 -1.056 -1.693 -2.221 -2.285
0.00100 5.00e+09 1.0563416481    1.051  2.039  3.6940  2.148    0  0.000  0.463     0.00     0.00 -1  1.05e-10      0.00 7.000e-01 2.990e-01 1.100e-03 5.880e-04 3.170e-03 -1.000 1.000e-03 -0.329 1.087 0.804 -0.048 -0.544 -1.005 -1.637 -2.161 -2.225
0.00100 5.00e+09 1.0563950539    1.051  2.056  3.6931  2.128    0  0.000  0.463     0.00     0.00 -1  1.11e-10      0.00 7.000e-01 2.990e-01 1.100e-03 5.880e-04 3.170e-03 -1.000 1.000e-03 -0.370 1.063 0.771 -0.086 -0.583 -1.046 -1.681 -2.208 -2.272
0.00100 5.00e+09 1.0565290451    1.050  2.097  3.6908  2.077    0  0.000  0.463     0.00     0.00 -1  1.29e-10      0.00 7.000e-01 2.990e-01 1.100e-03 5.880e-04 3.170e-03 -1.000 1.000e-03 -0.473 1.004 0.691 -0.180 -0.684 -1.151 -1.793 -2.327 -2.392
0.00100 5.00e+09 1.0566604137    1.050  2.139  3.6884  2.026    0  0.000  0.463     0.00     0.00 -1  1.51e-10      0.00 7.000e-01 2.990e-01 1.100e-03 5.880e-04 3.170e-03 -1.000 1.000e-03 -0.578 0.946 0.610 -0.275 -0.785 -1.256 -1.907 -2.448 -2.513
0.00100 5.00e+09 1.0567818880    1.050  2.180  3.6860  1.975    0  0.000  0.463     0.00     0.00 -1  1.76e-10      0.00 7.000e-01 2.990e-01 1.100e-03 5.880e-04 3.170e-03 -1.000 1.000e-03 -0.680 0.892 0.531 -0.368 -0.884 -1.360 -2.018 -2.566 -2.632
0.00100 5.00e+09 1.0568976402    1.050  2.222  3.6835  1.923    0  0.000  0.463     0.00     0.00 -1  2.05e-10      0.00 7.000e-01 2.990e-01 1.100e-03 5.880e-04 3.170e-03 -1.000 1.000e-03 -0.784 0.840 0.454 -0.462 -0.984 -1.465 -2.132 -2.686 -2.753
0.00100 5.00e+09 1.0570003986    1.050  2.261  3.6811  1.874    0  0.000  0.463     0.00     0.00 -1  2.38e-10      0.00 7.000e-01 2.990e-01 1.100e-03 5.880e-04 3.170e-03 -1.000 1.000e-03 -0.883 0.792 0.381 -0.550 -1.079 -1.565 -2.239 -2.801 -2.868
0.00100 5.00e+09 1.0571006536    1.049  2.302  3.6786  1.823    0  0.000  0.463     0.00     0.00 -1  2.78e-10      0.00 7.000e-01 2.990e-01 1.100e-03 5.880e-04 3.170e-03 -1.000 1.000e-03 -0.986 0.744 0.306 -0.641 -1.176 -1.667 -2.351 -2.919 -2.988
0.00100 5.00e+09 1.0571887493    1.049  2.341  3.6762  1.775    0  0.000  0.463     0.00     0.00 -1  3.21e-10      0.00 7.000e-01 2.990e-01 1.100e-03 5.880e-04 3.170e-03 -1.000 9.999e-04 -1.082 0.701 0.237 -0.726 -1.268 -1.763 -2.456 -3.031 -3.101
0.00100 5.00e+09 1.0572731495    1.049  2.380  3.6737  1.725    0  0.000  0.463     0.00     0.00 -1  3.73e-10      0.00 7.000e-01 2.990e-01 1.100e-03 5.880e-04 3.170e-03 -1.000 1.000e-03 -1.181 0.660 0.168 -0.812 -1.361 -1.862 -2.563 -3.146 -3.216
0.00100 5.00e+09 1.0573492050    1.048  2.418  3.6713  1.677    0  0.000  0.463     0.00     0.00 -1   4.3e-10      0.00 7.000e-01 2.990e-01 1.100e-03 5.880e-04 3.170e-03 -1.000 1.000e-03 -1.276 0.621 0.102 -0.895 -1.451 -1.956 -2.666 -3.256 -3.328
0.00100 5.00e+09 1.0574206114    1.048  2.456  3.6688  1.629    0  0.000  0.463     0.00     0.00 -1  4.97e-10      0.00 7.000e-01 2.990e-01 1.100e-03 5.880e-04 3.170e-03 -1.000 1.000e-03 -1.371 0.585 0.037 -0.977 -1.540 -2.051 -2.770 -3.367 -3.440
0.00100 5.00e+09 1.0574861765    1.047  2.494  3.6663  1.582    0  0.000  0.463     0.00     0.00 -1  5.72e-10      0.00 7.000e-01 2.990e-01 1.100e-03 5.880e-04 3.170e-03 -1.000 1.000e-03 -1.464 0.551 -0.025 -1.057 -1.628 -2.143 -2.871 -3.476 -3.549
0.00100 5.00e+09 1.0575482845    1.047  2.531  3.6637  1.534    0  0.000  0.463     0.00     0.00 -1   6.6e-10      0.00 7.000e-01 2.990e-01 1.100e-03 5.880e-04 3.170e-03 -1.000 1.000e-03 -1.558 0.521 -0.086 -1.135 -1.714 -2.236 -2.973 -3.586 -3.661
0.00100 5.00e+09 1.0576045513    1.046  2.567  3.6613  1.488    0  0.000  0.463     0.00     0.00 -1  7.57e-10      0.00 7.000e-01 2.990e-01 1.100e-03 5.880e-04 3.170e-03 -1.000 1.000e-03 -1.648 0.493 -0.144 -1.212 -1.798 -2.325 -3.072 -3.692 -3.767
0.00100 5.00e+09 1.0576575994    1.045  2.603  3.6588  1.441    0  0.000  0.463     0.00     0.00 -1  8.68e-10      0.00 7.000e-01 2.990e-01 1.100e-03 5.880e-04 3.170e-03 -1.000 1.000e-03 -1.739 0.474 -0.198 -1.286 -1.882 -2.414 -3.171 -3.798 -3.875
0.00100 5.00e+09 1.0577075481    1.045  2.640  3.6562  1.394    0  0.000  0.463     0.00     0.00 -1  9.98e-10      0.00 7.000e-01 2.990e-01 1.100e-03 5.880e-04 3.170e-03 -1.000 1.000e-03 -1.829 0.456 -0.251 -1.361 -1.965 -2.504 -3.270 -3.905 -3.983
0.00100 5.00e+09 1.0577645302    1.044  2.684  3.6531  1.337    0  0.000  0.463     0.00     0.00 -1  1.18e-09      0.00 7.000e-01 2.990e-01 1.100e-03 5.880e-04 3.170e-03 -1.000 1.000e-03 -1.940 0.438 -0.314 -1.451 -2.066 -2.612 -3.391 -4.035 -4.114
0.00100 5.00e+09 1.0578171015    1.043  2.728  3.6499  1.279    0  0.000  0.463     0.00     0.00 -1   1.4e-09      0.00 7.000e-01 2.990e-01 1.100e-03 5.880e-04 3.170e-03 -1.000 1.000e-03 -2.051 0.430 -0.372 -1.536 -2.164 -2.719 -3.512 -4.166 -4.247
0.00100 5.00e+09 1.0578564405    1.042  2.763  3.6474  1.234    0  0.000  0.463     0.00     0.00 -1   1.6e-09      0.00 7.000e-01 2.990e-01 1.100e-03 5.880e-04 3.170e-03 -1.000 1.000e-03 -2.138 0.424 -0.418 -1.604 -2.242 -2.803 -3.606 -4.268 -4.351
0.00100 5.00e+09 1.0579007864    1.041  2.805  3.6443  1.179    0  0.000  0.463     0.00     0.00 -1  1.88e-09      0.00 7.000e-01 2.990e-01 1.100e-03 5.880e-04 3.170e-03 -1.000 9.999e-04 -2.243 0.422 -0.471 -1.684 -2.335 -2.904 -3.721 -4.392 -4.477
0.00100 5.00e+09 1.0579419136    1.039  2.847  3.6411  1.124    0  0.000  0.463     0.00     0.00 -1  2.22e-09      0.00 7.000e-01 2.990e-01 1.100e-03 5.880e-04 3.170e-03 -1.000 1.000e-03 -2.348 0.425 -0.520 -1.763 -2.427 -3.004 -3.835 -4.517 -4.603
0.00100 5.00e+09 1.0579806566    1.038  2.889  3.6379  1.069    0  0.000  0.463     0.00     0.00 -1  2.61e-09      0.00 7.000e-01 2.990e-01 1.100e-03 5.880e-04 3.170e-03 -1.000 1.000e-03 -2.453 0.433 -0.568 -1.840 -2.518 -3.104 -3.949 -4.641 -4.730
0.00100 5.00e+09 1.0580158234    1.036  2.930  3.6348  1.015    0  0.000  0.463     0.00     0.00 -1  3.06e-09      0.00 7.000e-01 2.990e-01 1.100e-03 5.880e-04 3.170e-03 -1.000 1.000e-03 -2.555 0.445 -0.612 -1.914 -2.605 -3.200 -4.059 -4.761 -4.853
0.00100 5.00e+09 1.0580482483    1.035  2.970  3.6317  0.962    0  0.000  0.463     0.00     0.00 -1  3.58e-09      0.00 7.000e-01 2.990e-01 1.100e-03 5.880e-04 3.170e-03 -1.000 1.000e-03 -2.655 0.468 -0.650 -1.983 -2.689 -3.295 -4.167 -4.880 -4.973
0.00100 5.00e+09 1.0580786467    1.033  3.010  3.6286  0.909    0  0.000  0.463     0.00     0.00 -1  4.19e-09      0.00 7.000e-01 2.990e-01 1.100e-03 5.880e-04 3.170e-03 -1.000 1.000e-03 -2.755 0.500 -0.682 -2.050 -2.773 -3.388 -4.276 -4.998 -5.094
0.00100 5.00e+09 1.0581068993    1.031  3.049  3.6255  0.856    0  0.000  0.463     0.00     0.00 -1  4.89e-09      0.00 7.000e-01 2.990e-01 1.100e-03 5.880e-04 3.170e-03 -1.000 1.000e-03 -2.853 0.535 -0.712 -2.115 -2.854 -3.480 -4.383 -5.115 -5.214
0.00100 5.00e+09 1.0581322908    1.029  3.087  3.6226  0.806    0  0.000  0.463     0.00     0.00 -1  5.67e-09      0.00 7.000e-01 2.990e-01 1.100e-03 5.880e-04 3.170e-03 -1.000 1.000e-03 -2.946 0.570 -0.739 -2.173 -2.929 -3.566 -4.483 -5.225 -5.326
0.00100 5.00e+09 1.0581564903    1.026  3.124  3.6196  0.755    0  0.000  0.463     0.00     0.00 -1  6.58e-09      0.00 7.000e-01 2.990e-01 1.100e-03 5.880e-04 3.170e-03 -1.000 1.000e-03 -3.041 0.610 -0.763 -2.232 -3.005 -3.652 -4.585 -5.336 -5.441
0.00100 5.00e+09 1.0581793785    1.024  3.162  3.6165  0.704    0  0.000  0.463     0.00     0.00 -1  7.66e-09      0.00 7.000e-01 2.990e-01 1.100e-03 5.880e-04 3.170e-03 -1.000 1.000e-03 -3.135 0.654 -0.786 -2.289 -3.079 -3.738 -4.687 -5.448 -5.556
0.00100 5.00e+09 1.0582009554    1.021  3.200  3.6135  0.653    0  0.000  0.463     0.00     0.00 -1   8.9e-09      0.00 7.000e-01 2.990e-01 1.100e-03 5.880e-04 3.170e-03 -1.000 1.000e-03 -3.229 0.699 -0.807 -2.345 -3.153 -3.823 -4.788 -5.559 -5.671
0.00100 5.00e+09 1.0582207441    1.018  3.235  3.6106  0.605    0  0.000  0.463     0.00     0.00 -1  1.03e-08      0.00 7.000e-01 2.990e-01 1.100e-03 5.880e-04 3.170e-03 -1.000 1.000e-03 -3.319 0.740 -0.828 -2.398 -3.223 -3.904 -4.884 -5.664 -5.779
0.00100 5.00e+09 1.0582392216    1.015  3.270  3.6079  0.558    0  0.000  0.463     0.00     0.00 -1  1.18e-08      0.00 7.000e-01 2.990e-01 1.100e-03 5.880e-04 3.170e-03 -1.000 1.000e-03 -3.405 0.780 -0.846 -2.447 -3.289 -3.982 -4.976 -5.767 -5.885
0.00100 5.00e+09 1.0582569838    1.011  3.302  3.6053  0.514    0  0.000  0.463     0.00     0.00 -1  1.35e-08      0.00 7.000e-01 2.990e-01 1.100e-03 5.880e-04 3.170e-03 -1.000 1.000e-03 -3.486 0.819 -0.862 -2.492 -3.350 -4.054 -5.062 -5.862 -5.983
0.00100 5.00e+09 1.0582619905    1.010  1.834  3.7302  2.481    4  0.000  0.463     0.00     0.00 -1         0      0.00 7.000e-01 2.990e-01 1.100e-03 5.880e-04 3.170e-03 -1.000 1.000e-03 0.184 1.070 1.014 0.356 -0.060 -0.455 -0.978 -1.407 -1.456
0.00100 5.00e+09 1.0584211349    1.010  1.847  3.7291  2.464    4  0.000  0.463     0.00     0.00 -1         0      0.00 7.000e-01 2.990e-01 1.100e-03 5.880e-04 3.170e-03 -1.000 1.000e-03 0.152 1.053 0.991 0.327 -0.092 -0.489 -1.015 -1.447 -1.496
0.00100 5.00e+09 1.0585829020    1.011  1.852  3.7287  2.458    4  0.000  0.463     0.00     0.00 -1         0      0.00 7.000e-01 2.990e-01 1.100e-03 5.880e-04 3.170e-03 -1.000 1.000e-03 0.141 1.046 0.982 0.317 -0.103 -0.501 -1.028 -1.460 -1.510
0.00100 5.00e+09 1.0587462187    1.011  1.855  3.7287  2.454    4  0.000  0.463     0.00     0.00 -1         0      0.00 7.000e-01 2.990e-01 1.100e-03 5.880e-04 3.170e-03 -1.000 1.000e-03 0.133 1.039 0.974 0.309 -0.111 -0.509 -1.036 -1.469 -1.518
0.00100 5.00e+09 1.0589121580    1.011  1.857  3.7289  2.453    4  0.000  0.463     0.00     0.00 -1         0      0.00 7.000e-01 2.990e-01 1.100e-03 5.880e-04 3.170e-03 -1.000 1.000e-03 0.127 1.031 0.967 0.303 -0.117 -0.514 -1.041 -1.473 -1.522
0.00100 5.00e+09 1.0590791702    1.011  1.859  3.7292  2.453    4  0.000  0.463     0.00     0.00 -1         0      0.00 7.000e-01 2.990e-01 1.100e-03 5.880e-04 3.170e-03 -1.000 1.000e-03 0.123 1.023 0.961 0.298 -0.121 -0.517 -1.043 -1.474 -1.523
0.00100 5.00e+09 1.0592420101    1.011  1.860  3.7297  2.454    4  0.000  0.463     0.00     0.00 -1         0      0.00 7.000e-01 2.990e-01 1.100e-03 5.880e-04 3.170e-03 -1.000 1.000e-03 0.120 1.016 0.954 0.294 -0.124 -0.520 -1.044 -1.474 -1.523
0.00100 5.00e+09 1.0593948364    1.012  1.861  3.7301  2.455    4  0.000  0.463     0.00     0.00 -1         0      0.00 7.000e-01 2.990e-01 1.100e-03 5.880e-04 3.170e-03 -1.000 1.000e-03 0.118 1.008 0.949 0.290 -0.127 -0.522 -1.045 -1.474 -1.523
0.00100 5.00e+09 1.0595625639    1.012  1.862  3.7306  2.455    4  0.000  0.463     0.00     0.00 -1         0      0.00 7.000e-01 2.990e-01 1.100e-03 5.880e-04 3.170e-03 -1.000 1.000e-03 0.115 1.000 0.943 0.287 -0.129 -0.524 -1.045 -1.473 -1.522
0.00100 5.00e+09 1.0597130060    1.012  1.863  3.7310  2.456    4  0.000  0.463     0.00     0.00 -1         0      0.00 7.000e-01 2.990e-01 1.100e-03 5.880e-04 3.170e-03 -1.000 1.000e-03 0.113 0.993 0.937 0.283 -0.132 -0.526 -1.046 -1.473 -1.522
0.00100 5.00e+09 1.0598669052    1.012  1.864  3.7314  2.457    4  0.000  0.463     0.00     0.00 -1         0      0.00 7.000e-01 2.990e-01 1.100e-03 5.880e-04 3.170e-03 -1.000 1.000e-03 0.110 0.986 0.931 0.279 -0.135 -0.528 -1.047 -1.473 -1.521
0.00100 5.00e+09 1.0600352287    1.012  1.865  3.7318  2.457    4  0.000  0.463     0.00     0.00 -1         0      0.00 7.000e-01 2.990e-01 1.100e-03 5.880e-04 3.170e-03 -1.000 9.999e-04 0.107 0.978 0.925 0.275 -0.138 -0.530 -1.049 -1.473 -1.522
0.00100 5.00e+09 1.0601856709    1.012  1.866  3.7322  2.458    4  0.000  0.463     0.00     0.00 -1         0      0.00 7.000e-01 2.990e-01 1.100e-03 5.880e-04 3.170e-03 -1.000 1.000e-03 0.104 0.971 0.919 0.271 -0.141 -0.533 -1.050 -1.474 -1.522
0.00100 5.00e+09 1.0603410006    1.013  1.868  3.7325  2.458    4  0.000  0.463     0.00     0.00 -1         0      0.00 7.000e-01 2.990e-01 1.100e-03 5.880e-04 3.170e-03 -1.000 1.000e-03 0.101 0.964 0.914 0.267 -0.145 -0.535 -1.052 -1.475 -1.523
0.00100 5.00e+09 1.0605053902    1.013  1.869  3.7328  2.458    4  0.000  0.463     0.00     0.00 -1         0      0.00 7.000e-01 2.990e-01 1.100e-03 5.880e-04 3.170e-03 -1.000 1.000e-03 0.097 0.957 0.908 0.263 -0.148 -0.538 -1.054 -1.476 -1.524
0.00100 5.00e+09 1.0605922937    1.013  1.870  3.7330  2.458    4  0.000  0.463     0.00     0.00 -1         0      0.00 7.000e-01 2.990e-01 1.100e-03 5.880e-04 3.170e-03 -1.000 1.000e-03 0.095 0.954 0.904 0.261 -0.150 -0.540 -1.055 -1.477 -1.524
0.00100 5.00e+09 1.0606555939    1.013  1.870  3.7331  2.458    4  0.000  0.463     0.00     0.00 -1         0      0.00 7.000e-01 2.990e-01 1.100e-03 5.880e-04 3.170e-03 -1.000 1.000e-03 0.094 0.951 0.902 0.259 -0.152 -0.541 -1.056 -1.477 -1.525
0.00100 5.00e+09 1.0608024597    1.013  1.872  3.7333  2.457    4  0.000  0.463     0.00     0.00 -1         0      0.00 7.000e-01 2.990e-01 1.100e-03 5.880e-04 3.170e-03 -1.000 1.000e-03 0.091 0.945 0.897 0.255 -0.155 -0.544 -1.058 -1.479 -1.527
0.00100 5.00e+09 1.0609488487    1.013  1.873  3.7336  2.457    4  0.000  0.463     0.00     0.00 -1         0      0.00 7.000e-01 2.990e-01 1.100e-03 5.880e-04 3.170e-03 -1.000 1.000e-03 0.087 0.939 0.892 0.251 -0.158 -0.547 -1.061 -1.481 -1.528
0.00100 5.00e+09 1.0610954762    1.013  1.875  3.7337  2.456    4  0.000  0.463     0.00     0.00 -1         0      0.00 7.000e-01 2.990e-01 1.100e-03 5.880e-04 3.170e-03 -1.000 1.000e-03 0.084 0.934 0.887 0.247 -0.162 -0.551 -1.064 -1.483 -1.531
0.00100 5.00e+09 1.0612535477    1.014  1.876  3.7339  2.455    4  0.000  0.463     0.00     0.00 -1         0      0.00 7.000e-01 2.990e-01 1.100e-03 5.880e-04 3.170e-03 -1.000 1.000e-03 0.080 0.928 0.882 0.243 -0.166 -0.555 -1.067 -1.486 -1.534
0.00100 5.00e+09 1.0614064932    1.014  1.878  3.7340  2.454    4  0.000  0.463     0.00     0.00 -1         0      0.00 7.000e-01 2.990e-01 1.100e-03 5.880e-04 3.170e-03 -1.000 9.999e-04 0.075 0.923 0.877 0.238 -0.170 -0.559 -1.071 -1.490 -1.537
0.00100 5.00e+09 1.0615600348    1.014  1.880  3.7340  2.452    4  0.000  0.463     0.00     0.00 -1         0      0.00 7.000e-01 2.990e-01 1.100e-03 5.880e-04 3.170e-03 -1.000 1.000e-03 0.071 0.918 0.872 0.234 -0.175 -0.563 -1.075 -1.494 -1.541
0.00100 5.00e+09 1.0617114305    1.014  1.882  3.7340  2.451    4  0.000  0.463     0.00     0.00 -1         0      0.00 7.000e-01 2.990e-01 1.100e-03 5.880e-04 3.170e-03 -1.000 1.000e-03 0.066 0.914 0.867 0.229 -0.180 -0.568 -1.080 -1.499 -1.546
0.00100 5.00e+09 1.0617505312    1.014  1.882  3.7340  2.450    4  0.000  0.463     0.00     0.00 -1         0      0.00 7.000e-01 2.990e-01 1.100e-03 5.880e-04 3.170e-03 -1.000 1.000e-03 0.065 0.913 0.866 0.227 -0.181 -0.569 -1.081 -1.500 -1.548
0.00100 5.00e+09 1.0618455410    1.014  1.883  3.7339  2.448    4  0.000  0.463     0.00     0.00 -1         0      0.00 7.000e-01 2.990e-01 1.100e-03 5.880e-04 3.170e-03 -1.000 1.000e-03 0.061 0.910 0.863 0.224 -0.185 -0.573 -1.085 -1.504 -1.552
0.00100 5.00e+09 1.0619951487    1.014  1.886  3.7338  2.446    4  0.000  0.463     0.00     0.00 -1         0      0.00 7.000e-01 2.990e-01 1.100e-03 5.880e-04 3.170e-03 -1.000 1.000e-03 0.056 0.906 0.858 0.219 -0.190 -0.579 -1.091 -1.511 -1.558
0.00100 5.00e+09 1.0621405840    1.015  1.888  3.7336  2.442    4  0.000  0.463     0.00     0.00 -1         0      0.00 7.000e-01 2.990e-01 1.100e-03 5.880e-04 3.170e-03 -1.000 1.000e-03 0.050 0.902 0.854 0.213 -0.196 -0.585 -1.098 -1.518 -1.566
0.00100 5.00e+09 1.0622905493    1.015  1.891  3.7333  2.439    4  0.000  0.463     0.00     0.00 -1         0      0.00 7.000e-01 2.990e-01 1.100e-03 5.880e-04 3.170e-03 -1.000 1.000e-03 0.043 0.899 0.849 0.207 -0.203 -0.593 -1.107 -1.527 -1.575
0.00100 5.00e+09 1.0624372959    1.015  1.894  3.7329  2.434    4  0.000  0.463     0.00     0.00 -1         0      0.00 7.000e-01 2.990e-01 1.100e-03 5.880e-04 3.170e-03 -1.000 1.000e-03 0.034 0.896 0.844 0.200 -0.211 -0.601 -1.117 -1.538 -1.586
0.00100 5.00e+09 1.0625822544    1.015  1.898  3.7324  2.428    4  0.000  0.463     0.00     0.00 -1         0      0.00 7.000e-01 2.990e-01 1.100e-03 5.880e-04 3.170e-03 -1.000 1.000e-03 0.025 0.893 0.838 0.192 -0.220 -0.611 -1.128 -1.551 -1.599
0.00100 5.00e+09 1.0627287626    1.015  1.902  3.7318  2.422    4  0.000  0.463     0.00     0.00 -1         0      0.00 7.000e-01 2.990e-01 1.100e-03 5.880e-04 3.170e-03 -1.000 1.000e-03 0.015 0.890 0.832 0.183 -0.231 -0.623 -1.141 -1.565 -1.614
0.00100 5.00e+09 1.0628761053    1.015  1.907  3.7311  2.414    4  0.000  0.463     0.00     0.00 -1         0      0.00 7.000e-01 2.990e-01 1.100e-03 5.880e-04 3.170e-03 -1.000 1.000e-03 0.003 0.886 0.826 0.173 -0.242 -0.635 -1.156 -1.582 -1.630
0.00100 5.00e+09 1.0630245209    1.016  1.912  3.7303  2.406    4  0.000  0.463     0.00     0.00 -1         0      0.00 7.000e-01 2.990e-01 1.100e-03 5.880e-04 3.170e-03 -1.000 1.000e-03 -0.010 0.882 0.818 0.161 -0.255 -0.650 -1.172 -1.600 -1.649
0.00100 5.00e+09 1.0631697178    1.016  1.918  3.7293  2.396    4  0.000  0.463     0.00     0.00 -1         0      0.00 7.000e-01 2.990e-01 1.100e-03 5.880e-04 3.170e-03 -1.000 1.000e-03 -0.026 0.878 0.809 0.147 -0.271 -0.668 -1.193 -1.623 -1.673
0.00100 5.00e+09 1.0633146763    1.016  1.928  3.7278  2.381    4  0.000  0.463     0.00     0.00 -1         0      0.00 7.000e-01 2.990e-01 1.100e-03 5.880e-04 3.170e-03 -1.000 1.000e-03 -0.049 0.872 0.797 0.128 -0.294 -0.693 -1.222 -1.656 -1.706
0.00100 5.00e+09 1.0634658337    1.016  1.946  3.7251  2.351    4  0.000  0.463     0.00     0.00 -1         0      0.00 7.000e-01 2.990e-01 1.100e-03 5.880e-04 3.170e-03 -1.000 1.000e-03 -0.096 0.858 0.770 0.087 -0.340 -0.744 -1.281 -1.721 -1.772
0.00100 5.00e+09 1.0635844469    1.016  1.977  3.7210  2.304    4  0.000  0.463     0.00     0.00 -1         0      0.00 7.000e-01 2.990e-01 1.100e-03 5.880e-04 3.170e-03 -1.000 1.000e-03 -0.171 0.839 0.727 0.023 -0.414 -0.824 -1.374 -1.825 -1.878
0.00100 5.00e+09 1.0636379719    1.016  2.011  3.7168  2.254    4  0.000  0.463     0.00     0.00 -1         0      0.00 7.000e-01 2.990e-01 1.100e-03 5.880e-04 3.170e-03 -1.000 1.000e-03 -0.256 0.814 0.676 -0.051 -0.496 -0.914 -1.476 -1.938 -1.992
0.00100 5.00e+09 1.0636603832    1.016  2.044  3.7131  2.206    4  0.000  0.463     0.00     0.00 -1         0      0.00 7.000e-01 2.990e-01 1.100e-03 5.880e-04 3.170e-03 -1.000 9.999e-04 -0.339 0.785 0.624 -0.123 -0.576 -1.001 -1.574 -2.045 -2.101
0.00100 5.00e+09 1.0636707544    1.016  2.077  3.7096  2.158    4  0.000  0.463     0.00     0.00 -1         0      0.00 7.000e-01 2.990e-01 1.100e-03 5.880e-04 3.170e-03 -1.000 9.999e-04 -0.424 0.753 0.569 -0.197 -0.658 -1.090 -1.673 -2.154 -2.211
0.00100 5.00e+09 1.0636756420    1.016  2.110  3.7065  2.113    4  0.000  0.463     0.00     0.00 -1         0      0.00 7.000e-01 2.990e-01 1.100e-03 5.880e-04 3.170e-03 -1.000 1.000e-03 -0.504 0.723 0.516 -0.267 -0.736 -1.173 -1.766 -2.255 -2.313
0.00100 5.00e+09 1.0636775494    1.016  2.128  3.7049  2.089    4  0.000  0.463     0.00     0.00 -1         0      0.00 7.000e-01 2.990e-01 1.100e-03 5.880e-04 3.170e-03 -1.000 1.000e-03 -0.549 0.705 0.486 -0.307 -0.779 -1.219 -1.817 -2.311 -2.370
0.00100 5.00e+09 1.0636798143    1.016  2.156  3.7024  2.051    4  0.000  0.463     0.00     0.00 -1         0      0.00 7.000e-01 2.990e-01 1.100e-03 5.880e-04 3.170e-03 -1.000 1.000e-03 -0.620 0.675 0.437 -0.370 -0.847 -1.293 -1.898 -2.398 -2.458
0.00100 5.00e+09 1.0636826754    1.016  2.194  3.6993  2.000    4  0.000  0.463     0.00     0.00 -1         0      0.00 7.000e-01 2.990e-01 1.100e-03 5.880e-04 3.170e-03 -1.000 1.000e-03 -0.715 0.631 0.370 -0.455 -0.940 -1.391 -2.006 -2.514 -2.575
0.00100 5.00e+09 1.0636855364    1.016  2.227  3.6967  1.957    4  0.000  0.463     0.00     0.00 -1         0      0.00 7.000e-01 2.990e-01 1.100e-03 5.880e-04 3.170e-03 -1.000 1.000e-03 -0.798 0.595 0.312 -0.529 -1.020 -1.477 -2.099 -2.615 -2.677
0.00100 5.00e+09 1.0636882782    1.016  2.255  3.6945  1.920    4  0.000  0.463     0.00     0.00 -1         0      0.00 7.000e-01 2.990e-01 1.100e-03 5.880e-04 3.170e-03 -1.000 1.000e-03 -0.867 0.568 0.265 -0.590 -1.086 -1.547 -2.177 -2.698 -2.761
0.00100 5.00e+09 1.0636928082    1.016  2.254  3.6946  1.922    4  0.000  0.463     0.00     0.00 -1         0      0.00 7.000e-01 2.990e-01 1.100e-03 5.880e-04 3.170e-03 -1.000 1.000e-03 -0.865 0.568 0.266 -0.588 -1.084 -1.545 -2.174 -2.695 -2.758
0.00100 5.00e+09 1.0637009144    1.016  2.246  3.6954  1.933    4  0.000  0.463     0.00     0.00 -1         0      0.00 7.000e-01 2.990e-01 1.100e-03 5.880e-04 3.170e-03 -1.000 9.999e-04 -0.845 0.574 0.279 -0.570 -1.065 -1.524 -2.151 -2.670 -2.733
0.00100 5.00e+09 1.0637170076    1.016  2.236  3.6961  1.945    4  0.000  0.463     0.00     0.00 -1         0      0.00 7.000e-01 2.990e-01 1.100e-03 5.880e-04 3.170e-03 -1.000 1.000e-03 -0.821 0.583 0.295 -0.550 -1.043 -1.500 -2.125 -2.642 -2.704
0.00100 5.00e+09 1.0638051033    1.016  2.235  3.6960  1.946    4  0.000  0.463     0.00     0.00 -1         0      0.00 7.000e-01 2.990e-01 1.100e-03 5.880e-04 3.170e-03 -1.000 1.000e-03 -0.818 0.588 0.299 -0.546 -1.039 -1.498 -2.122 -2.640 -2.702
0.00100 5.00e+09 1.0638594627    1.017  2.265  3.6935  1.906    4  0.000  0.463     0.00     0.00 -1         0      0.00 7.000e-01 2.990e-01 1.100e-03 5.880e-04 3.170e-03 -1.000 1.000e-03 -0.892 0.563 0.250 -0.611 -1.110 -1.573 -2.206 -2.730 -2.793
0.00100 5.00e+09 1.0639138222    1.017  2.307  3.6901  1.851    4  0.000  0.463     0.00     0.00 -1         0      0.00 7.000e-01 2.990e-01 1.100e-03 5.880e-04 3.170e-03 -1.000 1.000e-03 -0.997 0.526 0.180 -0.701 -1.209 -1.679 -2.323 -2.857 -2.921
0.00100 5.00e+09 1.0639626980    1.017  2.348  3.6868  1.796    4  0.000  0.463     0.00     0.00 -1         0      0.00 7.000e-01 2.990e-01 1.100e-03 5.880e-04 3.170e-03 -1.000 1.000e-03 -1.100 0.490 0.111 -0.792 -1.308 -1.784 -2.439 -2.982 -3.047
0.00100 5.00e+09 1.0640058517    1.017  2.390  3.6835  1.741    4  0.000  0.463     0.00     0.00 -1         0      0.00 7.000e-01 2.990e-01 1.100e-03 5.880e-04 3.170e-03 -1.000 1.000e-03 -1.205 0.454 0.042 -0.883 -1.408 -1.890 -2.556 -3.109 -3.175
0.00100 5.00e+09 1.0640435219    1.017  2.432  3.6803  1.687    4  0.000  0.463     0.00     0.00 -1         0      0.00 7.000e-01 2.990e-01 1.100e-03 5.880e-04 3.170e-03 -1.000 1.000e-03 -1.309 0.419 -0.026 -0.972 -1.505 -1.994 -2.672 -3.233 -3.301
0.00100 5.00e+09 1.0640766621    1.017  2.473  3.6770  1.632    4  0.000  0.463     0.00     0.00 -1         0      0.00 7.000e-01 2.990e-01 1.100e-03 5.880e-04 3.170e-03 -1.000 1.000e-03 -1.412 0.388 -0.092 -1.059 -1.602 -2.097 -2.786 -3.357 -3.426
0.00100 5.00e+09 1.0641061068    1.017  2.514  3.6738  1.578    4  0.000  0.463     0.00     0.00 -1         0      0.00 7.000e-01 2.990e-01 1.100e-03 5.880e-04 3.170e-03 -1.000 1.000e-03 -1.515 0.358 -0.157 -1.146 -1.698 -2.200 -2.900 -3.481 -3.551
0.00100 5.00e+09 1.0641323328    1.017  2.555  3.6705  1.524    4  0.000  0.463     0.00     0.00 -1         0      0.00 7.000e-01 2.990e-01 1.100e-03 5.880e-04 3.170e-03 -1.000 1.000e-03 -1.619 0.330 -0.221 -1.233 -1.794 -2.302 -3.014 -3.605 -3.676
0.00100 5.00e+09 1.0641561747    1.017  2.597  3.6672  1.469    4  0.000  0.463     0.00     0.00 -1         0      0.00 7.000e-01 2.990e-01 1.100e-03 5.880e-04 3.170e-03 -1.000 1.000e-03 -1.723 0.307 -0.283 -1.320 -1.891 -2.406 -3.130 -3.730 -3.803
0.00100 5.00e+09 1.0641778708    1.017  2.639  3.6639  1.414    4  0.000  0.463     0.00     0.00 -1         0      0.00 7.000e-01 2.990e-01 1.100e-03 5.880e-04 3.170e-03 -1.000 1.000e-03 -1.827 0.292 -0.341 -1.403 -1.985 -2.508 -3.245 -3.855 -3.929
0.00100 5.00e+09 1.0641980171    1.017  2.680  3.6605  1.359    4  0.000  0.463     0.00     0.00 -1         0      0.00 7.000e-01 2.990e-01 1.100e-03 5.880e-04 3.170e-03 -1.000 1.000e-03 -1.931 0.280 -0.398 -1.487 -2.080 -2.611 -3.361 -3.981 -4.057
0.00100 5.00e+09 1.0642169714    1.017  2.722  3.6571  1.304    4  0.000  0.463     0.00     0.00 -1         0      0.00 7.000e-01 2.990e-01 1.100e-03 5.880e-04 3.170e-03 -1.000 1.000e-03 -2.036 0.271 -0.453 -1.570 -2.176 -2.714 -3.477 -4.107 -4.184
0.00100 5.00e+09 1.0642348528    1.017  2.764  3.6537  1.248    4  0.000  0.463     0.00     0.00 -1         0      0.00 7.000e-01 2.990e-01 1.100e-03 5.880e-04 3.170e-03 -1.000 1.000e-03 -2.140 0.267 -0.507 -1.653 -2.270 -2.817 -3.593 -4.234 -4.312
0.00100 5.00e+09 1.0642516613    1.017  2.806  3.6502  1.193    4  0.000  0.463     0.00     0.00 -1         0      0.00 7.000e-01 2.990e-01 1.100e-03 5.880e-04 3.170e-03 -1.000 1.000e-03 -2.244 0.271 -0.555 -1.730 -2.361 -2.916 -3.707 -4.359 -4.439
0.00100 5.00e+09 1.0642671585    1.017  2.847  3.6468  1.137    4  0.000  0.463     0.00     0.00 -1         0      0.00 7.000e-01 2.990e-01 1.100e-03 5.880e-04 3.170e-03 -1.000 1.000e-03 -2.348 0.278 -0.602 -1.806 -2.451 -3.015 -3.821 -4.483 -4.566
0.00100 5.00e+09 1.0642827749    1.017  2.889  3.6432  1.081    4  0.000  0.463     0.00     0.00 -1         0      0.00 7.000e-01 2.990e-01 1.100e-03 5.880e-04 3.170e-03 -1.000 1.000e-03 -2.453 0.291 -0.646 -1.882 -2.541 -3.115 -3.936 -4.610 -4.695
0.00100 5.00e+09 1.0642985106    1.017  2.931  3.6396  1.025    4  0.000  0.463     0.00     0.00 -1         0      0.00 7.000e-01 2.990e-01 1.100e-03 5.880e-04 3.170e-03 -1.000 1.000e-03 -2.558 0.308 -0.689 -1.958 -2.632 -3.215 -4.052 -4.737 -4.824
0.00100 5.00e+09 1.0643132925    1.017  2.974  3.6359  0.967    4  0.000  0.463     0.00     0.00 -1         0      0.00 7.000e-01 2.990e-01 1.100e-03 5.880e-04 3.170e-03 -1.000 9.999e-04 -2.665 0.340 -0.725 -2.030 -2.721 -3.315 -4.169 -4.866 -4.956
0.00100 5.00e+09 1.0643255711    1.017  3.018  3.6321  0.908    4  0.000  0.463     0.00     0.00 -1         0      0.00 7.000e-01 2.990e-01 1.100e-03 5.880e-04 3.170e-03 -1.000 1.000e-03 -2.774 0.383 -0.756 -2.101 -2.810 -3.417 -4.289 -4.998 -5.091
0.00100 5.00e+09 1.0643342733    1.017  3.060  3.6284  0.851    4  0.000  0.463     0.00     0.00 -1         0      0.00 7.000e-01 2.990e-01 1.100e-03 5.880e-04 3.170e-03 -1.000 1.000e-03 -2.881 0.428 -0.784 -2.169 -2.897 -3.516 -4.405 -5.126 -5.222
0.00100 5.00e+09 1.0643419027    1.017  3.103  3.6247  0.794    4  0.000  0.463     0.00     0.00 -1         0      0.00 7.000e-01 2.990e-01 1.100e-03 5.880e-04 3.170e-03 -1.000 1.000e-03 -2.986 0.480 -0.809 -2.234 -2.982 -3.613 -4.521 -5.254 -5.353
0.00100 5.00e+09 1.0643490553    1.017  3.148  3.6207  0.733    4  0.000  0.463     0.00     0.00 -1         0      0.00 7.000e-01 2.990e-01 1.100e-03 5.880e-04 3.170e-03 -1.000 1.000e-03 -3.099 0.540 -0.831 -2.299 -3.069 -3.714 -4.642 -5.389 -5.492
0.00100 5.00e+09 1.0643551350    1.017  3.189  3.6170  0.677    4  0.000  0.463     0.00     0.00 -1         0      0.00 7.000e-01 2.990e-01 1.100e-03 5.880e-04 3.170e-03 -1.000 1.000e-03 -3.201 0.597 -0.850 -2.357 -3.148 -3.807 -4.754 -5.512 -5.620
0.00100 5.00e+09 1.0643619299    1.017  3.252  3.6113  0.590    4  0.000  0.463     0.00     0.00 -1         0      0.00 7.000e-01 2.990e-01 1.100e-03 5.880e-04 3.170e-03 -1.000 1.000e-03 -3.361 0.694 -0.875 -2.446 -3.270 -3.949 -4.926 -5.704 -5.818
0.00100 5.00e+09 1.0643626451    1.017  3.281  3.6086  0.551    4  0.000  0.463     0.00     0.00 -1         0      0.00 7.000e-01 2.990e-01 1.100e-03 5.880e-04 3.170e-03 -1.000 1.000e-03 -3.431 0.739 -0.882 -2.481 -3.320 -4.011 -5.001 -5.789 -5.906
0.00100 5.00e+09 1.0643632412    1.017  3.320  3.6050  0.497    4  0.000  0.463     0.00     0.00 -1         0      0.00 7.000e-01 2.990e-01 1.100e-03 5.880e-04 3.170e-03 -1.000 1.000e-03 -3.530 0.801 -0.893 -2.530 -3.392 -4.097 -5.107 -5.908 -6.029
0.00100 5.00e+09 1.0643637180    1.017  3.346  3.6026  0.461    4  0.000  0.463     0.00     0.00 -1         0      0.00 7.000e-01 2.990e-01 1.100e-03 5.880e-04 3.170e-03 -1.000 1.000e-03 -3.596 0.849 -0.894 -2.559 -3.437 -4.154 -5.177 -5.986 -6.111
0.00100 5.00e+09 1.0643641949    1.017  3.368  3.6006  0.432    4  0.000  0.463     0.00     0.00 -1         0      0.00 7.000e-01 2.990e-01 1.100e-03 5.880e-04 3.170e-03 -1.000 1.000e-03 -3.649 0.888 -0.894 -2.583 -3.474 -4.201 -5.234 -6.051 -6.178
0.00100 5.00e+09 1.0643651485    1.017  3.396  3.5980  0.393    4  0.000  0.463     0.00     0.00 -1         0      0.00 7.000e-01 2.990e-01 1.100e-03 5.880e-04 3.170e-03 -1.000 9.999e-04 -3.720 0.941 -0.894 -2.614 -3.523 -4.262 -5.311 -6.136 -6.266
0.00100 5.00e+09 1.0643664598    1.017  3.423  3.5955  0.356    4  0.542  0.463     0.00     0.00 -1         0      0.00 7.000e-01 2.990e-01 1.100e-03 5.880e-04 3.170e-03 -1.000 1.000e-03 -3.788 0.988 -0.892 -2.641 -3.569 -4.321 -5.383 -6.217 -6.351
0.00100 5.00e+09 1.0643665791    1.017  3.423  3.5941  0.351    8  0.542  0.417    81.51    44.00  1  -3.8e-07      0.00 7.284e-01 2.705e-01 1.372e-04 1.037e-04 4.389e-04 -1.000 1.048e-03 -3.788 1.033 -0.864 -2.622 -3.557 -4.315 -5.384 -6.224 -6.359
0.00100 5.00e+09 1.0643666983    1.016  3.247  3.6099  0.590    8  0.542  0.417    48.66    28.16  1 -1.82e-07      0.00 7.284e-01 2.705e-01 1.372e-04 1.037e-04 4.389e-04 -1.000 1.048e-03 -3.347 0.747 -0.838 -2.417 -3.247 -3.931 -4.914 -5.697 -5.813
0.00100 5.00e+09 1.0643669367    1.015  3.126  3.6208  0.753    8  0.542  0.417    34.18    20.75  1 -1.15e-07      0.00 7.284e-01 2.705e-01 1.372e-04 1.037e-04 4.389e-04 -1.000 1.048e-03 -3.045 0.572 -0.787 -2.248 -3.017 -3.661 -4.588 -5.334 -5.438
0.00100 5.00e+09 1.0643672943    1.012  2.919  3.6393  1.033    8  0.542  0.417    18.68    12.30  1 -5.65e-08      0.00 7.284e-01 2.705e-01 1.372e-04 1.037e-04 4.389e-04 -1.000 1.048e-03 -2.528 0.342 -0.656 -1.926 -2.600 -3.184 -4.022 -4.709 -4.796
0.00100 5.00e+09 1.0643680096    1.009  2.924  3.6387  1.025    8  0.542  0.417    19.03    12.49  1 -5.76e-08      0.00 7.284e-01 2.705e-01 1.372e-04 1.037e-04 4.389e-04 -1.000 1.048e-03 -2.540 0.350 -0.658 -1.933 -2.609 -3.195 -4.036 -4.724 -4.812
0.00100 5.00e+09 1.0643687248    1.004  3.019  3.6300  0.893    8  0.543  0.417    25.27    15.94  1 -7.93e-08      0.00 7.284e-01 2.705e-01 1.372e-04 1.037e-04 4.389e-04 -1.000 1.048e-03 -2.777 0.452 -0.721 -2.083 -2.802 -3.415 -4.296 -5.013 -5.108
0.00100 5.00e+09 1.0643696785    0.998  3.173  3.6159  0.680    8  0.543  0.417    39.99    23.67  1  -1.4e-07      0.00 7.284e-01 2.705e-01 1.372e-04 1.037e-04 4.389e-04 -1.000 1.048e-03 -3.162 0.667 -0.793 -2.307 -3.102 -3.764 -4.716 -5.479 -5.588
0.00100 5.00e+09 1.0643708706    0.991  3.308  3.6035  0.492    8  0.543  0.417    59.92    33.51  1 -2.41e-07      0.00 7.284e-01 2.705e-01 1.372e-04 1.037e-04 4.389e-04 -1.000 1.048e-03 -3.500 0.882 -0.833 -2.481 -3.350 -4.061 -5.078 -5.885 -6.008
0.00100 5.00e+09 1.0643721819    0.983  3.397  3.5951  0.366    8  0.544  0.417    78.60    42.29  1 -3.56e-07      0.00 7.284e-01 2.705e-01 1.372e-04 1.037e-04 4.389e-04 -1.000 1.048e-03 -3.723 1.052 -0.827 -2.573 -3.501 -4.253 -5.317 -6.154 -6.287
0.00100 5.00e+09 1.0643736124    0.973  3.445  3.5904  0.295    8  0.544  0.417    91.47    48.10  1 -4.44e-07      0.00 7.284e-01 2.705e-01 1.372e-04 1.037e-04 4.389e-04 -1.000 1.048e-03 -3.842 1.150 -0.814 -2.615 -3.577 -4.355 -5.445 -6.298 -6.438
0.00100 5.00e+09 1.0643752813    0.963  3.468  3.5879  0.257    8  0.545  0.417    99.12    51.42  1    -5e-07      0.00 7.284e-01 2.705e-01 1.372e-04 1.037e-04 4.389e-04 -1.000 1.048e-03 -3.900 1.209 -0.800 -2.631 -3.611 -4.402 -5.507 -6.369 -6.513
0.00100 5.00e+09 1.0643771887    0.952  3.482  3.5862  0.232    8  0.545  0.417   104.67    53.74  1 -5.41e-07      0.00 7.284e-01 2.705e-01 1.372e-04 1.037e-04 4.389e-04 -1.000 1.048e-03 -3.935 1.253 -0.786 -2.637 -3.630 -4.430 -5.545 -6.413 -6.559
0.00100 5.00e+09 1.0643773079    0.952  3.365  3.5968  0.391    8  0.545  0.417    74.23    39.92  1 -3.24e-07      0.00 7.284e-01 2.705e-01 1.372e-04 1.037e-04 4.389e-04 -1.000 1.048e-03 -3.642 1.054 -0.793 -2.521 -3.436 -4.180 -5.234 -6.064 -6.196
0.00100 5.00e+09 1.0643774271    0.949  3.195  3.6122  0.621    8  0.545  0.417    45.12    25.95  1 -1.62e-07      0.00 7.284e-01 2.705e-01 1.372e-04 1.037e-04 4.389e-04 -1.000 1.048e-03 -3.217 0.780 -0.760 -2.316 -3.133 -3.808 -4.780 -5.555 -5.668
0.00100 5.00e+09 1.0643777847    0.946  2.987  3.6311  0.903    8  0.545  0.417    24.59    15.34  1  -7.6e-08      0.00 7.284e-01 2.705e-01 1.372e-04 1.037e-04 4.389e-04 -1.000 1.048e-03 -2.698 0.494 -0.661 -2.014 -2.729 -3.338 -4.215 -4.928 -5.022
0.00100 5.00e+09 1.0643782616    0.940  2.991  3.6307  0.895    8  0.546  0.417    24.97    15.52  1 -7.75e-08      0.00 7.284e-01 2.705e-01 1.372e-04 1.037e-04 4.389e-04 -1.000 1.048e-03 -2.707 0.500 -0.662 -2.020 -2.736 -3.347 -4.225 -4.939 -5.033
0.00100 5.00e+09 1.0643788576    0.934  3.083  3.6223  0.767    8  0.546  0.417    32.93    19.67  1 -1.08e-07      0.00 7.284e-01 2.705e-01 1.372e-04 1.037e-04 4.389e-04 -1.000 1.048e-03 -2.937 0.622 -0.710 -2.158 -2.918 -3.557 -4.477 -5.217 -5.320
0.00100 5.00e+09 1.0643796921    0.926  3.232  3.6088  0.560    8  0.546  0.417    51.39    28.84  1 -1.95e-07      0.00 7.284e-01 2.705e-01 1.372e-04 1.037e-04 4.389e-04 -1.000 1.048e-03 -3.309 0.849 -0.766 -2.361 -3.199 -3.889 -4.878 -5.665 -5.783
0.00100 5.00e+09 1.0643806458    0.916  3.361  3.5969  0.379    8  0.547  0.417    75.96    40.30  1 -3.39e-07      0.00 7.284e-01 2.705e-01 1.372e-04 1.037e-04 4.389e-04 -1.000 1.048e-03 -3.633 1.075 -0.778 -2.510 -3.427 -4.171 -5.225 -6.054 -6.186
0.00100 5.00e+09 1.0643815994    0.906  3.445  3.5891  0.258    8  0.547  0.417    98.43    50.25  1 -5.01e-07      0.00 7.284e-01 2.705e-01 1.372e-04 1.037e-04 4.389e-04 -1.000 1.048e-03 -3.843 1.230 -0.767 -2.590 -3.564 -4.350 -5.449 -6.306 -6.449
0.00100 5.00e+09 1.0643827915    0.893  3.489  3.5850  0.192    8  0.548  0.417   113.34    56.54  1 -6.23e-07      0.00 7.284e-01 2.705e-01 1.372e-04 1.037e-04 4.389e-04 -1.000 1.048e-03 -3.952 1.316 -0.756 -2.629 -3.634 -4.443 -5.565 -6.436 -6.585
0.00100 5.00e+09 1.0643842220    0.880  3.508  3.5831  0.159    8  0.548  0.417   121.64    59.82  1 -6.98e-07      0.00 7.284e-01 2.705e-01 1.372e-04 1.037e-04 4.389e-04 -1.000 1.048e-03 -4.000 1.360 -0.745 -2.642 -3.663 -4.483 -5.617 -6.494 -6.646
0.00100 5.00e+09 1.0643856525    0.866  3.518  3.5821  0.138    8  0.549  0.417   127.22    61.84  1 -7.52e-07      0.00 7.284e-01 2.705e-01 1.372e-04 1.037e-04 4.389e-04 -1.000 1.048e-03 -4.025 1.389 -0.735 -2.646 -3.676 -4.503 -5.643 -6.524 -6.677
0.00100 5.00e+09 1.0643857718    0.864  3.411  3.5921  0.284    8  0.549  0.417    92.73    47.03  1 -4.65e-07      0.00 7.284e-01 2.705e-01 1.372e-04 1.037e-04 4.389e-04 -1.000 1.048e-03 -3.757 1.201 -0.752 -2.548 -3.504 -4.276 -5.359 -6.204 -6.343
0.00100 5.00e+09 1.0643860102    0.861  3.242  3.6079  0.514    8  0.549  0.417    56.44    30.58  1 -2.29e-07      0.00 7.284e-01 2.705e-01 1.372e-04 1.037e-04 4.389e-04 -1.000 1.048e-03 -3.336 0.893 -0.758 -2.372 -3.219 -3.913 -4.909 -5.698 -5.816
0.00100 5.00e+09 1.0643863678    0.856  3.035  3.6275  0.798    8  0.549  0.417    30.63    17.99  1 -1.05e-07      0.00 7.284e-01 2.705e-01 1.372e-04 1.037e-04 4.389e-04 -1.000 1.048e-03 -2.817 0.563 -0.687 -2.092 -2.829 -3.452 -4.346 -5.069 -5.166
0.00100 5.00e+09 1.0643868446    0.848  3.039  3.6279  0.792    8  0.550  0.417    31.01    18.13  1 -1.09e-07      0.00 7.284e-01 2.705e-01 1.372e-04 1.037e-04 4.389e-04 -1.000 1.048e-03 -2.827 0.548 -0.701 -2.104 -2.841 -3.463 -4.355 -5.076 -5.173
0.00100 5.00e+09 1.0643875599    0.839  3.129  3.6205  0.667    8  0.550  0.417    40.59    22.79  1 -1.56e-07      0.00 7.284e-01 2.705e-01 1.372e-04 1.037e-04 4.389e-04 -1.000 1.048e-03 -3.053 0.652 -0.756 -2.244 -3.022 -3.670 -4.600 -5.345 -5.449
0.00100 5.00e+09 1.0643885136    0.828  3.274  3.6083  0.467    8  0.550  0.417    62.46    32.91  1 -2.88e-07      0.00 7.284e-01 2.705e-01 1.372e-04 1.037e-04 4.389e-04 -1.000 1.048e-03 -3.415 0.855 -0.817 -2.446 -3.298 -3.996 -4.991 -5.777 -5.895
0.00100 5.00e+09 1.0643894672    0.814  3.400  3.5979  0.292    8  0.551  0.417    90.96    45.26  1 -5.15e-07      0.00 7.284e-01 2.705e-01 1.372e-04 1.037e-04 4.389e-04 -1.000 1.048e-03 -3.730 1.051 -0.839 -2.599 -3.526 -4.274 -5.327 -6.149 -6.280
0.00100 5.00e+09 1.0643906593    0.799  3.482  3.5919  0.178    8  0.551  0.417   116.33    55.56  1 -7.77e-07      0.00 7.284e-01 2.705e-01 1.372e-04 1.037e-04 4.389e-04 -1.000 1.048e-03 -3.934 1.155 -0.857 -2.697 -3.672 -4.454 -5.543 -6.385 -6.525
0.00100 5.00e+09 1.0643919706    0.782  3.524  3.5897  0.118    8  0.552  0.417   132.48    61.58  0 -9.93e-07      0.00 7.284e-01 2.705e-01 1.372e-04 1.037e-04 4.389e-04 -1.000 1.048e-03 -4.039 1.183 -0.882 -2.758 -3.754 -4.551 -5.654 -6.502 -6.646
0.00100 5.00e+09 1.0643935204    0.763  3.542  3.5899  0.090    8  0.553  0.417   140.81    64.18  0 -1.15e-06      0.00 7.284e-01 2.705e-01 1.372e-04 1.037e-04 4.389e-04 -1.000 1.048e-03 -4.085 1.164 -0.914 -2.799 -3.800 -4.598 -5.701 -6.547 -6.691
0.00100 5.00e+09 1.0643951893    0.743  3.551  3.5912  0.074    8  0.554  0.417   145.96    65.28  0 -1.28e-06      0.00 7.284e-01 2.705e-01 1.372e-04 1.037e-04 4.389e-04 -1.000 1.048e-03 -4.108 1.124 -0.951 -2.835 -3.832 -4.627 -5.725 -6.565 -6.707
0.00100 5.00e+09 1.0643953085    0.742  3.455  3.6004  0.207    8  0.554  0.417   109.77    50.99  1 -8.29e-07      0.00 7.284e-01 2.705e-01 1.372e-04 1.037e-04 4.389e-04 -1.000 1.048e-03 -3.868 0.941 -0.969 -2.747 -3.678 -4.424 -5.469 -6.276 -6.406
0.00100 5.00e+09 1.0643955469    0.739  3.289  3.6167  0.436    8  0.554  0.417    66.90    33.14  1 -4.07e-07      0.00 7.284e-01 2.705e-01 1.372e-04 1.037e-04 4.389e-04 -1.000 1.048e-03 -3.452 0.597 -0.985 -2.570 -3.391 -4.063 -5.018 -5.770 -5.879
0.00100 5.00e+09 1.0643959045    0.733  3.081  3.6373  0.723    8  0.554  0.417    36.10    19.36  1 -1.84e-07      0.00 7.284e-01 2.705e-01 1.372e-04 1.037e-04 4.389e-04 -1.000 1.048e-03 -2.934 0.225 -0.933 -2.289 -2.996 -3.596 -4.446 -5.131 -5.220
0.00100 5.00e+09 1.0643963814    0.724  3.085  3.6386  0.720    8  0.554  0.417    36.37    19.35  1 -1.93e-07      0.00 7.284e-01 2.705e-01 1.372e-04 1.037e-04 4.389e-04 -1.000 1.048e-03 -2.942 0.180 -0.962 -2.309 -3.011 -3.608 -4.452 -5.132 -5.220
0.00100 5.00e+09 1.0643970966    0.714  3.173  3.6325  0.600    8  0.554  0.417    47.13    23.99  1 -2.83e-07      0.00 7.284e-01 2.705e-01 1.372e-04 1.037e-04 4.389e-04 -1.000 1.048e-03 -3.163 0.239 -1.041 -2.463 -3.199 -3.817 -4.691 -5.390 -5.483
0.00100 5.00e+09 1.0643979311    0.701  3.313  3.6219  0.410    8  0.555  0.417    71.24    33.88  1 -5.29e-07      0.00 7.284e-01 2.705e-01 1.372e-04 1.037e-04 4.389e-04 -1.000 1.048e-03 -3.513 0.400 -1.125 -2.682 -3.485 -4.143 -5.073 -5.803 -5.907
0.00100 5.00e+09 1.0643990040    0.687  3.434  3.6135  0.247    8  0.555  0.417   101.89    45.43  1 -9.54e-07      0.00 7.284e-01 2.705e-01 1.372e-04 1.037e-04 4.389e-04 -1.000 1.048e-03 -3.816 0.548 -1.182 -2.860 -3.725 -4.423 -5.400 -6.155 -6.269
0.00100 5.00e+09 1.0644001961    0.670  3.512  3.6097  0.142    8  0.556  0.417   128.36    54.33  0 -1.46e-06      0.00 7.284e-01 2.705e-01 1.372e-04 1.037e-04 4.389e-04 -1.000 1.048e-03 -4.011 0.592 -1.244 -2.988 -3.887 -4.606 -5.607 -6.373 -6.491
0.00100 5.00e+09 1.0644015074    0.651  3.552  3.6100  0.092    8  0.557  0.417   144.60    58.57  0  -1.9e-06      0.00 7.284e-01 2.705e-01 1.372e-04 1.037e-04 4.389e-04 -1.000 1.048e-03 -4.110 0.544 -1.317 -3.079 -3.986 -4.708 -5.709 -6.471 -6.590
0.00100 5.00e+09 1.0644029379    0.631  3.568  3.6129  0.074    8  0.557  0.417   152.83    59.12  0 -2.26e-06      0.00 7.284e-01 2.705e-01 1.372e-04 1.037e-04 4.389e-04 -1.000 1.048e-03 -4.151 0.433 -1.403 -3.151 -4.047 -4.761 -5.748 -6.498 -6.613
0.00100 5.00e+09 1.0644046068    0.610  3.576  3.6171  0.068    8  0.558  0.417   158.93    57.73  0 -2.59e-06      0.00 7.284e-01 2.705e-01 1.372e-04 1.037e-04 4.389e-04 -1.000 1.048e-03 -4.170 0.277 -1.501 -3.218 -4.095 -4.795 -5.761 -6.494 -6.605
0.00100 5.00e+09 1.0644046068    0.610  3.491  3.6253  0.185    8  0.558  0.417   123.44    46.35  0 -1.76e-06      0.00 7.284e-01 2.705e-01 1.372e-04 1.037e-04 4.389e-04 -1.000 1.048e-03 -3.958 0.087 -1.511 -3.122 -3.944 -4.608 -5.528 -6.235 -6.336
0.00100 5.00e+09 1.0644047260    0.608  3.326  3.6413  0.414    8  0.558  0.417    75.51    30.19  1  -8.6e-07      0.00 7.284e-01 2.705e-01 1.372e-04 1.037e-04 4.389e-04 -1.000 1.048e-03 -3.544 -0.262 -1.502 -2.905 -3.626 -4.228 -5.064 -5.725 -5.811
0.00100 5.00e+09 1.0644048452    0.607  3.118  3.6617  0.702    8  0.558  0.417    40.68    17.57  1  -3.8e-07      0.00 7.284e-01 2.705e-01 1.372e-04 1.037e-04 4.389e-04 -1.000 1.048e-03 -3.024 -0.536 -1.390 -2.564 -3.186 -3.727 -4.473 -5.075 -5.149
0.00100 5.00e+09 1.0644050837    0.604  3.119  3.6623  0.701    8  0.558  0.417    40.98    17.51  1 -3.88e-07      0.00 7.284e-01 2.705e-01 1.372e-04 1.037e-04 4.389e-04 -1.000 1.048e-03 -3.028 -0.557 -1.403 -2.572 -3.192 -3.732 -4.476 -5.076 -5.149
0.00100 5.00e+09 1.0644053221    0.600  3.204  3.6553  0.586    8  0.559  0.417    52.91    21.55  1 -5.47e-07      0.00 7.284e-01 2.705e-01 1.372e-04 1.037e-04 4.389e-04 -1.000 1.048e-03 -3.240 -0.511 -1.484 -2.731 -3.383 -3.942 -4.714 -5.333 -5.409
0.00100 5.00e+09 1.0644055605    0.596  3.338  3.6437  0.402    8  0.559  0.417    79.31    30.03  1 -9.69e-07      0.00 7.284e-01 2.705e-01 1.372e-04 1.037e-04 4.389e-04 -1.000 1.048e-03 -3.575 -0.360 -1.569 -2.955 -3.667 -4.264 -5.089 -5.741 -5.825
0.00100 5.00e+09 1.0644059181    0.591  3.454  3.6342  0.245    8  0.559  0.417   112.77    39.73  0 -1.64e-06      0.00 7.284e-01 2.705e-01 1.372e-04 1.037e-04 4.389e-04 -1.000 1.048e-03 -3.864 -0.188 -1.617 -3.131 -3.903 -4.537 -5.410 -6.089 -6.181
0.00100 5.00e+09 1.0644063950    0.586  3.527  3.6289  0.147    8  0.559  0.417   142.07    46.92  0 -2.36e-06      0.00 7.284e-01 2.705e-01 1.372e-04 1.037e-04 4.389e-04 -1.000 1.048e-03 -4.047 -0.089 -1.650 -3.243 -4.054 -4.710 -5.612 -6.305 -6.403
0.00100 5.00e+09 1.0644068718    0.579  3.562  3.6275  0.100    8  0.559  0.417   161.20    49.88  0 -2.88e-06      0.00 7.284e-01 2.705e-01 1.372e-04 1.037e-04 4.389e-04 -1.000 1.048e-03 -4.136 -0.078 -1.687 -3.309 -4.133 -4.796 -5.707 -6.403 -6.503
0.00100 5.00e+09 1.0644073486    0.572  3.575  3.6284  0.086    8  0.560  0.417   173.78    49.28  0 -3.18e-06      0.00 7.284e-01 2.705e-01 1.372e-04 1.037e-04 4.389e-04 -1.000 1.048e-03 -4.168 -0.129 -1.730 -3.348 -4.169 -4.831 -5.738 -6.430 -6.529
0.00100 5.00e+09 1.0644079447    0.565  3.579  3.6304  0.085    8  0.560  0.417   192.19    45.67  0 -3.38e-06      0.00 7.284e-01 2.705e-01 1.372e-04 1.037e-04 4.389e-04 -1.000 1.048e-03 -4.177 -0.209 -1.778 -3.378 -4.191 -4.846 -5.743 -6.428 -6.525
0.00100 5.00e+09 1.0644091368    0.565 -9.999  4.0802  1.954    9  0.565  0.000     0.00     0.00 -1         0      0.00 7.284e-01 2.705e-01 1.372e-04 1.037e-04 4.389e-04 -1.000 1.048e-03 29.767 29.940 30.405 30.497 30.514 30.545 30.669 30.692 30.723
#isochrone terminated
