# File generated by CMD 3.0 (http://stev.oapd.inaf.it/cmd) on Thu Jun  8 21:06:14 CEST 2017
# isochrones PARSEC release v1.2S + COLIBRI release PR16, as in Marigo et al. 2017
# Basic reference: Marigo et al. (2017), ApJ, 835, 77
# Photometric system: <i>UBVRIJHK</i> (cf. Maiz-Apellaniz 2006 + Bessell 1990)
# O-rich circumstellar dust ignored
# C-rich circumstellar dust ignored
# Kind of output: isochrone tables
# Zini Age Mini  Mass   logL    logTe  logg  label   McoreTP C_O  period0 period1 pmode  Mloss  tau1m   X   Y   Xc  Xn  Xo  Cexcess  Z 	 mbolmag  Umag    Bmag    Vmag    Rmag    Imag    Jmag    Hmag    Kmag
0.01000 5.00e+09 0.0900000036    0.090 -3.388  3.3783  5.246    0  0.000  0.463     0.00     0.00 -1  4.09e-17      0.00 7.000e-01 2.990e-01 1.100e-03 5.880e-04 3.170e-03 -1.000 1.000e-03 13.241 24.149 20.516 18.211 16.046 13.616 11.128 10.553 10.240
0.01000 5.00e+09 0.0945364907    0.095 -3.298  3.3915  5.229    0  0.000  0.463     0.00     0.00 -1  5.01e-17      0.00 7.000e-01 2.990e-01 1.100e-03 5.880e-04 3.170e-03 -1.000 1.000e-03 13.014 23.174 19.863 17.656 15.610 13.244 10.904 10.350 10.042
0.01000 5.00e+09 0.1000000015    0.100 -3.194  3.4065  5.210    0  0.000  0.463     0.00     0.00 -1  6.32e-17      0.00 7.000e-01 2.990e-01 1.100e-03 5.880e-04 3.170e-03 -1.000 1.000e-03 12.755 22.079 19.125 17.013 15.107 12.834 10.662 10.123 9.817
0.01000 5.00e+09 0.1200000048    0.120 -2.927  3.4407  5.159    0  0.000  0.463     0.00     0.00 -1  1.13e-16      0.00 7.000e-01 2.990e-01 1.100e-03 5.880e-04 3.170e-03 -1.000 1.000e-03 12.087 19.980 17.487 15.507 13.863 11.853 10.076 9.535 9.254
0.01000 5.00e+09 0.1400000006    0.140 -2.746  3.4595  5.120    0  0.000  0.463     0.00     0.00 -1  1.66e-16      0.00 7.000e-01 2.990e-01 1.100e-03 5.880e-04 3.170e-03 -1.000 1.000e-03 11.635 18.843 16.529 14.607 13.111 11.271 9.680 9.128 8.856
0.01000 5.00e+09 0.1542445719    0.154 -2.643  3.4694  5.099    0  0.000  0.463     0.00     0.00 -1  2.06e-16      0.00 7.000e-01 2.990e-01 1.100e-03 5.880e-04 3.170e-03 -1.000 1.000e-03 11.377 18.140 15.992 14.124 12.713 10.970 9.451 8.896 8.624
0.01000 5.00e+09 0.1599999964    0.160 -2.604  3.4731  5.091    0  0.000  0.463     0.00     0.00 -1  2.23e-16      0.00 7.000e-01 2.990e-01 1.100e-03 5.880e-04 3.170e-03 -1.000 1.000e-03 11.280 17.881 15.793 13.945 12.564 10.856 9.364 8.808 8.536
0.01000 5.00e+09 0.2000000030    0.200 -2.386  3.4919  5.045    0  0.000  0.463     0.00     0.00 -1         0      0.00 7.000e-01 2.990e-01 1.100e-03 5.880e-04 3.170e-03 -1.000 1.000e-03 10.735 16.610 14.779 13.028 11.774 10.244 8.870 8.312 8.043
0.01000 5.00e+09 0.2500000000    0.250 -2.184  3.5065  4.998    0  0.000  0.463     0.00     0.00 -1  5.22e-16      0.00 7.000e-01 2.990e-01 1.100e-03 5.880e-04 3.170e-03 -1.000 1.000e-03 10.229 15.620 13.951 12.271 11.098 9.694 8.401 7.842 7.579
0.01000 5.00e+09 0.3000000119    0.300 -2.021  3.5171  4.956    0  0.000  0.463     0.00     0.00 -1         0      0.00 7.000e-01 2.990e-01 1.100e-03 5.880e-04 3.170e-03 -1.000 1.000e-03 9.822 14.932 13.341 11.703 10.577 9.258 8.018 7.457 7.201
0.01000 5.00e+09 0.3198297024    0.320 -1.957  3.5207  4.935    0  0.000  0.463     0.00     0.00 -1         0      0.00 7.000e-01 2.990e-01 1.100e-03 5.880e-04 3.170e-03 -1.000 1.000e-03 9.664 14.687 13.118 11.494 10.382 9.090 7.868 7.306 7.052
0.01000 5.00e+09 0.3500000238    0.350 -1.866  3.5258  4.903    0  0.000  0.463     0.00     0.00 -1  1.02e-15      0.00 7.000e-01 2.990e-01 1.100e-03 5.880e-04 3.170e-03 -1.000 1.000e-03 9.435 14.339 12.800 11.195 10.103 8.849 7.651 7.087 6.837
0.01000 5.00e+09 0.4000000358    0.400 -1.719  3.5368  4.859    0  0.000  0.463     0.00     0.00 -1  1.41e-15      0.00 7.000e-01 2.990e-01 1.100e-03 5.880e-04 3.170e-03 -1.000 1.000e-03 9.069 13.730 12.248 10.683 9.629 8.457 7.312 6.743 6.498
0.01000 5.00e+09 0.4500000179    0.450 -1.563  3.5498  4.805    0  0.000  0.463     0.00     0.00 -1  2.03e-15      0.00 7.000e-01 2.990e-01 1.100e-03 5.880e-04 3.170e-03 -1.000 1.000e-03 8.677 13.091 11.661 10.136 9.122 8.041 6.952 6.376 6.139
0.01000 5.00e+09 0.4851262271    0.485 -1.445  3.5618  4.768    0  0.000  0.463     0.00     0.00 -1  2.68e-15      0.00 7.000e-01 2.990e-01 1.100e-03 5.880e-04 3.170e-03 -1.000 9.999e-04 8.383 12.604 11.207 9.716 8.733 7.730 6.688 6.104 5.876
0.01000 5.00e+09 0.5000000000    0.500 -1.398  3.5666  4.753    0  0.000  0.463     0.00     0.00 -1  2.99e-15      0.00 7.000e-01 2.990e-01 1.100e-03 5.880e-04 3.170e-03 -1.000 9.999e-04 8.264 12.416 11.029 9.551 8.579 7.606 6.583 5.995 5.771
0.01000 5.00e+09 0.5201492310    0.520 -1.325  3.5755  4.733    0  0.000  0.463     0.00     0.00 -1  3.55e-15      0.00 7.000e-01 2.990e-01 1.100e-03 5.880e-04 3.170e-03 -1.000 9.999e-04 8.082 12.082 10.759 9.318 8.359 7.413 6.405 5.818 5.605
0.01000 5.00e+09 0.5500000119    0.550 -1.221  3.5880  4.704    0  0.000  0.463     0.00     0.00 -1  4.53e-15      0.00 7.000e-01 2.990e-01 1.100e-03 5.880e-04 3.170e-03 -1.000 1.000e-03 7.823 11.507 10.325 8.963 8.035 7.143 6.157 5.555 5.374
0.01000 5.00e+09 0.5962114930    0.596 -1.060  3.6121  4.674    0  0.000  0.463     0.00     0.00 -1  6.52e-15      0.00 7.000e-01 2.990e-01 1.100e-03 5.880e-04 3.170e-03 -1.000 1.000e-03 7.421 10.526 9.501 8.263 7.443 6.748 5.853 5.174 5.052
0.01000 5.00e+09 0.6000000238    0.600 -1.048  3.6140  4.672    0  0.000  0.463     0.00     0.00 -1  6.71e-15      0.00 7.000e-01 2.990e-01 1.100e-03 5.880e-04 3.170e-03 -1.000 1.000e-03 7.389 10.470 9.449 8.217 7.403 6.717 5.828 5.147 5.026
0.01000 5.00e+09 0.6499999762    0.650 -0.874  3.6445  4.655    0  0.000  0.463     0.00     0.00 -1   9.8e-15      0.00 7.000e-01 2.990e-01 1.100e-03 5.880e-04 3.170e-03 -1.000 1.000e-03 6.955 9.570 8.670 7.555 6.846 6.281 5.480 4.817 4.724
0.01000 5.00e+09 0.6707213521    0.671 -0.805  3.6570  4.649    0  0.000  0.463     0.00     0.00 -1  1.14e-14      0.00 7.000e-01 2.990e-01 1.100e-03 5.880e-04 3.170e-03 -1.000 1.000e-03 6.782 9.181 8.353 7.291 6.627 6.100 5.340 4.704 4.622
0.01000 5.00e+09 0.7000000477    0.700 -0.709  3.6741  4.641    0  0.000  0.463     0.00     0.00 -1   1.4e-14      0.00 7.000e-01 2.990e-01 1.100e-03 5.880e-04 3.170e-03 -1.000 1.000e-03 6.543 8.642 7.937 6.942 6.338 5.850 5.151 4.569 4.496
0.01000 5.00e+09 0.7263916731    0.727 -0.626  3.6883  4.631    0  0.000  0.463     0.00     0.00 -1  1.69e-14      0.00 7.000e-01 2.990e-01 1.100e-03 5.880e-04 3.170e-03 -1.000 1.000e-03 6.336 8.190 7.594 6.652 6.095 5.638 4.988 4.449 4.384
0.01000 5.00e+09 0.7500000000    0.750 -0.554  3.7004  4.621    0  0.000  0.463     0.00     0.00 -1  1.98e-14      0.00 7.000e-01 2.990e-01 1.100e-03 5.880e-04 3.170e-03 -1.000 1.000e-03 6.155 7.806 7.306 6.410 5.890 5.456 4.848 4.346 4.286
0.01000 5.00e+09 0.7820503116    0.782 -0.459  3.7148  4.601    0  0.000  0.463     0.00     0.00 -1  2.47e-14      0.00 7.000e-01 2.990e-01 1.100e-03 5.880e-04 3.170e-03 -1.000 1.000e-03 5.917 7.341 6.954 6.113 5.632 5.223 4.662 4.201 4.148
0.01000 5.00e+09 0.7978261113    0.798 -0.412  3.7217  4.591    0  0.000  0.463     0.00     0.00 -1  2.75e-14      0.00 7.000e-01 2.990e-01 1.100e-03 5.880e-04 3.170e-03 -1.000 1.000e-03 5.801 7.119 6.786 5.973 5.508 5.112 4.572 4.131 4.080
0.01000 5.00e+09 0.8141275048    0.814 -0.365  3.7283  4.579    0  0.000  0.463     0.00     0.00 -1  3.08e-14      0.00 7.000e-01 2.990e-01 1.100e-03 5.880e-04 3.170e-03 -1.000 9.999e-04 5.683 6.902 6.619 5.833 5.384 4.999 4.480 4.056 4.008
0.01000 5.00e+09 0.8410897255    0.841 -0.288  3.7390  4.558    0  0.000  0.463     0.00     0.00 -1  3.71e-14      0.00 7.000e-01 2.990e-01 1.100e-03 5.880e-04 3.170e-03 -1.000 1.000e-03 5.489 6.555 6.351 5.610 5.185 4.817 4.330 3.933 3.890
0.01000 5.00e+09 0.8456522226    0.845 -0.275  3.7408  4.555    0  0.000  0.463     0.00     0.00 -1  3.83e-14      0.00 7.000e-01 2.990e-01 1.100e-03 5.880e-04 3.170e-03 -1.000 1.000e-03 5.457 6.500 6.307 5.573 5.152 4.787 4.306 3.912 3.870
0.01000 5.00e+09 0.8720515966    0.871 -0.200  3.7501  4.530    0  0.000  0.463     0.00     0.00 -1  4.61e-14      0.00 7.000e-01 2.990e-01 1.100e-03 5.880e-04 3.170e-03 -1.000 1.000e-03 5.269 6.191 6.060 5.366 4.964 4.614 4.159 3.787 3.748
0.01000 5.00e+09 0.8934782743    0.893 -0.139  3.7574  4.509    0  0.000  0.463     0.00     0.00 -1  5.35e-14      0.00 7.000e-01 2.990e-01 1.100e-03 5.880e-04 3.170e-03 -1.000 1.000e-03 5.118 5.952 5.863 5.201 4.814 4.475 4.040 3.685 3.649
0.01000 5.00e+09 0.9034996033    0.903 -0.111  3.7605  4.498    0  0.000  0.463     0.00     0.00 -1  5.76e-14      0.00 7.000e-01 2.990e-01 1.100e-03 5.880e-04 3.170e-03 -1.000 1.000e-03 5.046 5.845 5.773 5.125 4.744 4.410 3.983 3.635 3.600
0.01000 5.00e+09 0.9192143679    0.918 -0.066  3.7653  4.481    0  0.000  0.463     0.00     0.00 -1  6.46e-14      0.00 7.000e-01 2.990e-01 1.100e-03 5.880e-04 3.170e-03 -1.000 1.000e-03 4.935 5.679 5.633 5.005 4.634 4.308 3.893 3.556 3.523
0.01000 5.00e+09 0.9342344999    0.933 -0.024  3.7697  4.463    0  0.000  0.463     0.00     0.00 -1  7.22e-14      0.00 7.000e-01 2.990e-01 1.100e-03 5.880e-04 3.170e-03 -1.000 1.000e-03 4.829 5.528 5.502 4.893 4.530 4.210 3.808 3.480 3.448
0.01000 5.00e+09 0.9413043261    0.941 -0.004  3.7717  4.454    0  0.000  0.463     0.00     0.00 -1  7.61e-14      0.00 7.000e-01 2.990e-01 1.100e-03 5.880e-04 3.170e-03 -1.000 1.000e-03 4.779 5.458 5.441 4.840 4.481 4.165 3.767 3.444 3.413
0.01000 5.00e+09 0.9446085691    0.944  0.006  3.7726  4.449    0  0.000  0.463     0.00     0.00 -1   7.8e-14      0.00 7.000e-01 2.990e-01 1.100e-03 5.880e-04 3.170e-03 -1.000 1.000e-03 4.756 5.426 5.413 4.815 4.458 4.143 3.748 3.426 3.395
0.01000 5.00e+09 0.9593871832    0.959  0.048  3.7764  4.429    0  0.000  0.463     0.00     0.00 -1  8.73e-14      0.00 7.000e-01 2.990e-01 1.100e-03 5.880e-04 3.170e-03 -1.000 1.000e-03 4.650 5.283 5.286 4.704 4.355 4.045 3.660 3.346 3.317
0.01000 5.00e+09 0.9734444618    0.973  0.088  3.7798  4.409    0  0.000  0.463     0.00     0.00 -1  9.74e-14      0.00 7.000e-01 2.990e-01 1.100e-03 5.880e-04 3.170e-03 -1.000 1.000e-03 4.549 5.148 5.165 4.598 4.256 3.951 3.575 3.269 3.241
0.01000 5.00e+09 0.9864616990    0.986  0.126  3.7829  4.389    0  0.000  0.463     0.00     0.00 -1  1.08e-13      0.00 7.000e-01 2.990e-01 1.100e-03 5.880e-04 3.170e-03 -1.000 1.000e-03 4.455 5.030 5.055 4.501 4.164 3.865 3.496 3.196 3.169
0.01000 5.00e+09 0.9891304374    0.989  0.134  3.7835  4.385    0  0.000  0.463     0.00     0.00 -1   1.1e-13      0.00 7.000e-01 2.990e-01 1.100e-03 5.880e-04 3.170e-03 -1.000 1.000e-03 4.436 5.006 5.033 4.481 4.146 3.847 3.480 3.181 3.154
0.01000 5.00e+09 0.9983432889    0.998  0.160  3.7854  4.370    0  0.000  0.463     0.00     0.00 -1  1.17e-13      0.00 7.000e-01 2.990e-01 1.100e-03 5.880e-04 3.170e-03 -1.000 1.000e-03 4.369 4.924 4.956 4.412 4.080 3.785 3.422 3.128 3.102
0.01000 5.00e+09 1.0097001791    1.009  0.194  3.7877  4.351    0  0.000  0.463     0.00     0.00 -1  1.27e-13      0.00 7.000e-01 2.990e-01 1.100e-03 5.880e-04 3.170e-03 -1.000 1.000e-03 4.286 4.823 4.861 4.327 3.999 3.707 3.350 3.061 3.035
0.01000 5.00e+09 1.0299888849    1.029  0.253  3.7914  4.315    0  0.000  0.463     0.00     0.00 -1  1.47e-13      0.00 7.000e-01 2.990e-01 1.100e-03 5.880e-04 3.170e-03 -1.000 1.000e-03 4.137 4.646 4.692 4.174 3.854 3.568 3.220 2.939 2.914
0.01000 5.00e+09 1.0369565487    1.036  0.273  3.7925  4.302    0  0.000  0.463     0.00     0.00 -1  1.55e-13      0.00 7.000e-01 2.990e-01 1.100e-03 5.880e-04 3.170e-03 -1.000 1.000e-03 4.087 4.588 4.636 4.122 3.804 3.520 3.175 2.896 2.872
0.01000 5.00e+09 1.0440499783    1.043  0.293  3.7936  4.289    0  0.000  0.463     0.00     0.00 -1  1.62e-13      0.00 7.000e-01 2.990e-01 1.100e-03 5.880e-04 3.170e-03 -1.000 1.000e-03 4.036 4.529 4.580 4.071 3.754 3.472 3.129 2.853 2.829
0.01000 5.00e+09 1.0633324385    1.062  0.348  3.7957  4.251    0  0.000  0.463     0.00     0.00 -1  1.84e-13      0.00 7.000e-01 2.990e-01 1.100e-03 5.880e-04 3.170e-03 -1.000 1.000e-03 3.901 4.381 4.433 3.932 3.620 3.342 3.004 2.732 2.709
0.01000 5.00e+09 1.0784245729    1.077  0.393  3.7973  4.218    0  0.000  0.463     0.00     0.00 -1  2.06e-13      0.00 7.000e-01 2.990e-01 1.100e-03 5.880e-04 3.170e-03 -1.000 1.000e-03 3.788 4.259 4.311 3.817 3.509 3.232 2.899 2.630 2.607
0.01000 5.00e+09 1.0847826004    1.084  0.413  3.7979  4.204    0  0.000  0.463     0.00     0.00 -1  2.16e-13      0.00 7.000e-01 2.990e-01 1.100e-03 5.880e-04 3.170e-03 -1.000 1.000e-03 3.738 4.206 4.258 3.767 3.460 3.184 2.852 2.585 2.562
0.01000 5.00e+09 1.0949863195    1.094  0.446  3.7988  4.178    0  0.000  0.463     0.00     0.00 -1  2.35e-13      0.00 7.000e-01 2.990e-01 1.100e-03 5.880e-04 3.170e-03 -1.000 1.000e-03 3.656 4.119 4.170 3.683 3.378 3.104 2.774 2.510 2.487
0.01000 5.00e+09 1.1067020893    1.105  0.485  3.7994  4.146    0  0.000  0.463     0.00     0.00 -1   2.6e-13      0.00 7.000e-01 2.990e-01 1.100e-03 5.880e-04 3.170e-03 -1.000 1.000e-03 3.557 4.019 4.068 3.584 3.280 3.008 2.679 2.416 2.393
0.01000 5.00e+09 1.1169960499    1.116  0.521  3.7994  4.114    0  0.000  0.463     0.00     0.00 -1  2.86e-13      0.00 7.000e-01 2.990e-01 1.100e-03 5.880e-04 3.170e-03 -1.000 1.000e-03 3.468 3.930 3.977 3.494 3.190 2.918 2.589 2.327 2.303
0.01000 5.00e+09 1.1267482042    1.125  0.556  3.7989  4.081    0  0.000  0.463     0.00     0.00 -1  3.16e-13      0.00 7.000e-01 2.990e-01 1.100e-03 5.880e-04 3.170e-03 -1.000 1.000e-03 3.381 3.847 3.891 3.407 3.103 2.830 2.500 2.237 2.213
0.01000 5.00e+09 1.1326086521    1.131  0.577  3.7982  4.059    0  0.000  0.463     0.00     0.00 -1  3.37e-13      0.00 7.000e-01 2.990e-01 1.100e-03 5.880e-04 3.170e-03 -1.000 1.000e-03 3.327 3.798 3.839 3.353 3.048 2.774 2.442 2.177 2.154
0.01000 5.00e+09 1.1353555918    1.134  0.588  3.7977  4.047    0  0.000  0.463     0.00     0.00 -1  3.48e-13      0.00 7.000e-01 2.990e-01 1.100e-03 5.880e-04 3.170e-03 -1.000 1.000e-03 3.299 3.774 3.814 3.326 3.020 2.746 2.413 2.147 2.123
0.01000 5.00e+09 1.1372803450    1.136  0.596  3.7975  4.039    0  0.000  0.463     0.00     0.00 -1  3.56e-13      0.00 7.000e-01 2.990e-01 1.100e-03 5.880e-04 3.170e-03 -1.000 1.000e-03 3.279 3.755 3.794 3.306 2.999 2.724 2.391 2.125 2.101
0.01000 5.00e+09 1.1405054331    1.139  0.610  3.7963  4.022    0  0.000  0.463     0.00     0.00 -1  3.72e-13      0.00 7.000e-01 2.990e-01 1.100e-03 5.880e-04 3.170e-03 -1.000 1.000e-03 3.245 3.729 3.765 3.273 2.964 2.688 2.351 2.083 2.059
0.01000 5.00e+09 1.1450732946    1.144  0.628  3.7948  4.000    0  0.000  0.463     0.00     0.00 -1  3.93e-13      0.00 7.000e-01 2.990e-01 1.100e-03 5.880e-04 3.170e-03 -1.000 1.000e-03 3.201 3.694 3.727 3.229 2.918 2.640 2.299 2.028 2.003
0.01000 5.00e+09 1.1511417627    1.150  0.651  3.7916  3.966    0  0.000  0.463     0.00     0.00 -1  4.25e-13      0.00 7.000e-01 2.990e-01 1.100e-03 5.880e-04 3.170e-03 -1.000 1.000e-03 3.143 3.661 3.683 3.175 2.858 2.574 2.226 1.949 1.923
0.01000 5.00e+09 1.1569180489    1.155  0.672  3.7874  3.931    0  0.000  0.463     0.00     0.00 -1  4.58e-13      0.00 7.000e-01 2.990e-01 1.100e-03 5.880e-04 3.170e-03 -1.000 1.000e-03 3.091 3.642 3.652 3.127 2.802 2.512 2.154 1.867 1.840
0.01000 5.00e+09 1.1631155014    1.162  0.691  3.7805  3.886    0  0.000  0.463     0.00     0.00 -1  4.97e-13      0.00 7.000e-01 2.990e-01 1.100e-03 5.880e-04 3.170e-03 -1.000 1.000e-03 3.043 3.647 3.637 3.086 2.749 2.448 2.072 1.772 1.742
0.01000 5.00e+09 1.1686996222    1.167  0.698  3.7695  3.838    0  0.000  0.463     0.00     0.00 -1  5.29e-13      0.00 7.000e-01 2.990e-01 1.100e-03 5.880e-04 3.170e-03 -1.000 1.000e-03 3.026 3.733 3.682 3.084 2.726 2.408 2.003 1.679 1.646
0.01000 5.00e+09 1.1721981764    1.171  0.689  3.7581  3.802    0  0.000  0.463     0.00     0.00 -1  5.37e-13      0.00 7.000e-01 2.990e-01 1.100e-03 5.880e-04 3.170e-03 -1.000 1.000e-03 3.049 3.877 3.775 3.127 2.746 2.409 1.974 1.623 1.587
0.01000 5.00e+09 1.1740307808    1.172  0.677  3.7497  3.781    0  0.000  0.463     0.00     0.00 -1  5.34e-13      0.00 7.000e-01 2.990e-01 1.100e-03 5.880e-04 3.170e-03 -1.000 1.000e-03 3.078 4.002 3.858 3.173 2.775 2.425 1.967 1.596 1.557
0.01000 5.00e+09 1.1756002903    1.174  0.662  3.7411  3.762    0  0.000  0.463     0.00     0.00 -1  5.27e-13      0.00 7.000e-01 2.990e-01 1.100e-03 5.880e-04 3.170e-03 -1.000 1.000e-03 3.114 4.142 3.951 3.227 2.812 2.448 1.965 1.575 1.533
0.01000 5.00e+09 1.1770869493    1.175  0.648  3.7324  3.741    0  0.000  0.463     0.00     0.00 -1   5.2e-13      0.00 7.000e-01 2.990e-01 1.100e-03 5.880e-04 3.170e-03 -1.000 1.000e-03 3.149 4.295 4.048 3.284 2.851 2.472 1.964 1.552 1.506
0.01000 5.00e+09 1.1785911322    1.177  0.645  3.7244  3.714    0  0.000  0.463     0.00     0.00 -1  5.29e-13      0.00 7.000e-01 2.990e-01 1.100e-03 5.880e-04 3.170e-03 -1.000 1.000e-03 3.158 4.415 4.116 3.315 2.865 2.473 1.941 1.508 1.460
0.01000 5.00e+09 1.1804348230    1.179  0.658  3.7168  3.670    0  0.000  0.463     0.00     0.00 -1  5.69e-13      0.00 7.000e-01 2.990e-01 1.100e-03 5.880e-04 3.170e-03 -1.000 1.000e-03 3.125 4.497 4.142 3.307 2.840 2.435 1.878 1.424 1.374
0.01000 5.00e+09 1.1822276115    1.181  0.686  3.7118  3.624    0  0.000  0.463     0.00     0.00 -1  6.35e-13      0.00 7.000e-01 2.990e-01 1.100e-03 5.880e-04 3.170e-03 -1.000 1.000e-03 3.056 4.504 4.112 3.254 2.777 2.363 1.790 1.323 1.270
0.01000 5.00e+09 1.1824741364    1.181  0.690  3.7112  3.617    0  0.000  0.463     0.00     0.00 -1   6.5e-13      0.00 7.000e-01 2.990e-01 1.100e-03 5.880e-04 3.170e-03 -1.000 1.000e-03 3.044 4.500 4.105 3.244 2.766 2.351 1.776 1.307 1.255
0.01000 5.00e+09 1.1827684641    1.181  0.697  3.7107  3.608    0  0.000  0.463     0.00     0.00 -1  6.67e-13      0.00 7.000e-01 2.990e-01 1.100e-03 5.880e-04 3.170e-03 -1.000 1.000e-03 3.028 4.492 4.093 3.230 2.750 2.335 1.758 1.288 1.235
0.01000 5.00e+09 1.1845452785    1.183  0.737  3.7077  3.556    0  0.000  0.463     0.00     0.00 -1  7.67e-13      0.00 7.000e-01 2.990e-01 1.100e-03 5.880e-04 3.170e-03 -1.000 1.000e-03 2.927 4.440 4.017 3.140 2.654 2.233 1.646 1.167 1.113
0.01000 5.00e+09 1.1862192154    1.185  0.781  3.7054  3.505    0  0.000  0.463     0.00     0.00 -1  8.96e-13      0.00 7.000e-01 2.990e-01 1.100e-03 5.880e-04 3.170e-03 -1.000 1.000e-03 2.819 4.367 3.928 3.040 2.549 2.124 1.530 1.044 0.990
0.01000 5.00e+09 1.1880755424    1.186  0.834  3.7033  3.444    0  0.000  0.463     0.00     0.00 -1  1.08e-12      0.00 7.000e-01 2.990e-01 1.100e-03 5.880e-04 3.170e-03 -1.000 1.000e-03 2.686 4.271 3.813 2.915 2.419 1.991 1.389 0.898 0.842
0.01000 5.00e+09 1.1896013021    1.188  0.881  3.7016  3.390    0  0.000  0.463     0.00     0.00 -1  1.28e-12      0.00 7.000e-01 2.990e-01 1.100e-03 5.880e-04 3.170e-03 -1.000 1.000e-03 2.567 4.181 3.709 2.802 2.302 1.871 1.264 0.768 0.712
0.01000 5.00e+09 1.1907765865    1.189  0.921  3.7002  3.345    0  0.000  0.463     0.00     0.00 -1  1.47e-12      0.00 7.000e-01 2.990e-01 1.100e-03 5.880e-04 3.170e-03 -1.000 9.999e-04 2.468 4.106 3.621 2.708 2.205 1.771 1.159 0.660 0.604
0.01000 5.00e+09 1.1921522617    1.190  0.971  3.6986  3.289    0  0.000  0.463     0.00     0.00 -1  1.75e-12      0.00 7.000e-01 2.990e-01 1.100e-03 5.880e-04 3.170e-03 -1.000 1.000e-03 2.343 4.011 3.512 2.590 2.083 1.646 1.029 0.525 0.468
0.01000 5.00e+09 1.1934096813    1.192  1.021  3.6969  3.233    0  0.000  0.463     0.00     0.00 -1  2.09e-12      0.00 7.000e-01 2.990e-01 1.100e-03 5.880e-04 3.170e-03 -1.000 1.000e-03 2.219 3.916 3.402 2.471 1.961 1.521 0.898 0.390 0.332
0.01000 5.00e+09 1.1945966482    1.193  1.072  3.6950  3.174    0  0.000  0.463     0.00     0.00 -1  2.51e-12      0.00 7.000e-01 2.990e-01 1.100e-03 5.880e-04 3.170e-03 -1.000 1.000e-03 2.089 3.820 3.290 2.350 1.835 1.392 0.762 0.249 0.190
0.01000 5.00e+09 1.1956145763    1.194  1.121  3.6932  3.119    0  0.000  0.463     0.00     0.00 -1  2.99e-12      0.00 7.000e-01 2.990e-01 1.100e-03 5.880e-04 3.170e-03 -1.000 1.000e-03 1.968 3.730 3.185 2.236 1.717 1.271 0.634 0.116 0.056
0.01000 5.00e+09 1.1965246201    1.195  1.169  3.6912  3.064    0  0.000  0.463     0.00     0.00 -1  3.55e-12      0.00 7.000e-01 2.990e-01 1.100e-03 5.880e-04 3.170e-03 -1.000 1.000e-03 1.849 3.645 3.084 2.126 1.602 1.152 0.509 -0.015 -0.075
0.01000 5.00e+09 1.1973525286    1.195  1.216  3.6892  3.008    0  0.000  0.463     0.00     0.00 -1  4.21e-12      0.00 7.000e-01 2.990e-01 1.100e-03 5.880e-04 3.170e-03 -1.000 1.000e-03 1.730 3.561 2.984 2.016 1.488 1.034 0.384 -0.146 -0.207
0.01000 5.00e+09 1.1981246471    1.196  1.265  3.6871  2.952    0  0.000  0.463     0.00     0.00 -1  5.01e-12      0.00 7.000e-01 2.990e-01 1.100e-03 5.880e-04 3.170e-03 -1.000 1.000e-03 1.609 3.479 2.883 1.904 1.371 0.913 0.255 -0.280 -0.343
0.01000 5.00e+09 1.1988098621    1.197  1.312  3.6850  2.896    0  0.000  0.463     0.00     0.00 -1  5.95e-12      0.00 7.000e-01 2.990e-01 1.100e-03 5.880e-04 3.170e-03 -1.000 1.000e-03 1.490 3.402 2.786 1.795 1.257 0.795 0.130 -0.412 -0.476
0.01000 5.00e+09 1.1994316578    1.197  1.359  3.6827  2.840    0  0.000  0.463     0.00     0.00 -1  7.06e-12      0.00 7.000e-01 2.990e-01 1.100e-03 5.880e-04 3.170e-03 -1.000 1.000e-03 1.372 3.326 2.689 1.687 1.143 0.678 0.005 -0.543 -0.608
0.01000 5.00e+09 1.1999815702    1.198  1.404  3.6805  2.786    0  0.000  0.463     0.00     0.00 -1  8.34e-12      0.00 7.000e-01 2.990e-01 1.100e-03 5.880e-04 3.170e-03 -1.000 1.000e-03 1.259 3.254 2.598 1.585 1.035 0.566 -0.116 -0.670 -0.736
0.01000 5.00e+09 1.2004736662    1.198  1.448  3.6783  2.733    0  0.000  0.463     0.00     0.00 -1   9.8e-12      0.00 7.000e-01 2.990e-01 1.100e-03 5.880e-04 3.170e-03 -1.000 1.000e-03 1.149 3.185 2.511 1.487 0.932 0.458 -0.232 -0.793 -0.860
0.01000 5.00e+09 1.2009419203    1.199  1.494  3.6760  2.679    0  0.000  0.463     0.00     0.00 -1  1.16e-11      0.00 7.000e-01 2.990e-01 1.100e-03 5.880e-04 3.170e-03 -1.000 1.000e-03 1.036 3.116 2.422 1.386 0.825 0.346 -0.352 -0.919 -0.989
0.01000 5.00e+09 1.2013666630    1.199  1.538  3.6736  2.626    0  0.000  0.463     0.00     0.00 -1  1.36e-11      0.00 7.000e-01 2.990e-01 1.100e-03 5.880e-04 3.170e-03 -1.000 1.000e-03 0.926 3.049 2.336 1.289 0.721 0.238 -0.469 -1.043 -1.114
0.01000 5.00e+09 1.2017668486    1.199  1.582  3.6712  2.572    0  0.000  0.463     0.00     0.00 -1   1.6e-11      0.00 7.000e-01 2.990e-01 1.100e-03 5.880e-04 3.170e-03 -1.000 1.000e-03 0.816 2.984 2.251 1.191 0.618 0.130 -0.586 -1.167 -1.240
0.01000 5.00e+09 1.2021422386    1.200  1.624  3.6689  2.521    0  0.000  0.463     0.00     0.00 -1  1.87e-11      0.00 7.000e-01 2.990e-01 1.100e-03 5.880e-04 3.170e-03 -1.000 1.000e-03 0.711 2.924 2.171 1.099 0.519 0.027 -0.698 -1.286 -1.360
0.01000 5.00e+09 1.2025305033    1.200  1.662  3.6667  2.474    0  0.000  0.463     0.00     0.00 -1  2.15e-11      0.00 7.000e-01 2.990e-01 1.100e-03 5.880e-04 3.170e-03 -1.000 1.000e-03 0.616 2.871 2.098 1.016 0.430 -0.066 -0.800 -1.393 -1.469
0.01000 5.00e+09 1.2028768063    1.200  1.687  3.6654  2.444    0  0.000  0.463     0.00     0.00 -1  2.36e-11      0.00 7.000e-01 2.990e-01 1.100e-03 5.880e-04 3.170e-03 -1.000 1.000e-03 0.553 2.836 2.051 0.962 0.372 -0.127 -0.866 -1.463 -1.540
0.01000 5.00e+09 1.2030835152    1.200  1.671  3.6665  2.464    0  0.000  0.463     0.00     0.00 -1  2.25e-11      0.00 7.000e-01 2.990e-01 1.100e-03 5.880e-04 3.170e-03 -1.000 1.000e-03 0.592 2.853 2.078 0.994 0.408 -0.090 -0.824 -1.418 -1.494
0.01000 5.00e+09 1.2033431530    1.200  1.630  3.6693  2.516    0  0.000  0.463     0.00     0.00 -1  1.94e-11      0.00 7.000e-01 2.990e-01 1.100e-03 5.880e-04 3.170e-03 -1.000 9.999e-04 0.695 2.902 2.151 1.080 0.502 0.010 -0.713 -1.299 -1.373
0.01000 5.00e+09 1.2034249306    1.201  1.616  3.6702  2.534    0  0.000  0.463     0.00     0.00 -1  1.83e-11      0.00 7.000e-01 2.990e-01 1.100e-03 5.880e-04 3.170e-03 -1.000 1.000e-03 0.729 2.919 2.176 1.110 0.534 0.044 -0.676 -1.260 -1.333
0.01000 5.00e+09 1.2036545277    1.201  1.649  3.6683  2.493    0  0.000  0.463     0.00     0.00 -1  2.05e-11      0.00 7.000e-01 2.990e-01 1.100e-03 5.880e-04 3.170e-03 -1.000 1.000e-03 0.647 2.873 2.113 1.038 0.457 -0.037 -0.764 -1.353 -1.428
0.01000 5.00e+09 1.2039775848    1.201  1.695  3.6656  2.437    0  0.000  0.463     0.00     0.00 -1  2.42e-11      0.00 7.000e-01 2.990e-01 1.100e-03 5.880e-04 3.170e-03 -1.000 1.000e-03 0.532 2.814 2.029 0.939 0.351 -0.149 -0.886 -1.483 -1.560
0.01000 5.00e+09 1.2042884827    1.201  1.741  3.6628  2.380    0  0.000  0.463     0.00     0.00 -1  2.87e-11      0.00 7.000e-01 2.990e-01 1.100e-03 5.880e-04 3.170e-03 -1.000 1.000e-03 0.417 2.756 1.945 0.841 0.245 -0.260 -1.009 -1.613 -1.693
0.01000 5.00e+09 1.2045770884    1.201  1.787  3.6600  2.323    0  0.000  0.463     0.00     0.00 -1   3.4e-11      0.00 7.000e-01 2.990e-01 1.100e-03 5.880e-04 3.170e-03 -1.000 1.000e-03 0.303 2.700 1.862 0.744 0.139 -0.372 -1.131 -1.743 -1.825
0.01000 5.00e+09 1.2048373222    1.201  1.831  3.6573  2.267    0  0.000  0.463     0.00     0.00 -1  4.02e-11      0.00 7.000e-01 2.990e-01 1.100e-03 5.880e-04 3.170e-03 -1.000 1.000e-03 0.192 2.647 1.782 0.649 0.037 -0.480 -1.250 -1.869 -1.954
0.01000 5.00e+09 1.2050801516    1.201  1.876  3.6544  2.211    0  0.000  0.463     0.00     0.00 -1  4.75e-11      0.00 7.000e-01 2.990e-01 1.100e-03 5.880e-04 3.170e-03 -1.000 1.000e-03 0.080 2.596 1.702 0.554 -0.066 -0.589 -1.370 -1.997 -2.084
0.01000 5.00e+09 1.2052984238    1.202  1.919  3.6517  2.157    0  0.000  0.463     0.00     0.00 -1  5.59e-11      0.00 7.000e-01 2.990e-01 1.100e-03 5.880e-04 3.170e-03 -1.000 1.000e-03 -0.029 2.552 1.629 0.466 -0.163 -0.692 -1.485 -2.120 -2.210
0.01000 5.00e+09 1.2055044174    1.202  1.963  3.6488  2.102    0  0.000  0.463     0.00     0.00 -1  6.59e-11      0.00 7.000e-01 2.990e-01 1.100e-03 5.880e-04 3.170e-03 -1.000 1.000e-03 -0.138 2.509 1.556 0.378 -0.260 -0.797 -1.602 -2.244 -2.338
0.01000 5.00e+09 1.2056952715    1.202  2.008  3.6459  2.046    0  0.000  0.463     0.00     0.00 -1  7.78e-11      0.00 7.000e-01 2.990e-01 1.100e-03 5.880e-04 3.170e-03 -1.000 1.000e-03 -0.249 2.469 1.483 0.289 -0.359 -0.903 -1.720 -2.370 -2.467
0.01000 5.00e+09 1.2058676481    1.202  2.051  3.6429  1.991    0  0.000  0.463     0.00     0.00 -1  9.16e-11      0.00 7.000e-01 2.990e-01 1.100e-03 5.880e-04 3.170e-03 -1.000 1.000e-03 -0.358 2.432 1.414 0.203 -0.455 -1.006 -1.835 -2.494 -2.594
0.01000 5.00e+09 1.2060258389    1.201  2.094  3.6400  1.936    0  0.000  0.463     0.00     0.00 -1  1.08e-10      0.00 7.000e-01 2.990e-01 1.100e-03 5.880e-04 3.170e-03 -1.000 1.000e-03 -0.465 2.402 1.346 0.118 -0.550 -1.108 -1.950 -2.617 -2.720
0.01000 5.00e+09 1.2061682940    1.201  2.136  3.6371  1.882    0  0.000  0.463     0.00     0.00 -1  1.26e-10      0.00 7.000e-01 2.990e-01 1.100e-03 5.880e-04 3.170e-03 -1.000 1.000e-03 -0.570 2.378 1.284 0.038 -0.641 -1.207 -2.062 -2.736 -2.843
0.01000 5.00e+09 1.2063045502    1.201  2.179  3.6341  1.827    0  0.000  0.463     0.00     0.00 -1  1.49e-10      0.00 7.000e-01 2.990e-01 1.100e-03 5.880e-04 3.170e-03 -1.000 1.000e-03 -0.678 2.354 1.220 -0.045 -0.735 -1.310 -2.177 -2.860 -2.970
0.01000 5.00e+09 1.2064256668    1.201  2.221  3.6312  1.773    0  0.000  0.463     0.00     0.00 -1  1.74e-10      0.00 7.000e-01 2.990e-01 1.100e-03 5.880e-04 3.170e-03 -1.000 1.000e-03 -0.782 2.334 1.159 -0.123 -0.824 -1.408 -2.288 -2.978 -3.092
0.01000 5.00e+09 1.2065390348    1.201  2.263  3.6282  1.720    0  0.000  0.463     0.00     0.00 -1  2.04e-10      0.00 7.000e-01 2.990e-01 1.100e-03 5.880e-04 3.170e-03 -1.000 1.000e-03 -0.887 2.316 1.100 -0.202 -0.914 -1.506 -2.400 -3.097 -3.215
0.01000 5.00e+09 1.2066438198    1.201  2.304  3.6252  1.666    0  0.000  0.463     0.00     0.00 -1  2.39e-10      0.00 7.000e-01 2.990e-01 1.100e-03 5.880e-04 3.170e-03 -1.000 1.000e-03 -0.991 2.302 1.042 -0.279 -1.003 -1.604 -2.511 -3.216 -3.339
0.01000 5.00e+09 1.2067387104    1.200  2.345  3.6222  1.613    0  0.000  0.463     0.00     0.00 -1  2.79e-10      0.00 7.000e-01 2.990e-01 1.100e-03 5.880e-04 3.170e-03 -1.000 9.999e-04 -1.093 2.290 0.988 -0.351 -1.087 -1.699 -2.619 -3.333 -3.459
0.01000 5.00e+09 1.2068288326    1.200  2.387  3.6192  1.559    0  0.000  0.463     0.00     0.00 -1  3.27e-10      0.00 7.000e-01 2.990e-01 1.100e-03 5.880e-04 3.170e-03 -1.000 1.000e-03 -1.197 2.280 0.934 -0.425 -1.173 -1.795 -2.729 -3.451 -3.582
0.01000 5.00e+09 1.2069096565    1.200  2.427  3.6162  1.507    0  0.000  0.463     0.00     0.00 -1  3.81e-10      0.00 7.000e-01 2.990e-01 1.100e-03 5.880e-04 3.170e-03 -1.000 1.000e-03 -1.297 2.273 0.882 -0.495 -1.255 -1.888 -2.836 -3.566 -3.701
0.01000 5.00e+09 1.2069854736    1.199  2.467  3.6131  1.454    0  0.000  0.463     0.00     0.00 -1  4.46e-10      0.00 7.000e-01 2.990e-01 1.100e-03 5.880e-04 3.170e-03 -1.000 1.000e-03 -1.398 2.275 0.834 -0.565 -1.339 -1.982 -2.944 -3.683 -3.822
0.01000 5.00e+09 1.2070564032    1.199  2.508  3.6100  1.400    0  0.000  0.463     0.00     0.00 -1  5.21e-10      0.00 7.000e-01 2.990e-01 1.100e-03 5.880e-04 3.170e-03 -1.000 1.000e-03 -1.500 2.277 0.787 -0.631 -1.419 -2.076 -3.053 -3.800 -3.944
0.01000 5.00e+09 1.2071194649    1.198  2.547  3.6069  1.349    0  0.000  0.463     0.00     0.00 -1  6.05e-10      0.00 7.000e-01 2.990e-01 1.100e-03 5.880e-04 3.170e-03 -1.000 1.000e-03 -1.598 2.279 0.744 -0.693 -1.494 -2.165 -3.157 -3.913 -4.061
0.01000 5.00e+09 1.2071796656    1.198  2.587  3.6039  1.297    0  0.000  0.463     0.00     0.00 -1  7.06e-10      0.00 7.000e-01 2.990e-01 1.100e-03 5.880e-04 3.170e-03 -1.000 1.000e-03 -1.697 2.283 0.702 -0.756 -1.570 -2.256 -3.263 -4.027 -4.181
0.01000 5.00e+09 1.2072347403    1.197  2.626  3.6007  1.245    0  0.000  0.463     0.00     0.00 -1   8.2e-10      0.00 7.000e-01 2.990e-01 1.100e-03 5.880e-04 3.170e-03 -1.000 9.999e-04 -1.795 2.290 0.661 -0.816 -1.644 -2.345 -3.367 -4.140 -4.298
0.01000 5.00e+09 1.2072846889    1.197  2.664  3.5977  1.195    0  0.000  0.463     0.00     0.00 -1  9.49e-10      0.00 7.000e-01 2.990e-01 1.100e-03 5.880e-04 3.170e-03 -1.000 1.000e-03 -1.889 2.298 0.623 -0.874 -1.715 -2.431 -3.467 -4.249 -4.412
0.01000 5.00e+09 1.2073327303    1.196  2.702  3.5946  1.144    0  0.000  0.463     0.00     0.00 -1   1.1e-09      0.00 7.000e-01 2.990e-01 1.100e-03 5.880e-04 3.170e-03 -1.000 1.000e-03 -1.986 2.302 0.588 -0.926 -1.782 -2.518 -3.571 -4.362 -4.529
0.01000 5.00e+09 1.2073761225    1.195  2.739  3.5915  1.094    0  0.000  0.463     0.00     0.00 -1  1.27e-09      0.00 7.000e-01 2.990e-01 1.100e-03 5.880e-04 3.170e-03 -1.000 1.000e-03 -2.078 2.307 0.555 -0.975 -1.845 -2.601 -3.670 -4.470 -4.642
0.01000 5.00e+09 1.2074166536    1.195  2.776  3.5884  1.045    0  0.000  0.463     0.00     0.00 -1  1.47e-09      0.00 7.000e-01 2.990e-01 1.100e-03 5.880e-04 3.170e-03 -1.000 1.000e-03 -2.170 2.315 0.525 -1.022 -1.907 -2.682 -3.767 -4.577 -4.753
0.01000 5.00e+09 1.2074549198    1.194  2.813  3.5852  0.995    0  0.000  0.463     0.00     0.00 -1  1.69e-09      0.00 7.000e-01 2.990e-01 1.100e-03 5.880e-04 3.170e-03 -1.000 1.000e-03 -2.262 2.327 0.496 -1.069 -1.969 -2.764 -3.866 -4.685 -4.866
0.01000 5.00e+09 1.2074897289    1.193  2.848  3.5821  0.947    0  0.000  0.463     0.00     0.00 -1  1.95e-09      0.00 7.000e-01 2.990e-01 1.100e-03 5.880e-04 3.170e-03 -1.000 1.000e-03 -2.350 2.340 0.476 -1.105 -2.021 -2.842 -3.961 -4.788 -4.975
0.01000 5.00e+09 1.2075302601    1.192  2.892  3.5783  0.887    0  0.000  0.463     0.00     0.00 -1  2.31e-09      0.00 7.000e-01 2.990e-01 1.100e-03 5.880e-04 3.170e-03 -1.000 1.000e-03 -2.460 2.353 0.454 -1.143 -2.080 -2.938 -4.080 -4.917 -5.109
0.01000 5.00e+09 1.2075673342    1.190  2.935  3.5743  0.828    0  0.000  0.463     0.00     0.00 -1  2.74e-09      0.00 7.000e-01 2.990e-01 1.100e-03 5.880e-04 3.170e-03 -1.000 1.000e-03 -2.567 2.370 0.437 -1.178 -2.137 -3.031 -4.197 -5.044 -5.242
0.01000 5.00e+09 1.2076017857    1.189  2.977  3.5702  0.769    0  0.000  0.463     0.00     0.00 -1  3.25e-09      0.00 7.000e-01 2.990e-01 1.100e-03 5.880e-04 3.170e-03 -1.000 1.000e-03 -2.673 2.391 0.424 -1.209 -2.191 -3.122 -4.313 -5.170 -5.375
0.01000 5.00e+09 1.2076332569    1.187  3.019  3.5663  0.711    0  0.000  0.463     0.00     0.00 -1  3.83e-09      0.00 7.000e-01 2.990e-01 1.100e-03 5.880e-04 3.170e-03 -1.000 1.000e-03 -2.776 2.400 0.423 -1.217 -2.224 -3.207 -4.427 -5.293 -5.504
0.01000 5.00e+09 1.2076624632    1.186  3.059  3.5623  0.654    0  0.000  0.463     0.00     0.00 -1  4.51e-09      0.00 7.000e-01 2.990e-01 1.100e-03 5.880e-04 3.170e-03 -1.000 1.000e-03 -2.878 2.411 0.426 -1.221 -2.255 -3.290 -4.538 -5.414 -5.631
0.01000 5.00e+09 1.2076896429    1.184  3.099  3.5583  0.597    0  0.000  0.463     0.00     0.00 -1   5.3e-09      0.00 7.000e-01 2.990e-01 1.100e-03 5.880e-04 3.170e-03 -1.000 1.000e-03 -2.978 2.423 0.432 -1.223 -2.284 -3.371 -4.648 -5.533 -5.757
0.01000 5.00e+09 1.2077140808    1.182  3.137  3.5544  0.543    0  0.000  0.463     0.00     0.00 -1  6.19e-09      0.00 7.000e-01 2.990e-01 1.100e-03 5.880e-04 3.170e-03 -1.000 1.000e-03 -3.073 2.433 0.448 -1.207 -2.299 -3.444 -4.754 -5.647 -5.877
0.01000 5.00e+09 1.2077373266    1.180  3.175  3.5504  0.488    0  0.000  0.463     0.00     0.00 -1  7.24e-09      0.00 7.000e-01 2.990e-01 1.100e-03 5.880e-04 3.170e-03 -1.000 1.000e-03 -3.168 2.439 0.482 -1.166 -2.297 -3.511 -4.862 -5.762 -5.999
0.01000 5.00e+09 1.2077587843    1.177  3.212  3.5464  0.434    0  0.000  0.463     0.00     0.00 -1  8.43e-09      0.00 7.000e-01 2.990e-01 1.100e-03 5.880e-04 3.170e-03 -1.000 1.000e-03 -3.261 2.448 0.522 -1.120 -2.290 -3.575 -4.966 -5.874 -6.117
0.01000 5.00e+09 1.2077790499    1.175  3.249  3.5423  0.380    0  0.000  0.463     0.00     0.00 -1  9.83e-09      0.00 7.000e-01 2.990e-01 1.100e-03 5.880e-04 3.170e-03 -1.000 1.000e-03 -3.352 2.459 0.566 -1.069 -2.280 -3.638 -5.071 -5.985 -6.235
0.01000 5.00e+09 1.2077977657    1.172  3.284  3.5383  0.328    0  0.000  0.463     0.00     0.00 -1  1.14e-08      0.00 7.000e-01 2.990e-01 1.100e-03 5.880e-04 3.170e-03 -1.000 1.000e-03 -3.441 2.465 0.636 -0.981 -2.248 -3.681 -5.173 -6.092 -6.348
0.01000 5.00e+09 1.2078156471    1.169  3.320  3.5342  0.275    0  0.000  0.463     0.00     0.00 -1  1.32e-08      0.00 7.000e-01 2.990e-01 1.100e-03 5.880e-04 3.170e-03 -1.000 1.000e-03 -3.529 2.472 0.711 -0.886 -2.210 -3.721 -5.275 -6.199 -6.462
0.01000 5.00e+09 1.2078318596    1.165  3.353  3.5304  0.225    0  0.000  0.463     0.00     0.00 -1  1.52e-08      0.00 7.000e-01 2.990e-01 1.100e-03 5.880e-04 3.170e-03 -1.000 9.999e-04 -3.612 2.481 0.787 -0.791 -2.171 -3.758 -5.370 -6.300 -6.570
0.01000 5.00e+09 1.2078475952    1.162  3.384  3.5266  0.178    0  0.000  0.463     0.00     0.00 -1  1.75e-08      0.00 7.000e-01 2.990e-01 1.100e-03 5.880e-04 3.170e-03 -1.000 1.000e-03 -3.689 2.489 0.872 -0.684 -2.124 -3.781 -5.460 -6.394 -6.670
0.01000 5.00e+09 1.2078518867    1.161  1.742  3.6808  2.435    4  0.000  0.463     0.00     0.00 -1         0      0.00 7.000e-01 2.990e-01 1.100e-03 5.880e-04 3.170e-03 -1.000 1.000e-03 0.414 2.446 1.761 0.733 0.185 -0.283 -0.963 -1.512 -1.579
0.01000 5.00e+09 1.2080690861    1.161  1.754  3.6799  2.421    4  0.000  0.463     0.00     0.00 -1         0      0.00 7.000e-01 2.990e-01 1.100e-03 5.880e-04 3.170e-03 -1.000 1.000e-03 0.385 2.435 1.742 0.709 0.159 -0.310 -0.994 -1.546 -1.613
0.01000 5.00e+09 1.2082779408    1.161  1.759  3.6797  2.415    4  0.000  0.463     0.00     0.00 -1         0      0.00 7.000e-01 2.990e-01 1.100e-03 5.880e-04 3.170e-03 -1.000 1.000e-03 0.374 2.428 1.733 0.699 0.148 -0.322 -1.007 -1.560 -1.627
0.01000 5.00e+09 1.2084889412    1.161  1.759  3.6798  2.415    4  0.000  0.463     0.00     0.00 -1         0      0.00 7.000e-01 2.990e-01 1.100e-03 5.880e-04 3.170e-03 -1.000 1.000e-03 0.372 2.424 1.729 0.696 0.146 -0.324 -1.008 -1.560 -1.627
0.01000 5.00e+09 1.2087078094    1.162  1.758  3.6802  2.417    4  0.000  0.463     0.00     0.00 -1         0      0.00 7.000e-01 2.990e-01 1.100e-03 5.880e-04 3.170e-03 -1.000 1.000e-03 0.374 2.420 1.728 0.697 0.147 -0.322 -1.005 -1.556 -1.623
0.01000 5.00e+09 1.2089234591    1.162  1.757  3.6805  2.420    4  0.000  0.463     0.00     0.00 -1         0      0.00 7.000e-01 2.990e-01 1.100e-03 5.880e-04 3.170e-03 -1.000 1.000e-03 0.377 2.417 1.728 0.698 0.149 -0.320 -1.001 -1.551 -1.617
0.01000 5.00e+09 1.2091398239    1.162  1.756  3.6809  2.423    4  0.000  0.463     0.00     0.00 -1         0      0.00 7.000e-01 2.990e-01 1.100e-03 5.880e-04 3.170e-03 -1.000 1.000e-03 0.380 2.413 1.727 0.699 0.151 -0.316 -0.996 -1.545 -1.611
0.01000 5.00e+09 1.2093579769    1.162  1.755  3.6813  2.426    4  0.000  0.463     0.00     0.00 -1         0      0.00 7.000e-01 2.990e-01 1.100e-03 5.880e-04 3.170e-03 -1.000 1.000e-03 0.384 2.410 1.727 0.700 0.154 -0.314 -0.992 -1.540 -1.606
0.01000 5.00e+09 1.2095690966    1.163  1.753  3.6817  2.429    4  0.000  0.463     0.00     0.00 -1         0      0.00 7.000e-01 2.990e-01 1.100e-03 5.880e-04 3.170e-03 -1.000 1.000e-03 0.387 2.406 1.726 0.701 0.156 -0.311 -0.988 -1.535 -1.600
0.01000 5.00e+09 1.2097893953    1.163  1.752  3.6820  2.431    4  0.000  0.463     0.00     0.00 -1         0      0.00 7.000e-01 2.990e-01 1.100e-03 5.880e-04 3.170e-03 -1.000 9.999e-04 0.389 2.403 1.725 0.701 0.157 -0.309 -0.985 -1.531 -1.596
0.01000 5.00e+09 1.2099910975    1.163  1.752  3.6823  2.433    4  0.000  0.463     0.00     0.00 -1         0      0.00 7.000e-01 2.990e-01 1.100e-03 5.880e-04 3.170e-03 -1.000 1.000e-03 0.390 2.399 1.723 0.701 0.158 -0.308 -0.982 -1.527 -1.592
0.01000 5.00e+09 1.2102018595    1.163  1.751  3.6826  2.435    4  0.000  0.463     0.00     0.00 -1         0      0.00 7.000e-01 2.990e-01 1.100e-03 5.880e-04 3.170e-03 -1.000 1.000e-03 0.391 2.395 1.722 0.701 0.158 -0.307 -0.980 -1.524 -1.589
0.01000 5.00e+09 1.2104009390    1.164  1.751  3.6828  2.436    4  0.000  0.463     0.00     0.00 -1         0      0.00 7.000e-01 2.990e-01 1.100e-03 5.880e-04 3.170e-03 -1.000 1.000e-03 0.392 2.391 1.720 0.701 0.158 -0.306 -0.979 -1.522 -1.587
0.01000 5.00e+09 1.2106024027    1.164  1.751  3.6831  2.437    4  0.000  0.463     0.00     0.00 -1         0      0.00 7.000e-01 2.990e-01 1.100e-03 5.880e-04 3.170e-03 -1.000 1.000e-03 0.393 2.388 1.718 0.700 0.158 -0.305 -0.977 -1.520 -1.585
0.01000 5.00e+09 1.2108186483    1.164  1.751  3.6833  2.438    4  0.000  0.463     0.00     0.00 -1         0      0.00 7.000e-01 2.990e-01 1.100e-03 5.880e-04 3.170e-03 -1.000 1.000e-03 0.393 2.384 1.716 0.699 0.158 -0.305 -0.976 -1.518 -1.583
0.01000 5.00e+09 1.2108449936    1.164  1.751  3.6833  2.439    4  0.000  0.463     0.00     0.00 -1         0      0.00 7.000e-01 2.990e-01 1.100e-03 5.880e-04 3.170e-03 -1.000 1.000e-03 0.393 2.383 1.716 0.699 0.158 -0.305 -0.976 -1.518 -1.583
0.01000 5.00e+09 1.2108701468    1.164  1.751  3.6834  2.439    4  0.000  0.463     0.00     0.00 -1         0      0.00 7.000e-01 2.990e-01 1.100e-03 5.880e-04 3.170e-03 -1.000 1.000e-03 0.393 2.383 1.716 0.699 0.158 -0.305 -0.976 -1.518 -1.582
0.01000 5.00e+09 1.2110861540    1.164  1.751  3.6836  2.439    4  0.000  0.463     0.00     0.00 -1         0      0.00 7.000e-01 2.990e-01 1.100e-03 5.880e-04 3.170e-03 -1.000 1.000e-03 0.393 2.379 1.714 0.698 0.157 -0.306 -0.976 -1.517 -1.581
0.01000 5.00e+09 1.2113097906    1.165  1.751  3.6837  2.440    4  0.000  0.463     0.00     0.00 -1         0      0.00 7.000e-01 2.990e-01 1.100e-03 5.880e-04 3.170e-03 -1.000 1.000e-03 0.392 2.376 1.711 0.697 0.156 -0.306 -0.976 -1.516 -1.581
0.01000 5.00e+09 1.2115223408    1.165  1.752  3.6839  2.440    4  0.000  0.463     0.00     0.00 -1         0      0.00 7.000e-01 2.990e-01 1.100e-03 5.880e-04 3.170e-03 -1.000 1.000e-03 0.391 2.372 1.709 0.695 0.155 -0.307 -0.976 -1.517 -1.581
0.01000 5.00e+09 1.2117288113    1.165  1.752  3.6840  2.440    4  0.000  0.463     0.00     0.00 -1         0      0.00 7.000e-01 2.990e-01 1.100e-03 5.880e-04 3.170e-03 -1.000 9.999e-04 0.390 2.369 1.707 0.693 0.153 -0.309 -0.978 -1.518 -1.582
0.01000 5.00e+09 1.2119343281    1.165  1.753  3.6840  2.439    4  0.000  0.463     0.00     0.00 -1         0      0.00 7.000e-01 2.990e-01 1.100e-03 5.880e-04 3.170e-03 -1.000 1.000e-03 0.387 2.366 1.704 0.690 0.151 -0.311 -0.980 -1.519 -1.584
0.01000 5.00e+09 1.2121397257    1.166  1.754  3.6841  2.438    4  0.000  0.463     0.00     0.00 -1         0      0.00 7.000e-01 2.990e-01 1.100e-03 5.880e-04 3.170e-03 -1.000 1.000e-03 0.384 2.363 1.701 0.687 0.148 -0.314 -0.983 -1.522 -1.586
0.01000 5.00e+09 1.2123526335    1.166  1.756  3.6840  2.437    4  0.000  0.463     0.00     0.00 -1         0      0.00 7.000e-01 2.990e-01 1.100e-03 5.880e-04 3.170e-03 -1.000 1.000e-03 0.381 2.359 1.697 0.684 0.144 -0.318 -0.986 -1.526 -1.590
0.01000 5.00e+09 1.2123869658    1.166  1.756  3.6840  2.437    4  0.000  0.463     0.00     0.00 -1         0      0.00 7.000e-01 2.990e-01 1.100e-03 5.880e-04 3.170e-03 -1.000 1.000e-03 0.380 2.359 1.697 0.683 0.143 -0.319 -0.987 -1.527 -1.591
0.01000 5.00e+09 1.2124263048    1.166  1.756  3.6840  2.436    4  0.000  0.463     0.00     0.00 -1         0      0.00 7.000e-01 2.990e-01 1.100e-03 5.880e-04 3.170e-03 -1.000 1.000e-03 0.379 2.358 1.696 0.682 0.143 -0.320 -0.988 -1.528 -1.592
0.01000 5.00e+09 1.2126244307    1.166  1.758  3.6839  2.434    4  0.000  0.463     0.00     0.00 -1         0      0.00 7.000e-01 2.990e-01 1.100e-03 5.880e-04 3.170e-03 -1.000 1.000e-03 0.374 2.355 1.692 0.678 0.138 -0.324 -0.993 -1.533 -1.597
0.01000 5.00e+09 1.2128206491    1.166  1.761  3.6838  2.431    4  0.000  0.463     0.00     0.00 -1         0      0.00 7.000e-01 2.990e-01 1.100e-03 5.880e-04 3.170e-03 -1.000 1.000e-03 0.368 2.352 1.688 0.672 0.132 -0.330 -1.000 -1.540 -1.604
0.01000 5.00e+09 1.2130197287    1.167  1.764  3.6836  2.428    4  0.000  0.463     0.00     0.00 -1         0      0.00 7.000e-01 2.990e-01 1.100e-03 5.880e-04 3.170e-03 -1.000 1.000e-03 0.361 2.349 1.682 0.666 0.126 -0.337 -1.007 -1.548 -1.613
0.01000 5.00e+09 1.2132126093    1.167  1.767  3.6833  2.423    4  0.000  0.463     0.00     0.00 -1         0      0.00 7.000e-01 2.990e-01 1.100e-03 5.880e-04 3.170e-03 -1.000 1.000e-03 0.353 2.346 1.677 0.659 0.118 -0.346 -1.017 -1.558 -1.623
0.01000 5.00e+09 1.2134062052    1.167  1.771  3.6829  2.418    4  0.000  0.463     0.00     0.00 -1         0      0.00 7.000e-01 2.990e-01 1.100e-03 5.880e-04 3.170e-03 -1.000 9.999e-04 0.343 2.343 1.670 0.651 0.108 -0.356 -1.028 -1.571 -1.635
0.01000 5.00e+09 1.2135999203    1.167  1.776  3.6825  2.412    4  0.000  0.463     0.00     0.00 -1         0      0.00 7.000e-01 2.990e-01 1.100e-03 5.880e-04 3.170e-03 -1.000 1.000e-03 0.331 2.339 1.663 0.641 0.098 -0.367 -1.041 -1.585 -1.650
0.01000 5.00e+09 1.2137910128    1.167  1.780  3.6821  2.406    4  0.000  0.463     0.00     0.00 -1         0      0.00 7.000e-01 2.990e-01 1.100e-03 5.880e-04 3.170e-03 -1.000 1.000e-03 0.320 2.336 1.656 0.631 0.087 -0.378 -1.054 -1.599 -1.664
0.01000 5.00e+09 1.2139829397    1.168  1.784  3.6818  2.401    4  0.000  0.463     0.00     0.00 -1         0      0.00 7.000e-01 2.990e-01 1.100e-03 5.880e-04 3.170e-03 -1.000 1.000e-03 0.311 2.332 1.650 0.624 0.079 -0.387 -1.063 -1.609 -1.675
0.01000 5.00e+09 1.2141938210    1.168  1.790  3.6813  2.393    4  0.000  0.463     0.00     0.00 -1         0      0.00 7.000e-01 2.990e-01 1.100e-03 5.880e-04 3.170e-03 -1.000 1.000e-03 0.296 2.328 1.641 0.612 0.066 -0.401 -1.080 -1.627 -1.693
0.01000 5.00e+09 1.2143970728    1.168  1.806  3.6797  2.370    4  0.000  0.463     0.00     0.00 -1         0      0.00 7.000e-01 2.990e-01 1.100e-03 5.880e-04 3.170e-03 -1.000 1.000e-03 0.255 2.317 1.616 0.580 0.029 -0.441 -1.126 -1.678 -1.745
0.01000 5.00e+09 1.2145965099    1.168  1.830  3.6773  2.336    4  0.000  0.463     0.00     0.00 -1         0      0.00 7.000e-01 2.990e-01 1.100e-03 5.880e-04 3.170e-03 -1.000 1.000e-03 0.194 2.301 1.580 0.532 -0.025 -0.500 -1.194 -1.753 -1.822
0.01000 5.00e+09 1.2147532701    1.169  1.866  3.6738  2.287    4  0.000  0.463     0.00     0.00 -1         0      0.00 7.000e-01 2.990e-01 1.100e-03 5.880e-04 3.170e-03 -1.000 1.000e-03 0.104 2.276 1.526 0.461 -0.106 -0.588 -1.294 -1.863 -1.934
0.01000 5.00e+09 1.2148295641    1.169  1.903  3.6704  2.236    4  0.000  0.463     0.00     0.00 -1         0      0.00 7.000e-01 2.990e-01 1.100e-03 5.880e-04 3.170e-03 -1.000 1.000e-03 0.012 2.251 1.470 0.387 -0.188 -0.677 -1.396 -1.975 -2.049
0.01000 5.00e+09 1.2148721218    1.169  1.943  3.6666  2.181    4  0.000  0.463     0.00     0.00 -1         0      0.00 7.000e-01 2.990e-01 1.100e-03 5.880e-04 3.170e-03 -1.000 1.000e-03 -0.089 2.224 1.409 0.308 -0.278 -0.774 -1.508 -2.097 -2.174
0.01000 5.00e+09 1.2148926258    1.169  1.983  3.6631  2.127    4  0.000  0.463     0.00     0.00 -1         0      0.00 7.000e-01 2.990e-01 1.100e-03 5.880e-04 3.170e-03 -1.000 1.000e-03 -0.187 2.197 1.350 0.231 -0.365 -0.869 -1.617 -2.216 -2.296
0.01000 5.00e+09 1.2149024010    1.169  2.020  3.6598  2.077    4  0.000  0.463     0.00     0.00 -1         0      0.00 7.000e-01 2.990e-01 1.100e-03 5.880e-04 3.170e-03 -1.000 1.000e-03 -0.279 2.173 1.296 0.159 -0.446 -0.957 -1.718 -2.326 -2.409
0.01000 5.00e+09 1.2149082422    1.169  2.057  3.6565  2.027    4  0.000  0.463     0.00     0.00 -1         0      0.00 7.000e-01 2.990e-01 1.100e-03 5.880e-04 3.170e-03 -1.000 1.000e-03 -0.372 2.148 1.240 0.086 -0.527 -1.045 -1.819 -2.436 -2.523
0.01000 5.00e+09 1.2149120569    1.169  2.090  3.6536  1.982    4  0.000  0.463     0.00     0.00 -1         0      0.00 7.000e-01 2.990e-01 1.100e-03 5.880e-04 3.170e-03 -1.000 1.000e-03 -0.455 2.129 1.191 0.022 -0.600 -1.125 -1.910 -2.535 -2.624
0.01000 5.00e+09 1.2149124146    1.169  2.094  3.6532  1.977    4  0.000  0.463     0.00     0.00 -1         0      0.00 7.000e-01 2.990e-01 1.100e-03 5.880e-04 3.170e-03 -1.000 1.000e-03 -0.465 2.127 1.186 0.014 -0.609 -1.134 -1.921 -2.547 -2.637
0.01000 5.00e+09 1.2149125338    1.169  2.095  3.6532  1.976    4  0.000  0.463     0.00     0.00 -1         0      0.00 7.000e-01 2.990e-01 1.100e-03 5.880e-04 3.170e-03 -1.000 1.000e-03 -0.466 2.127 1.185 0.013 -0.610 -1.135 -1.923 -2.549 -2.638
0.01000 5.00e+09 1.2149131298    1.169  2.101  3.6526  1.967    4  0.000  0.463     0.00     0.00 -1         0      0.00 7.000e-01 2.990e-01 1.100e-03 5.880e-04 3.170e-03 -1.000 1.000e-03 -0.484 2.124 1.176 0.001 -0.625 -1.151 -1.941 -2.569 -2.659
0.01000 5.00e+09 1.2149169445    1.169  2.147  3.6487  1.905    4  0.000  0.463     0.00     0.00 -1         0      0.00 7.000e-01 2.990e-01 1.100e-03 5.880e-04 3.170e-03 -1.000 1.000e-03 -0.597 2.107 1.113 -0.083 -0.722 -1.258 -2.065 -2.704 -2.798
0.01000 5.00e+09 1.2149199247    1.169  2.183  3.6457  1.858    4  0.000  0.463     0.00     0.00 -1         0      0.00 7.000e-01 2.990e-01 1.100e-03 5.880e-04 3.170e-03 -1.000 1.000e-03 -0.686 2.094 1.064 -0.149 -0.798 -1.342 -2.161 -2.808 -2.906
0.01000 5.00e+09 1.2149230242    1.169  2.208  3.6435  1.823    4  0.000  0.463     0.00     0.00 -1         0      0.00 7.000e-01 2.990e-01 1.100e-03 5.880e-04 3.170e-03 -1.000 1.000e-03 -0.751 2.085 1.029 -0.196 -0.853 -1.402 -2.231 -2.884 -2.984
0.01000 5.00e+09 1.2149274349    1.169  2.218  3.6427  1.811    4  0.000  0.463     0.00     0.00 -1         0      0.00 7.000e-01 2.990e-01 1.100e-03 5.880e-04 3.170e-03 -1.000 1.000e-03 -0.775 2.081 1.016 -0.215 -0.874 -1.425 -2.257 -2.912 -3.013
0.01000 5.00e+09 1.2149355412    1.169  2.192  3.6449  1.845    4  0.000  0.463     0.00     0.00 -1         0      0.00 7.000e-01 2.990e-01 1.100e-03 5.880e-04 3.170e-03 -1.000 1.000e-03 -0.711 2.088 1.050 -0.168 -0.820 -1.365 -2.188 -2.837 -2.935
0.01000 5.00e+09 1.2149419785    1.169  2.174  3.6466  1.870    4  0.000  0.463     0.00     0.00 -1         0      0.00 7.000e-01 2.990e-01 1.100e-03 5.880e-04 3.170e-03 -1.000 1.000e-03 -0.664 2.094 1.075 -0.133 -0.779 -1.321 -2.136 -2.781 -2.878
0.01000 5.00e+09 1.2149569988    1.169  2.143  3.6492  1.912    4  0.000  0.463     0.00     0.00 -1         0      0.00 7.000e-01 2.990e-01 1.100e-03 5.880e-04 3.170e-03 -1.000 1.000e-03 -0.587 2.106 1.117 -0.076 -0.714 -1.249 -2.053 -2.690 -2.784
0.01000 5.00e+09 1.2150745392    1.169  2.156  3.6480  1.894    4  0.000  0.463     0.00     0.00 -1         0      0.00 7.000e-01 2.990e-01 1.100e-03 5.880e-04 3.170e-03 -1.000 1.000e-03 -0.619 2.103 1.101 -0.099 -0.741 -1.278 -2.088 -2.728 -2.823
0.01000 5.00e+09 1.2151659727    1.169  2.189  3.6450  1.849    4  0.000  0.463     0.00     0.00 -1         0      0.00 7.000e-01 2.990e-01 1.100e-03 5.880e-04 3.170e-03 -1.000 1.000e-03 -0.704 2.092 1.056 -0.161 -0.813 -1.358 -2.180 -2.829 -2.927
0.01000 5.00e+09 1.2152482271    1.169  2.233  3.6412  1.790    4  0.000  0.463     0.00     0.00 -1         0      0.00 7.000e-01 2.990e-01 1.100e-03 5.880e-04 3.170e-03 -1.000 1.000e-03 -0.813 2.081 0.998 -0.241 -0.905 -1.460 -2.298 -2.958 -3.060
0.01000 5.00e+09 1.2153182030    1.169  2.276  3.6376  1.733    4  0.000  0.463     0.00     0.00 -1         0      0.00 7.000e-01 2.990e-01 1.100e-03 5.880e-04 3.170e-03 -1.000 1.000e-03 -0.919 2.072 0.943 -0.317 -0.995 -1.559 -2.413 -3.082 -3.189
0.01000 5.00e+09 1.2153775692    1.169  2.318  3.6340  1.677    4  0.000  0.463     0.00     0.00 -1         0      0.00 7.000e-01 2.990e-01 1.100e-03 5.880e-04 3.170e-03 -1.000 1.000e-03 -1.024 2.067 0.890 -0.391 -1.082 -1.657 -2.527 -3.205 -3.316
0.01000 5.00e+09 1.2154284716    1.169  2.359  3.6305  1.621    4  0.000  0.463     0.00     0.00 -1         0      0.00 7.000e-01 2.990e-01 1.100e-03 5.880e-04 3.170e-03 -1.000 1.000e-03 -1.127 2.063 0.839 -0.464 -1.168 -1.753 -2.638 -3.325 -3.442
0.01000 5.00e+09 1.2154726982    1.169  2.400  3.6270  1.566    4  0.000  0.463     0.00     0.00 -1         0      0.00 7.000e-01 2.990e-01 1.100e-03 5.880e-04 3.170e-03 -1.000 1.000e-03 -1.229 2.062 0.789 -0.535 -1.253 -1.848 -2.748 -3.445 -3.566
0.01000 5.00e+09 1.2155114412    1.169  2.440  3.6236  1.512    4  0.000  0.463     0.00     0.00 -1         0      0.00 7.000e-01 2.990e-01 1.100e-03 5.880e-04 3.170e-03 -1.000 1.000e-03 -1.331 2.063 0.742 -0.604 -1.335 -1.941 -2.857 -3.563 -3.689
0.01000 5.00e+09 1.2155460119    1.169  2.481  3.6202  1.458    4  0.000  0.463     0.00     0.00 -1         0      0.00 7.000e-01 2.990e-01 1.100e-03 5.880e-04 3.170e-03 -1.000 9.999e-04 -1.431 2.071 0.698 -0.670 -1.415 -2.034 -2.965 -3.680 -3.811
0.01000 5.00e+09 1.2155774832    1.169  2.521  3.6167  1.404    4  0.000  0.463     0.00     0.00 -1         0      0.00 7.000e-01 2.990e-01 1.100e-03 5.880e-04 3.170e-03 -1.000 1.000e-03 -1.533 2.084 0.656 -0.735 -1.496 -2.127 -3.074 -3.799 -3.935
0.01000 5.00e+09 1.2156064510    1.170  2.562  3.6132  1.349    4  0.000  0.463     0.00     0.00 -1         0      0.00 7.000e-01 2.990e-01 1.100e-03 5.880e-04 3.170e-03 -1.000 1.000e-03 -1.634 2.099 0.614 -0.801 -1.576 -2.220 -3.183 -3.917 -4.058
0.01000 5.00e+09 1.2156335115    1.170  2.603  3.6096  1.294    4  0.000  0.463     0.00     0.00 -1         0      0.00 7.000e-01 2.990e-01 1.100e-03 5.880e-04 3.170e-03 -1.000 1.000e-03 -1.736 2.113 0.575 -0.862 -1.654 -2.313 -3.293 -4.037 -4.183
0.01000 5.00e+09 1.2156585455    1.170  2.643  3.6061  1.240    4  0.000  0.463     0.00     0.00 -1         0      0.00 7.000e-01 2.990e-01 1.100e-03 5.880e-04 3.170e-03 -1.000 1.000e-03 -1.837 2.127 0.538 -0.921 -1.728 -2.403 -3.401 -4.155 -4.307
0.01000 5.00e+09 1.2156826258    1.170  2.684  3.6026  1.185    4  0.000  0.463     0.00     0.00 -1         0      0.00 7.000e-01 2.990e-01 1.100e-03 5.880e-04 3.170e-03 -1.000 1.000e-03 -1.939 2.142 0.500 -0.981 -1.803 -2.495 -3.510 -4.274 -4.431
0.01000 5.00e+09 1.2157052755    1.170  2.725  3.5989  1.129    4  0.000  0.463     0.00     0.00 -1         0      0.00 7.000e-01 2.990e-01 1.100e-03 5.880e-04 3.170e-03 -1.000 1.000e-03 -2.042 2.160 0.464 -1.040 -1.879 -2.588 -3.620 -4.395 -4.558
0.01000 5.00e+09 1.2157264948    1.170  2.764  3.5954  1.075    4  0.000  0.463     0.00     0.00 -1         0      0.00 7.000e-01 2.990e-01 1.100e-03 5.880e-04 3.170e-03 -1.000 1.000e-03 -2.140 2.175 0.433 -1.091 -1.946 -2.675 -3.726 -4.511 -4.679
0.01000 5.00e+09 1.2157477140    1.170  2.804  3.5917  1.021    4  0.000  0.463     0.00     0.00 -1         0      0.00 7.000e-01 2.990e-01 1.100e-03 5.880e-04 3.170e-03 -1.000 1.000e-03 -2.240 2.190 0.405 -1.139 -2.011 -2.764 -3.834 -4.630 -4.803
0.01000 5.00e+09 1.2157665491    1.170  2.844  3.5880  0.966    4  0.000  0.463     0.00     0.00 -1         0      0.00 7.000e-01 2.990e-01 1.100e-03 5.880e-04 3.170e-03 -1.000 1.000e-03 -2.341 2.212 0.379 -1.185 -2.075 -2.852 -3.941 -4.749 -4.928
0.01000 5.00e+09 1.2157801390    1.170  2.882  3.5844  0.913    4  0.000  0.463     0.00     0.00 -1         0      0.00 7.000e-01 2.990e-01 1.100e-03 5.880e-04 3.170e-03 -1.000 1.000e-03 -2.436 2.239 0.359 -1.228 -2.135 -2.936 -4.044 -4.862 -5.046
0.01000 5.00e+09 1.2157893181    1.170  2.916  3.5811  0.866    4  0.000  0.463     0.00     0.00 -1         0      0.00 7.000e-01 2.990e-01 1.100e-03 5.880e-04 3.170e-03 -1.000 1.000e-03 -2.521 2.257 0.347 -1.253 -2.179 -3.010 -4.137 -4.964 -5.153
0.01000 5.00e+09 1.2157973051    1.170  2.953  3.5774  0.814    4  0.000  0.463     0.00     0.00 -1         0      0.00 7.000e-01 2.990e-01 1.100e-03 5.880e-04 3.170e-03 -1.000 1.000e-03 -2.614 2.277 0.337 -1.278 -2.224 -3.089 -4.238 -5.074 -5.270
0.01000 5.00e+09 1.2158045769    1.170  2.992  3.5736  0.761    4  0.000  0.463     0.00     0.00 -1         0      0.00 7.000e-01 2.990e-01 1.100e-03 5.880e-04 3.170e-03 -1.000 1.000e-03 -2.709 2.299 0.329 -1.303 -2.269 -3.170 -4.343 -5.189 -5.390
0.01000 5.00e+09 1.2158111334    1.170  3.030  3.5696  0.707    4  0.000  0.463     0.00     0.00 -1         0      0.00 7.000e-01 2.990e-01 1.100e-03 5.880e-04 3.170e-03 -1.000 1.000e-03 -2.804 2.323 0.324 -1.324 -2.312 -3.251 -4.446 -5.303 -5.511
0.01000 5.00e+09 1.2158176899    1.170  3.069  3.5655  0.651    4  0.000  0.463     0.00     0.00 -1         0      0.00 7.000e-01 2.990e-01 1.100e-03 5.880e-04 3.170e-03 -1.000 1.000e-03 -2.902 2.337 0.332 -1.321 -2.337 -3.330 -4.556 -5.422 -5.636
0.01000 5.00e+09 1.2158242464    1.170  3.112  3.5608  0.590    4  0.000  0.463     0.00     0.00 -1         0      0.00 7.000e-01 2.990e-01 1.100e-03 5.880e-04 3.170e-03 -1.000 1.000e-03 -3.010 2.356 0.345 -1.316 -2.362 -3.416 -4.675 -5.552 -5.773
0.01000 5.00e+09 1.2158315182    1.170  3.156  3.5559  0.525    4  0.000  0.463     0.00     0.00 -1         0      0.00 7.000e-01 2.990e-01 1.100e-03 5.880e-04 3.170e-03 -1.000 1.000e-03 -3.121 2.379 0.364 -1.305 -2.385 -3.503 -4.798 -5.687 -5.916
0.01000 5.00e+09 1.2158393860    1.170  3.198  3.5511  0.464    4  0.000  0.463     0.00     0.00 -1         0      0.00 7.000e-01 2.990e-01 1.100e-03 5.880e-04 3.170e-03 -1.000 1.000e-03 -3.226 2.392 0.413 -1.246 -2.372 -3.574 -4.918 -5.816 -6.052
0.01000 5.00e+09 1.2158427238    1.170  3.216  3.5491  0.438    4  0.000  0.463     0.00     0.00 -1         0      0.00 7.000e-01 2.990e-01 1.100e-03 5.880e-04 3.170e-03 -1.000 1.000e-03 -3.270 2.399 0.436 -1.220 -2.366 -3.604 -4.969 -5.870 -6.110
0.01000 5.00e+09 1.2158436775    1.170  3.214  3.5494  0.442    4  0.000  0.463     0.00     0.00 -1         0      0.00 7.000e-01 2.990e-01 1.100e-03 5.880e-04 3.170e-03 -1.000 1.000e-03 -3.264 2.397 0.431 -1.225 -2.368 -3.600 -4.961 -5.862 -6.101
0.01000 5.00e+09 1.2158437967    1.170  3.211  3.5498  0.447    4  0.000  0.463     0.00     0.00 -1         0      0.00 7.000e-01 2.990e-01 1.100e-03 5.880e-04 3.170e-03 -1.000 1.000e-03 -3.256 2.396 0.427 -1.230 -2.370 -3.595 -4.953 -5.853 -6.091
0.01000 5.00e+09 1.2158439159    1.170  3.208  3.5501  0.450    4  0.000  0.463     0.00     0.00 -1         0      0.00 7.000e-01 2.990e-01 1.100e-03 5.880e-04 3.170e-03 -1.000 1.000e-03 -3.250 2.395 0.424 -1.234 -2.371 -3.591 -4.946 -5.845 -6.083
0.01000 5.00e+09 1.2158441544    1.170  3.209  3.5499  0.448    4  0.000  0.463     0.00     0.00 -1         0      0.00 7.000e-01 2.990e-01 1.100e-03 5.880e-04 3.170e-03 -1.000 1.000e-03 -3.254 2.395 0.425 -1.232 -2.371 -3.593 -4.949 -5.849 -6.087
0.01000 5.00e+09 1.2158443928    1.170  3.211  3.5497  0.446    4  0.000  0.463     0.00     0.00 -1         0      0.00 7.000e-01 2.990e-01 1.100e-03 5.880e-04 3.170e-03 -1.000 1.000e-03 -3.258 2.396 0.427 -1.230 -2.370 -3.596 -4.954 -5.854 -6.093
0.01000 5.00e+09 1.2158446312    1.170  3.212  3.5496  0.445    4  0.000  0.463     0.00     0.00 -1         0      0.00 7.000e-01 2.990e-01 1.100e-03 5.880e-04 3.170e-03 -1.000 1.000e-03 -3.260 2.396 0.429 -1.228 -2.369 -3.598 -4.957 -5.857 -6.096
0.01000 5.00e+09 1.2158449888    1.170  3.213  3.5495  0.443    4  0.000  0.463     0.00     0.00 -1         0      0.00 7.000e-01 2.990e-01 1.100e-03 5.880e-04 3.170e-03 -1.000 1.000e-03 -3.262 2.396 0.430 -1.227 -2.369 -3.599 -4.959 -5.859 -6.098
0.01000 5.00e+09 1.2158455849    1.170  3.161  3.5553  0.518    4  0.000  0.463     0.00     0.00 -1         0      0.00 7.000e-01 2.990e-01 1.100e-03 5.880e-04 3.170e-03 -1.000 1.000e-03 -3.133 2.381 0.370 -1.297 -2.382 -3.511 -4.812 -5.702 -5.932
0.01000 5.00e+09 1.2158461809    1.170  3.222  3.5483  0.429    4  0.000  0.463     0.00     0.00 -1         0      0.00 7.000e-01 2.990e-01 1.100e-03 5.880e-04 3.170e-03 -1.000 1.000e-03 -3.286 2.401 0.445 -1.209 -2.363 -3.614 -4.987 -5.889 -6.130
0.01000 5.00e+09 1.2158471346    1.170  3.268  3.5427  0.361    4  0.000  0.463     0.00     0.00 -1         0      0.00 7.000e-01 2.990e-01 1.100e-03 5.880e-04 3.170e-03 -1.000 1.000e-03 -3.399 2.423 0.515 -1.128 -2.338 -3.688 -5.117 -6.030 -6.279
0.01000 5.00e+09 1.2158483267    1.170  3.301  3.5385  0.311    4  0.000  0.463     0.00     0.00 -1         0      0.00 7.000e-01 2.990e-01 1.100e-03 5.880e-04 3.170e-03 -1.000 9.999e-04 -3.483 2.436 0.595 -1.028 -2.294 -3.725 -5.214 -6.133 -6.390
0.01000 5.00e+09 1.2158499956    1.170  3.352  3.5318  0.233    4  0.528  0.463     0.00     0.00 -1         0      0.00 7.000e-01 2.990e-01 1.100e-03 5.880e-04 3.170e-03 -1.000 1.000e-03 -3.610 2.457 0.733 -0.855 -2.216 -3.774 -5.364 -6.291 -6.559
0.01000 5.00e+09 1.2158519030    1.170  3.396  3.5263  0.167    4  0.528  0.463     0.00     0.00 -1         0      0.00 7.000e-01 2.990e-01 1.100e-03 5.880e-04 3.170e-03 -1.000 1.000e-03 -3.720 2.472 0.862 -0.692 -2.140 -3.804 -5.492 -6.426 -6.703
0.01000 5.00e+09 1.2158520222    1.170  3.396  3.5232  0.155    8  0.528  0.427   126.53    66.26  1 -1.39e-07      0.00 6.993e-01 2.906e-01 1.411e-03 9.668e-04 4.411e-03 -1.000 1.006e-02 -3.720 2.515 0.995 -0.526 -2.030 -3.747 -5.502 -6.439 -6.721
0.01000 5.00e+09 1.2158521414    1.169  3.148  3.5532  0.522    8  0.528  0.427    57.28    33.40  1 -5.09e-08      0.00 6.993e-01 2.906e-01 1.411e-03 9.668e-04 4.411e-03 -1.000 1.006e-02 -3.101 2.437 0.457 -1.198 -2.300 -3.464 -4.786 -5.681 -5.913
0.01000 5.00e+09 1.2158522606    1.169  3.039  3.5666  0.686    8  0.528  0.427    40.29    24.64  1 -3.41e-08      0.00 6.993e-01 2.906e-01 1.411e-03 9.668e-04 4.411e-03 -1.000 1.006e-02 -2.827 2.367 0.374 -1.273 -2.280 -3.259 -4.477 -5.341 -5.553
0.01000 5.00e+09 1.2158526182    1.168  2.857  3.5886  0.954    8  0.528  0.427    22.55    14.92  1 -1.91e-08      0.00 6.993e-01 2.906e-01 1.411e-03 9.668e-04 4.411e-03 -1.000 1.006e-02 -2.373 2.176 0.340 -1.226 -2.114 -2.887 -3.974 -4.778 -4.957
0.01000 5.00e+09 1.2158532143    1.167  2.878  3.5860  0.923    8  0.528  0.427    24.12    15.80  1 -2.03e-08      0.00 6.993e-01 2.906e-01 1.411e-03 9.668e-04 4.411e-03 -1.000 1.006e-02 -2.424 2.207 0.340 -1.239 -2.140 -2.930 -4.030 -4.842 -5.025
0.01000 5.00e+09 1.2158538103    1.166  2.999  3.5711  0.742    8  0.529  0.427    35.69    22.17  1 -2.99e-08      0.00 6.993e-01 2.906e-01 1.411e-03 9.668e-04 4.411e-03 -1.000 1.006e-02 -2.728 2.343 0.362 -1.277 -2.256 -3.180 -4.367 -5.220 -5.425
0.01000 5.00e+09 1.2158546448    1.164  3.162  3.5509  0.497    8  0.529  0.427    60.44    34.95  1 -5.37e-08      0.00 6.993e-01 2.906e-01 1.411e-03 9.668e-04 4.411e-03 -1.000 1.006e-02 -3.136 2.455 0.494 -1.154 -2.279 -3.483 -4.827 -5.727 -5.962
0.01000 5.00e+09 1.2158555984    1.162  3.302  3.5336  0.288    8  0.529  0.427    94.97    51.63  1 -9.39e-08      0.00 6.993e-01 2.906e-01 1.411e-03 9.668e-04 4.411e-03 -1.000 1.006e-02 -3.485 2.513 0.772 -0.817 -2.147 -3.669 -5.232 -6.158 -6.421
0.01000 5.00e+09 1.2158567905    1.159  3.395  3.5218  0.146    8  0.529  0.427   128.89    67.20  1  -1.4e-07      0.00 6.993e-01 2.906e-01 1.411e-03 9.668e-04 4.411e-03 -1.000 1.006e-02 -3.719 2.539 1.059 -0.449 -1.978 -3.719 -5.505 -6.444 -6.728
0.01000 5.00e+09 1.2158581018    1.156  3.449  3.5149  0.064    8  0.530  0.427   153.76    78.24  0 -1.77e-07      0.00 6.993e-01 2.906e-01 1.411e-03 9.668e-04 4.411e-03 -1.000 1.006e-02 -3.852 2.556 1.264 -0.183 -1.849 -3.716 -5.662 -6.607 -6.903
0.01000 5.00e+09 1.2158595324    1.153  3.478  3.5108  0.017    8  0.530  0.427   170.19    85.37  0 -2.02e-07      0.00 6.993e-01 2.906e-01 1.411e-03 9.668e-04 4.411e-03 -1.000 1.006e-02 -3.926 2.564 1.394 -0.010 -1.764 -3.693 -5.750 -6.697 -7.001
0.01000 5.00e+09 1.2158612013    1.150  3.500  3.5077 -0.019    8  0.531  0.427   183.71    91.15  0 -2.23e-07      0.00 6.993e-01 2.906e-01 1.411e-03 9.668e-04 4.411e-03 -1.000 1.006e-02 -3.980 2.569 1.502 0.133 -1.692 -3.667 -5.815 -6.764 -7.073
0.01000 5.00e+09 1.2158613205    1.149  3.317  3.5303  0.255    8  0.531  0.427   101.82    54.72  1 -1.01e-07      0.00 6.993e-01 2.906e-01 1.411e-03 9.668e-04 4.411e-03 -1.000 1.006e-02 -3.522 2.544 0.864 -0.706 -2.083 -3.668 -5.280 -6.211 -6.480
0.01000 5.00e+09 1.2158614397    1.149  3.150  3.5509  0.503    8  0.531  0.427    59.53    34.41  1 -5.17e-08      0.00 6.993e-01 2.906e-01 1.411e-03 9.668e-04 4.411e-03 -1.000 1.006e-02 -3.106 2.480 0.522 -1.124 -2.248 -3.453 -4.797 -5.697 -5.933
0.01000 5.00e+09 1.2158617973    1.148  2.967  3.5736  0.777    8  0.531  0.427    33.00    20.66  1 -2.71e-08      0.00 6.993e-01 2.906e-01 1.411e-03 9.668e-04 4.411e-03 -1.000 1.006e-02 -2.648 2.345 0.384 -1.244 -2.209 -3.110 -4.281 -5.128 -5.329
0.01000 5.00e+09 1.2158623934    1.146  2.985  3.5714  0.750    8  0.531  0.427    34.98    21.71  1 -2.88e-08      0.00 6.993e-01 2.906e-01 1.411e-03 9.668e-04 4.411e-03 -1.000 1.006e-02 -2.692 2.366 0.389 -1.247 -2.224 -3.145 -4.330 -5.183 -5.387
0.01000 5.00e+09 1.2158629894    1.144  3.101  3.5569  0.575    8  0.531  0.427    50.95    30.05  1 -4.32e-08      0.00 6.993e-01 2.906e-01 1.411e-03 9.668e-04 4.411e-03 -1.000 1.006e-02 -2.982 2.460 0.465 -1.192 -2.263 -3.369 -4.656 -5.544 -5.770
0.01000 5.00e+09 1.2158638239    1.142  3.256  3.5373  0.341    8  0.532  0.427    84.50    46.51  1 -7.89e-08      0.00 6.993e-01 2.906e-01 1.411e-03 9.668e-04 4.411e-03 -1.000 1.006e-02 -3.371 2.535 0.733 -0.872 -2.149 -3.599 -5.105 -6.027 -6.284
0.01000 5.00e+09 1.2158648968    1.139  3.388  3.5207  0.142    8  0.532  0.427   129.78    67.37  1 -1.37e-07      0.00 6.993e-01 2.906e-01 1.411e-03 9.668e-04 4.411e-03 -1.000 1.006e-02 -3.699 2.575 1.128 -0.367 -1.917 -3.678 -5.490 -6.430 -6.715
0.01000 5.00e+09 1.2158660889    1.136  3.473  3.5097  0.011    8  0.533  0.427   171.90    85.85  0    -2e-07      0.00 6.993e-01 2.906e-01 1.411e-03 9.669e-04 4.411e-03 -1.000 1.006e-02 -3.912 2.592 1.460 0.070 -1.707 -3.651 -5.740 -6.688 -6.994
0.01000 5.00e+09 1.2158674002    1.132  3.518  3.5037 -0.059    8  0.533  0.427   199.87    97.73  0 -2.45e-07      0.00 6.993e-01 2.906e-01 1.411e-03 9.669e-04 4.411e-03 -1.000 1.006e-02 -4.024 2.597 1.663 0.340 -1.575 -3.609 -5.874 -6.824 -7.140
0.01000 5.00e+09 1.2158688307    1.128  3.538  3.5007 -0.093    8  0.534  0.427   215.22   104.10  0  -2.7e-07      0.00 6.993e-01 2.906e-01 1.411e-03 9.669e-04 4.411e-03 -1.000 1.006e-02 -4.076 2.604 1.773 0.487 -1.501 -3.580 -5.937 -6.888 -7.210
0.01000 5.00e+09 1.2158704996    1.124  3.550  3.4987 -0.115    8  0.534  0.427   225.43   108.26  0 -2.86e-07      0.00 6.993e-01 2.906e-01 1.411e-03 9.669e-04 4.411e-03 -1.000 1.006e-02 -4.106 2.608 1.834 0.564 -1.463 -3.562 -5.974 -6.926 -7.250
0.01000 5.00e+09 1.2158706188    1.123  3.378  3.5206  0.145    8  0.534  0.427   128.63    66.65  1 -1.34e-07      0.00 6.993e-01 2.906e-01 1.411e-03 9.669e-04 4.411e-03 -1.000 1.006e-02 -3.675 2.596 1.153 -0.341 -1.891 -3.653 -5.466 -6.406 -6.691
0.01000 5.00e+09 1.2158708572    1.123  3.213  3.5416  0.394    8  0.535  0.427    75.18    41.89  1 -6.76e-08      0.00 6.993e-01 2.906e-01 1.411e-03 9.669e-04 4.411e-03 -1.000 1.006e-02 -3.262 2.545 0.671 -0.956 -2.172 -3.541 -4.982 -5.899 -6.148
0.01000 5.00e+09 1.2158712149    1.121  3.030  3.5650  0.670    8  0.535  0.427    41.45    25.03  1 -3.44e-08      0.00 6.993e-01 2.906e-01 1.411e-03 9.669e-04 4.411e-03 -1.000 1.006e-02 -2.804 2.428 0.437 -1.212 -2.229 -3.229 -4.458 -5.327 -5.541
0.01000 5.00e+09 1.2158718109    1.119  3.047  3.5627  0.643    8  0.535  0.427    43.89    26.29  1 -3.65e-08      0.00 6.993e-01 2.906e-01 1.411e-03 9.669e-04 4.411e-03 -1.000 1.006e-02 -2.846 2.445 0.452 -1.199 -2.231 -3.261 -4.506 -5.380 -5.597
0.01000 5.00e+09 1.2158725262    1.117  3.159  3.5482  0.471    8  0.535  0.427    63.56    36.19  1 -5.52e-08      0.00 6.993e-01 2.906e-01 1.411e-03 9.669e-04 4.411e-03 -1.000 1.006e-02 -3.128 2.524 0.590 -1.051 -2.202 -3.455 -4.827 -5.732 -5.972
0.01000 5.00e+09 1.2158733606    1.113  3.310  3.5286  0.242    8  0.536  0.427   104.35    55.52  1 -1.01e-07      0.00 6.993e-01 2.906e-01 1.411e-03 9.669e-04 4.411e-03 -1.000 1.006e-02 -3.504 2.594 0.947 -0.612 -2.012 -3.630 -5.268 -6.201 -6.472
0.01000 5.00e+09 1.2158744335    1.110  3.436  3.5121  0.047    8  0.536  0.427   158.64    79.69  0 -1.75e-07      0.00 6.993e-01 2.906e-01 1.411e-03 9.669e-04 4.411e-03 -1.000 1.006e-02 -3.821 2.628 1.425 0.010 -1.712 -3.621 -5.641 -6.588 -6.889
0.01000 5.00e+09 1.2158757448    1.105  3.518  3.5013 -0.079    8  0.537  0.427   208.30   100.75  0 -2.52e-07      0.00 6.993e-01 2.906e-01 1.411e-03 9.669e-04 4.411e-03 -1.000 1.006e-02 -4.025 2.636 1.786 0.493 -1.478 -3.546 -5.883 -6.835 -7.155
0.01000 5.00e+09 1.2158771753    1.100  3.560  3.4955 -0.146    8  0.538  0.427   240.45   113.95  0 -3.06e-07      0.00 6.993e-01 2.906e-01 1.411e-03 9.669e-04 4.411e-03 -1.000 1.006e-02 -4.129 2.634 1.942 0.692 -1.386 -3.510 -6.008 -6.961 -7.289
0.01000 5.00e+09 1.2158787251    1.095  3.578  3.4926 -0.178    8  0.539  0.427   257.33   120.69  0 -3.34e-07      0.00 6.993e-01 2.906e-01 1.411e-03 9.669e-04 4.411e-03 -1.000 1.006e-02 -4.174 2.637 2.018 0.784 -1.342 -3.488 -6.064 -7.017 -7.349
0.01000 5.00e+09 1.2158805132    1.089  3.587  3.4909 -0.197    8  0.539  0.427   267.96   124.83  0 -3.52e-07      0.00 6.993e-01 2.906e-01 1.411e-03 9.669e-04 4.411e-03 -1.000 1.006e-02 -4.198 2.643 2.070 0.846 -1.309 -3.469 -6.094 -7.047 -7.382
0.01000 5.00e+09 1.2158806324    1.088  3.429  3.5115  0.044    8  0.539  0.427   159.39    79.66  0 -1.73e-07      0.00 6.993e-01 2.906e-01 1.411e-03 9.669e-04 4.411e-03 -1.000 1.006e-02 -3.802 2.656 1.474 0.067 -1.669 -3.586 -5.623 -6.571 -6.873
0.01000 5.00e+09 1.2158808708    1.087  3.266  3.5326  0.291    8  0.540  0.427    93.54    50.24  1 -8.66e-08      0.00 6.993e-01 2.906e-01 1.411e-03 9.669e-04 4.411e-03 -1.000 1.006e-02 -3.394 2.613 0.897 -0.682 -2.025 -3.567 -5.145 -6.073 -6.337
0.01000 5.00e+09 1.2158812284    1.085  3.083  3.5562  0.567    8  0.540  0.427    51.51    29.98  1 -4.29e-08      0.00 6.993e-01 2.906e-01 1.411e-03 9.669e-04 4.411e-03 -1.000 1.006e-02 -2.938 2.521 0.526 -1.133 -2.208 -3.322 -4.614 -5.503 -5.731
0.01000 5.00e+09 1.2158819437    1.082  3.100  3.5539  0.540    8  0.540  0.427    54.61    31.52  1 -4.57e-08      0.00 6.993e-01 2.906e-01 1.411e-03 9.669e-04 4.411e-03 -1.000 1.006e-02 -2.980 2.534 0.555 -1.099 -2.195 -3.348 -4.662 -5.557 -5.787
0.01000 5.00e+09 1.2158826590    1.079  3.209  3.5394  0.371    8  0.541  0.427    78.61    43.15  1 -6.97e-08      0.00 6.993e-01 2.906e-01 1.411e-03 9.669e-04 4.411e-03 -1.000 1.006e-02 -3.254 2.601 0.766 -0.848 -2.096 -3.507 -4.981 -5.901 -6.154
0.01000 5.00e+09 1.2158836126    1.074  3.355  3.5200  0.146    8  0.541  0.427   127.71    65.58  0 -1.28e-07      0.00 6.993e-01 2.906e-01 1.411e-03 9.669e-04 4.411e-03 -1.000 1.006e-02 -3.618 2.658 1.233 -0.253 -1.814 -3.585 -5.411 -6.352 -6.638
0.01000 5.00e+09 1.2158848047    1.069  3.478  3.5036 -0.045    8  0.542  0.427   192.53    93.41  0 -2.19e-07      0.00 6.993e-01 2.906e-01 1.411e-03 9.669e-04 4.411e-03 -1.000 1.006e-02 -3.925 2.683 1.755 0.437 -1.476 -3.509 -5.775 -6.726 -7.041
0.01000 5.00e+09 1.2158862352    1.063  3.557  3.4928 -0.169    8  0.543  0.427   251.64   117.58  0 -3.15e-07      0.00 6.993e-01 2.906e-01 1.411e-03 9.669e-04 4.411e-03 -1.000 1.006e-02 -4.121 2.681 2.058 0.825 -1.296 -3.440 -6.010 -6.963 -7.295
0.01000 5.00e+09 1.2158877850    1.056  3.597  3.4869 -0.236    8  0.543  0.427   290.26   132.81  0 -3.82e-07      0.00 6.993e-01 2.906e-01 1.411e-03 9.669e-04 4.411e-03 -1.000 1.006e-02 -4.222 2.683 2.213 1.013 -1.207 -3.397 -6.131 -7.086 -7.426
0.01000 5.00e+09 1.2158895731    1.048  3.614  3.4839 -0.268    8  0.544  0.427   311.25   140.83  0 -4.18e-07      0.00 6.993e-01 2.906e-01 1.411e-03 9.669e-04 4.411e-03 -1.000 1.006e-02 -4.266 2.687 2.275 1.079 -1.175 -3.380 -6.185 -7.140 -7.484
0.01000 5.00e+09 1.2158914804    1.040  3.624  3.4820 -0.289    8  0.546  0.427   325.24   145.99  0 -4.41e-07      0.00 6.993e-01 2.906e-01 1.411e-03 9.669e-04 4.411e-03 -1.000 1.006e-02 -4.289 2.693 2.315 1.118 -1.154 -3.367 -6.215 -7.170 -7.515
0.01000 5.00e+09 1.2158915997    1.039  3.481  3.5010 -0.071    8  0.546  0.427   202.97    97.10  0 -2.31e-07      0.00 6.993e-01 2.906e-01 1.411e-03 9.669e-04 4.411e-03 -1.000 1.006e-02 -3.933 2.722 1.882 0.596 -1.378 -3.449 -5.792 -6.744 -7.064
0.01000 5.00e+09 1.2158918381    1.036  3.321  3.5224  0.175    8  0.546  0.427   119.59    61.43  0 -1.15e-07      0.00 6.993e-01 2.906e-01 1.411e-03 9.669e-04 4.411e-03 -1.000 1.006e-02 -3.532 2.694 1.206 -0.300 -1.815 -3.544 -5.316 -6.255 -6.537
0.01000 5.00e+09 1.2158921957    1.032  3.139  3.5467  0.452    8  0.546  0.427    65.67    36.56  1 -5.61e-08      0.00 6.993e-01 2.906e-01 1.411e-03 9.669e-04 4.411e-03 -1.000 1.006e-02 -3.077 2.611 0.689 -0.950 -2.115 -3.393 -4.781 -5.688 -5.930
0.01000 5.00e+09 1.2158929110    1.027  3.155  3.5446  0.425    8  0.546  0.427    69.65    38.42  1 -6.03e-08      0.00 6.993e-01 2.906e-01 1.411e-03 9.669e-04 4.411e-03 -1.000 1.006e-02 -3.118 2.623 0.719 -0.916 -2.103 -3.420 -4.829 -5.740 -5.985
0.01000 5.00e+09 1.2158936262    1.020  3.261  3.5304  0.259    8  0.547  0.427    99.48    52.20  1  -9.3e-08      0.00 6.993e-01 2.906e-01 1.411e-03 9.669e-04 4.411e-03 -1.000 1.006e-02 -3.383 2.678 0.997 -0.572 -1.947 -3.530 -5.140 -6.071 -6.339
0.01000 5.00e+09 1.2158945799    1.011  3.401  3.5116  0.040    8  0.547  0.427   159.51    78.34  0 -1.71e-07      0.00 6.993e-01 2.906e-01 1.411e-03 9.669e-04 4.411e-03 -1.000 1.006e-02 -3.733 2.727 1.537 0.127 -1.606 -3.522 -5.555 -6.502 -6.804
0.01000 5.00e+09 1.2158957720    1.000  3.519  3.4958 -0.146    8  0.548  0.427   237.79   110.35  0 -2.94e-07      0.00 6.993e-01 2.906e-01 1.411e-03 9.669e-04 4.411e-03 -1.000 1.006e-02 -4.027 2.734 2.034 0.781 -1.293 -3.415 -5.906 -6.858 -7.186
0.01000 5.00e+09 1.2158972025    0.988  3.594  3.4855 -0.267    8  0.549  0.427   308.65   137.83  0 -4.23e-07      0.00 6.993e-01 2.906e-01 1.411e-03 9.669e-04 4.411e-03 -1.000 1.006e-02 -4.215 2.729 2.290 1.091 -1.154 -3.354 -6.130 -7.085 -7.428
0.01000 5.00e+09 1.2158987522    0.974  3.632  3.4802 -0.333    8  0.550  0.427   355.04   155.00  0 -5.18e-07      0.00 6.993e-01 2.906e-01 1.411e-03 9.669e-04 4.411e-03 -1.000 1.006e-02 -4.311 2.724 2.374 1.169 -1.126 -3.349 -6.243 -7.197 -7.547
0.01000 5.00e+09 1.2159005404    0.959  3.649  3.4778 -0.366    8  0.551  0.427   380.80   163.98  0 -5.76e-07      0.00 6.993e-01 2.906e-01 1.411e-03 9.669e-04 4.411e-03 -1.000 1.006e-02 -4.353 2.727 2.418 1.208 -1.110 -3.342 -6.293 -7.247 -7.600
0.01000 5.00e+09 1.2159024477    0.943  3.658  3.4764 -0.388    8  0.552  0.427   398.55   169.73  0  -6.2e-07      0.00 6.993e-01 2.906e-01 1.411e-03 9.669e-04 4.411e-03 -1.000 1.006e-02 -4.375 2.734 2.447 1.234 -1.098 -3.336 -6.319 -7.274 -7.629
0.01000 5.00e+09 1.2159025669    0.941  3.532  3.4940 -0.192    8  0.552  0.427   261.35   117.80  0 -3.49e-07      0.00 6.993e-01 2.906e-01 1.411e-03 9.669e-04 4.411e-03 -1.000 1.006e-02 -4.059 2.757 2.101 0.853 -1.260 -3.400 -5.945 -6.897 -7.229
0.01000 5.00e+09 1.2159026861    0.936  3.374  3.5162  0.053    8  0.553  0.427   154.06    74.50  0 -1.76e-07      0.00 6.993e-01 2.906e-01 1.411e-03 9.669e-04 4.411e-03 -1.000 1.006e-02 -3.664 2.740 1.402 -0.064 -1.708 -3.554 -5.470 -6.414 -6.709
0.01000 5.00e+09 1.2159030437    0.928  3.192  3.5421  0.334    8  0.553  0.427    83.84    43.92  1 -8.48e-08      0.00 6.993e-01 2.906e-01 1.411e-03 9.669e-04 4.411e-03 -1.000 1.006e-02 -3.210 2.645 0.733 -0.915 -2.133 -3.494 -4.930 -5.843 -6.094
0.01000 5.00e+09 1.2159035206    0.917  3.207  3.5413  0.310    8  0.553  0.427    88.28    45.76  1 -9.32e-08      0.00 6.993e-01 2.906e-01 1.411e-03 9.669e-04 4.411e-03 -1.000 1.006e-02 -3.249 2.638 0.734 -0.914 -2.145 -3.524 -4.972 -5.886 -6.139
0.01000 5.00e+09 1.2159042358    0.902  3.309  3.5289  0.152    8  0.554  0.427   123.88    61.04  0 -1.47e-07      0.00 6.993e-01 2.906e-01 1.411e-03 9.669e-04 4.411e-03 -1.000 1.006e-02 -3.502 2.674 0.982 -0.605 -2.013 -3.631 -5.266 -6.196 -6.470
0.01000 5.00e+09 1.2159050703    0.884  3.442  3.5125 -0.055    8  0.554  0.427   193.64    89.26  0 -2.76e-07      0.00 6.993e-01 2.906e-01 1.411e-03 9.669e-04 4.411e-03 -1.000 1.006e-02 -3.835 2.705 1.460 0.014 -1.724 -3.640 -5.656 -6.600 -6.905
0.01000 5.00e+09 1.2159060240    0.863  3.554  3.4995 -0.229    8  0.555  0.427   281.35   122.33  0 -4.84e-07      0.00 6.993e-01 2.906e-01 1.411e-03 9.669e-04 4.411e-03 -1.000 1.006e-02 -4.114 2.702 1.895 0.593 -1.460 -3.571 -5.984 -6.931 -7.261
0.01000 5.00e+09 1.2159070969    0.840  3.624  3.4925 -0.340    8  0.555  0.427   356.82   148.77  0 -7.19e-07      0.00 6.993e-01 2.906e-01 1.411e-03 9.669e-04 4.411e-03 -1.000 1.006e-02 -4.290 2.678 2.051 0.782 -1.399 -3.569 -6.185 -7.134 -7.476
0.01000 5.00e+09 1.2159084082    0.814  3.659  3.4908 -0.395    8  0.556  0.427   402.08   162.95  0 -9.19e-07      0.00 6.993e-01 2.906e-01 1.411e-03 9.669e-04 4.411e-03 -1.000 1.006e-02 -4.378 2.656 2.072 0.805 -1.417 -3.605 -6.280 -7.229 -7.576
0.01000 5.00e+09 1.2159098387    0.786  3.673  3.4923 -0.419    8  0.557  0.427   423.13   167.72  0 -1.08e-06      0.00 6.993e-01 2.906e-01 1.411e-03 9.669e-04 4.411e-03 -1.000 1.006e-02 -4.413 2.632 2.005 0.721 -1.490 -3.671 -6.312 -7.259 -7.606
0.01000 5.00e+09 1.2159113884    0.755  3.680  3.4953 -0.431    8  0.558  0.427   434.85   168.41  0 -1.23e-06      0.00 6.993e-01 2.906e-01 1.411e-03 9.669e-04 4.411e-03 -1.000 1.006e-02 -4.430 2.606 1.896 0.586 -1.590 -3.755 -6.320 -7.264 -7.609
0.01000 5.00e+09 1.2159113884    0.755  3.566  3.5112 -0.254    8  0.558  0.427   296.81   121.02  0 -7.34e-07      0.00 6.993e-01 2.906e-01 1.411e-03 9.669e-04 4.411e-03 -1.000 1.006e-02 -4.146 2.583 1.349 -0.125 -1.943 -3.905 -5.980 -6.915 -7.231
0.01000 5.00e+09 1.2159113884    0.753  3.409  3.5336 -0.008    8  0.558  0.427   174.78    76.47  0 -3.67e-07      0.00 6.993e-01 2.906e-01 1.411e-03 9.669e-04 4.411e-03 -1.000 1.006e-02 -3.754 2.509 0.639 -1.035 -2.402 -3.939 -5.508 -6.423 -6.698
0.01000 5.00e+09 1.2159115076    0.750  3.226  3.5601  0.279    8  0.558  0.427    94.01    44.65  0 -1.72e-07      0.00 6.993e-01 2.906e-01 1.411e-03 9.669e-04 4.411e-03 -1.000 1.006e-02 -3.295 2.359 0.191 -1.556 -2.633 -3.699 -4.972 -5.836 -6.068
0.01000 5.00e+09 1.2159116268    0.746  3.238  3.5597  0.263    8  0.558  0.427    97.41    45.89  0 -1.85e-07      0.00 6.993e-01 2.906e-01 1.411e-03 9.669e-04 4.411e-03 -1.000 1.006e-02 -3.325 2.350 0.176 -1.575 -2.656 -3.728 -5.004 -5.868 -6.101
0.01000 5.00e+09 1.2159117460    0.740  3.333  3.5482  0.119    8  0.558  0.427   132.99    59.82  0 -2.81e-07      0.00 6.993e-01 2.906e-01 1.411e-03 9.669e-04 4.411e-03 -1.000 1.006e-02 -3.562 2.404 0.301 -1.444 -2.631 -3.892 -5.273 -6.161 -6.413
0.01000 5.00e+09 1.2159119844    0.733  3.458  3.5328 -0.071    8  0.558  0.427   200.68    84.91  0 -4.99e-07      0.00 6.993e-01 2.906e-01 1.411e-03 9.669e-04 4.411e-03 -1.000 1.006e-02 -3.874 2.452 0.582 -1.102 -2.491 -4.050 -5.634 -6.547 -6.825
0.01000 5.00e+09 1.2159121037    0.725  3.561  3.5209 -0.227    8  0.559  0.427   281.05   112.85  0 -8.24e-07      0.00 6.993e-01 2.906e-01 1.411e-03 9.669e-04 4.411e-03 -1.000 1.006e-02 -4.131 2.468 0.907 -0.687 -2.308 -4.105 -5.934 -6.858 -7.159
0.01000 5.00e+09 1.2159123421    0.716  3.623  3.5149 -0.319    8  0.559  0.427   343.51   133.13  0 -1.15e-06      0.00 6.993e-01 2.906e-01 1.411e-03 9.669e-04 4.411e-03 -1.000 1.006e-02 -4.288 2.461 1.080 -0.461 -2.219 -4.136 -6.113 -7.042 -7.356
0.01000 5.00e+09 1.2159126997    0.705  3.651  3.5143 -0.356    8  0.559  0.427   372.60   141.41  0 -1.37e-06      0.00 6.993e-01 2.906e-01 1.411e-03 9.669e-04 4.411e-03 -1.000 1.006e-02 -4.357 2.432 1.065 -0.477 -2.257 -4.190 -6.186 -7.114 -7.430
0.01000 5.00e+09 1.2159129381    0.694  3.658  3.5170 -0.359    8  0.559  0.427   376.31   140.90  0  -1.5e-06      0.00 6.993e-01 2.906e-01 1.411e-03 9.669e-04 4.411e-03 -1.000 1.006e-02 -4.374 2.386 0.926 -0.651 -2.379 -4.263 -6.195 -7.118 -7.431
0.01000 5.00e+09 1.2159132957    0.681  3.656  3.5212 -0.348    8  0.559  0.427   369.45   136.63  0 -1.59e-06      0.00 6.993e-01 2.906e-01 1.411e-03 9.669e-04 4.411e-03 -1.000 1.006e-02 -4.370 2.330 0.727 -0.903 -2.544 -4.349 -6.178 -7.095 -7.400
0.01000 5.00e+09 1.2159132957    0.680  3.545  3.5371 -0.174    8  0.559  0.427   253.88    98.69  0 -9.63e-07      0.00 6.993e-01 2.906e-01 1.411e-03 9.669e-04 4.411e-03 -1.000 1.006e-02 -4.093 2.267 0.262 -1.491 -2.840 -4.323 -5.846 -6.744 -7.020
0.01000 5.00e+09 1.2159134150    0.677  3.388  3.5602  0.074    8  0.559  0.427   148.92    62.01  0  -4.9e-07      0.00 6.993e-01 2.906e-01 1.411e-03 9.669e-04 4.411e-03 -1.000 1.006e-02 -3.699 2.140 -0.134 -1.941 -3.038 -4.106 -5.384 -6.236 -6.475
0.01000 5.00e+09 1.2159135342    0.672  3.203  3.5878  0.366    8  0.560  0.427    79.45    35.79  1 -2.37e-07      0.00 6.993e-01 2.906e-01 1.411e-03 9.669e-04 4.411e-03 -1.000 1.006e-02 -3.237 1.831 -0.338 -2.044 -2.970 -3.755 -4.862 -5.639 -5.833
0.01000 5.00e+09 1.2159137726    0.665  3.213  3.5889  0.356    8  0.560  0.427    81.51    36.24  1 -2.56e-07      0.00 6.993e-01 2.906e-01 1.411e-03 9.669e-04 4.411e-03 -1.000 1.006e-02 -3.262 1.793 -0.377 -2.082 -3.004 -3.784 -4.886 -5.658 -5.852
0.01000 5.00e+09 1.2159140110    0.657  3.304  3.5792  0.220    8  0.560  0.427   109.76    46.25  0 -3.88e-07      0.00 6.993e-01 2.906e-01 1.411e-03 9.669e-04 4.411e-03 -1.000 1.006e-02 -3.490 1.892 -0.378 -2.143 -3.122 -3.978 -5.135 -5.933 -6.143
0.01000 5.00e+09 1.2159143686    0.646  3.424  3.5662  0.041    8  0.560  0.427   162.78    63.83  0 -6.85e-07      0.00 6.993e-01 2.906e-01 1.411e-03 9.669e-04 4.411e-03 -1.000 1.006e-02 -3.791 1.987 -0.347 -2.172 -3.235 -4.226 -5.466 -6.297 -6.529
0.01000 5.00e+09 1.2159148455    0.633  3.522  3.5571 -0.102    8  0.560  0.427   223.83    81.95  0 -1.13e-06      0.00 6.993e-01 2.906e-01 1.411e-03 9.669e-04 4.411e-03 -1.000 1.006e-02 -4.035 2.007 -0.319 -2.176 -3.313 -4.430 -5.735 -6.586 -6.835
0.01000 5.00e+09 1.2159153223    0.619  3.579  3.5544 -0.180    8  0.561  0.427   269.00    92.69  0 -1.58e-06      0.00 6.993e-01 2.906e-01 1.411e-03 9.669e-04 4.411e-03 -1.000 1.006e-02 -4.178 1.968 -0.352 -2.224 -3.394 -4.557 -5.889 -6.742 -6.996
0.01000 5.00e+09 1.2159157991    0.603  3.600  3.5575 -0.200    8  0.561  0.427   288.68    93.37  0 -1.92e-06      0.00 6.993e-01 2.906e-01 1.411e-03 9.669e-04 4.411e-03 -1.000 1.006e-02 -4.231 1.890 -0.474 -2.364 -3.513 -4.630 -5.937 -6.780 -7.031
0.01000 5.00e+09 1.2159163952    0.585  3.601  3.5644 -0.186    8  0.561  0.427   293.99    86.43  0 -2.13e-06      0.00 6.993e-01 2.906e-01 1.411e-03 9.669e-04 4.411e-03 -1.000 1.006e-02 -4.231 1.780 -0.637 -2.530 -3.635 -4.663 -5.924 -6.745 -6.988
0.01000 5.00e+09 1.2159171104    0.567  3.592  3.5733 -0.155    8  0.562  0.427   322.94    71.47  0 -2.31e-06      0.00 6.993e-01 2.906e-01 1.411e-03 9.669e-04 4.411e-03 -1.000 1.006e-02 -4.209 1.637 -0.822 -2.707 -3.755 -4.680 -5.885 -6.678 -6.908
0.01000 5.00e+09 1.2159183025    0.567 -9.999  4.0793  1.938    9  0.567  0.002     0.00     0.00 -1         0      0.00 6.993e-01 2.906e-01 1.411e-03 9.669e-04 4.411e-03 -1.000 1.006e-02 29.767 29.847 30.339 30.437 30.454 30.490 30.624 30.652 30.685
#isochrone terminated
