# File generated by CMD 3.0 (http://stev.oapd.inaf.it/cmd) on Thu Jun  8 21:05:34 CEST 2017
# isochrones PARSEC release v1.2S + COLIBRI release PR16, as in Marigo et al. 2017
# Basic reference: Marigo et al. (2017), ApJ, 835, 77
# Photometric system: <i>UBVRIJHK</i> (cf. Maiz-Apellaniz 2006 + Bessell 1990)
# O-rich circumstellar dust ignored
# C-rich circumstellar dust ignored
# Kind of output: isochrone tables
# Zini Age Mini  Mass   logL    logTe  logg  label   McoreTP C_O  period0 period1 pmode  Mloss  tau1m   X   Y   Xc  Xn  Xo  Cexcess  Z 	 mbolmag  Umag    Bmag    Vmag    Rmag    Imag    Jmag    Hmag    Kmag
0.00010 5.00e+09 0.1000000015    0.100 -2.787  3.5576  5.408    0  0.000  0.463     0.00     0.00 -1  1.28e-16      0.00 7.000e-01 2.990e-01 1.100e-03 5.880e-04 3.170e-03 -1.000 1.000e-03 11.739 16.477 14.664 12.985 11.961 11.092 10.076 9.503 9.316
0.00010 5.00e+09 0.1098214313    0.109 -2.639  3.5730  5.359    0  0.000  0.463     0.00     0.00 -1  1.83e-16      0.00 7.000e-01 2.990e-01 1.100e-03 5.880e-04 3.170e-03 -1.000 1.000e-03 11.367 15.610 14.034 12.477 11.504 10.709 9.741 9.174 8.984
0.00010 5.00e+09 0.1294642836    0.129 -2.399  3.5956  5.282    0  0.000  0.463     0.00     0.00 -1  3.19e-16      0.00 7.000e-01 2.990e-01 1.100e-03 5.880e-04 3.170e-03 -1.000 1.000e-03 10.768 13.910 12.940 11.613 10.765 10.066 9.178 8.636 8.482
0.00010 5.00e+09 0.1491071582    0.149 -2.243  3.6070  5.233    0  0.000  0.463     0.00     0.00 -1  4.51e-16      0.00 7.000e-01 2.990e-01 1.100e-03 5.880e-04 3.170e-03 -1.000 1.000e-03 10.377 13.184 12.371 11.128 10.335 9.668 8.819 8.278 8.122
0.00010 5.00e+09 0.1687500030    0.168 -2.122  3.6144  5.194    0  0.000  0.463     0.00     0.00 -1  5.86e-16      0.00 7.000e-01 2.990e-01 1.100e-03 5.880e-04 3.170e-03 -1.000 1.000e-03 10.074 12.730 11.979 10.777 10.014 9.364 8.539 7.998 7.837
0.00010 5.00e+09 0.2080357224    0.207 -1.921  3.6255  5.129    0  0.000  0.463     0.00     0.00 -1  9.03e-16      0.00 7.000e-01 2.990e-01 1.100e-03 5.880e-04 3.170e-03 -1.000 9.999e-04 9.572 12.005 11.345 10.202 9.484 8.860 8.069 7.533 7.368
0.00010 5.00e+09 0.2571428716    0.257 -1.727  3.6356  5.069    0  0.000  0.463     0.00     0.00 -1  1.36e-15      0.00 7.000e-01 2.990e-01 1.100e-03 5.880e-04 3.170e-03 -1.000 1.000e-03 9.088 11.333 10.753 9.656 8.974 8.372 7.613 7.090 6.930
0.00010 5.00e+09 0.3062500358    0.306 -1.575  3.6438  5.026    0  0.000  0.463     0.00     0.00 -1  1.86e-15      0.00 7.000e-01 2.990e-01 1.100e-03 5.880e-04 3.170e-03 -1.000 1.000e-03 8.707 10.801 10.285 9.226 8.571 7.989 7.255 6.744 6.589
0.00010 5.00e+09 0.3553571403    0.355 -1.449  3.6514  4.995    0  0.000  0.463     0.00     0.00 -1  2.39e-15      0.00 7.000e-01 2.990e-01 1.100e-03 5.880e-04 3.170e-03 -1.000 1.000e-03 8.392 10.348 9.892 8.867 8.237 7.672 6.962 6.463 6.312
0.00010 5.00e+09 0.4044643044    0.404 -1.336  3.6594  4.970    0  0.000  0.463     0.00     0.00 -1  2.98e-15      0.00 7.000e-01 2.990e-01 1.100e-03 5.880e-04 3.170e-03 -1.000 1.000e-03 8.110 9.923 9.533 8.544 7.939 7.392 6.705 6.216 6.072
0.00010 5.00e+09 0.4535714388    0.453 -1.199  3.6714  4.931    0  0.000  0.463     0.00     0.00 -1  4.04e-15      0.00 7.000e-01 2.990e-01 1.100e-03 5.880e-04 3.170e-03 -1.000 1.000e-03 7.769 9.368 9.080 8.148 7.578 7.055 6.402 5.929 5.798
0.00010 5.00e+09 0.5026785731    0.503 -1.050  3.6848  4.880    0  0.000  0.463     0.00     0.00 -1  5.75e-15      0.00 7.000e-01 2.990e-01 1.100e-03 5.880e-04 3.170e-03 -1.000 9.999e-04 7.394 8.765 8.587 7.719 7.186 6.691 6.074 5.618 5.500
0.00010 5.00e+09 0.5517857671    0.551 -0.880  3.7014  4.817    0  0.000  0.463     0.00     0.00 -1   8.7e-15      0.00 7.000e-01 2.990e-01 1.100e-03 5.880e-04 3.170e-03 -1.000 1.000e-03 6.970 8.081 8.030 7.242 6.750 6.287 5.712 5.278 5.177
0.00010 5.00e+09 0.6008928418    0.601 -0.706  3.7222  4.764    0  0.000  0.463     0.00     0.00 -1  1.32e-14      0.00 7.000e-01 2.990e-01 1.100e-03 5.880e-04 3.170e-03 -1.000 1.000e-03 6.535 7.365 7.448 6.758 6.313 5.889 5.363 4.955 4.873
0.00010 5.00e+09 0.6262345910    0.626 -0.615  3.7344  4.739    0  0.000  0.463     0.00     0.00 -1  1.65e-14      0.00 7.000e-01 2.990e-01 1.100e-03 5.880e-04 3.170e-03 -1.000 1.000e-03 6.307 6.999 7.146 6.511 6.091 5.688 5.189 4.796 4.725
0.00010 5.00e+09 0.6499999762    0.650 -0.531  3.7457  4.716    0  0.000  0.463     0.00     0.00 -1  2.01e-14      0.00 7.000e-01 2.990e-01 1.100e-03 5.880e-04 3.170e-03 -1.000 1.000e-03 6.097 6.680 6.876 6.288 5.890 5.506 5.032 4.652 4.591
0.00010 5.00e+09 0.6714786291    0.672 -0.455  3.7560  4.696    0  0.000  0.463     0.00     0.00 -1  2.41e-14      0.00 7.000e-01 2.990e-01 1.100e-03 5.880e-04 3.170e-03 -1.000 9.999e-04 5.907 6.404 6.637 6.088 5.710 5.343 4.891 4.525 4.472
0.00010 5.00e+09 0.6993898749    0.700 -0.358  3.7690  4.669    0  0.000  0.463     0.00     0.00 -1  3.05e-14      0.00 7.000e-01 2.990e-01 1.100e-03 5.880e-04 3.170e-03 -1.000 1.000e-03 5.664 6.070 6.339 5.835 5.481 5.134 4.711 4.362 4.320
0.00010 5.00e+09 0.6999999881    0.700 -0.356  3.7693  4.668    0  0.000  0.463     0.00     0.00 -1  3.07e-14      0.00 7.000e-01 2.990e-01 1.100e-03 5.880e-04 3.170e-03 -1.000 1.000e-03 5.659 6.063 6.332 5.830 5.476 5.129 4.707 4.359 4.317
0.00010 5.00e+09 0.7100482583    0.710 -0.321  3.7737  4.657    0  0.000  0.463     0.00     0.00 -1  3.34e-14      0.00 7.000e-01 2.990e-01 1.100e-03 5.880e-04 3.170e-03 -1.000 1.000e-03 5.573 5.951 6.229 5.741 5.395 5.055 4.642 4.301 4.262
0.00010 5.00e+09 0.7299042940    0.730 -0.253  3.7823  4.636    0  0.000  0.463     0.00     0.00 -1  3.95e-14      0.00 7.000e-01 2.990e-01 1.100e-03 5.880e-04 3.170e-03 -1.000 1.000e-03 5.403 5.734 6.027 5.565 5.234 4.908 4.513 4.185 4.152
0.00010 5.00e+09 0.7484639287    0.749 -0.190  3.7900  4.614    0  0.000  0.463     0.00     0.00 -1  4.62e-14      0.00 7.000e-01 2.990e-01 1.100e-03 5.880e-04 3.170e-03 -1.000 1.000e-03 5.244 5.544 5.842 5.403 5.085 4.771 4.393 4.078 4.050
0.00010 5.00e+09 0.7500000000    0.750 -0.185  3.7906  4.612    0  0.000  0.463     0.00     0.00 -1  4.68e-14      0.00 7.000e-01 2.990e-01 1.100e-03 5.880e-04 3.170e-03 -1.000 1.000e-03 5.231 5.528 5.827 5.389 5.072 4.759 4.383 4.069 4.041
0.00010 5.00e+09 0.7537276149    0.754 -0.172  3.7921  4.608    0  0.000  0.463     0.00     0.00 -1  4.83e-14      0.00 7.000e-01 2.990e-01 1.100e-03 5.880e-04 3.170e-03 -1.000 1.000e-03 5.200 5.490 5.790 5.357 5.042 4.732 4.359 4.047 4.020
0.00010 5.00e+09 0.7714111805    0.771 -0.112  3.7990  4.585    0  0.000  0.463     0.00     0.00 -1  5.63e-14      0.00 7.000e-01 2.990e-01 1.100e-03 5.880e-04 3.170e-03 -1.000 1.000e-03 5.049 5.318 5.617 5.202 4.899 4.599 4.242 3.943 3.919
0.00010 5.00e+09 0.7881055474    0.788 -0.055  3.8054  4.563    0  0.000  0.463     0.00     0.00 -1  6.52e-14      0.00 7.000e-01 2.990e-01 1.100e-03 5.880e-04 3.170e-03 -1.000 1.000e-03 4.906 5.158 5.453 5.055 4.763 4.474 4.131 3.844 3.823
0.00010 5.00e+09 0.8000000119    0.800 -0.014  3.8100  4.546    0  0.000  0.463     0.00     0.00 -1  7.24e-14      0.00 7.000e-01 2.990e-01 1.100e-03 5.880e-04 3.170e-03 -1.000 1.000e-03 4.804 5.045 5.336 4.949 4.666 4.383 4.051 3.772 3.754
0.00010 5.00e+09 0.8058894873    0.806  0.006  3.8122  4.539    0  0.000  0.463     0.00     0.00 -1  7.63e-14      0.00 7.000e-01 2.990e-01 1.100e-03 5.880e-04 3.170e-03 -1.000 1.000e-03 4.754 4.990 5.279 4.897 4.618 4.339 4.012 3.738 3.720
0.00010 5.00e+09 0.8218520880    0.821  0.061  3.8184  4.517    0  0.000  0.463     0.00     0.00 -1  8.78e-14      0.00 7.000e-01 2.990e-01 1.100e-03 5.880e-04 3.170e-03 -1.000 1.000e-03 4.617 4.841 5.122 4.755 4.486 4.218 3.905 3.643 3.628
0.00010 5.00e+09 0.8362945914    0.836  0.111  3.8238  4.496    0  0.000  0.463     0.00     0.00 -1     1e-13      0.00 7.000e-01 2.990e-01 1.100e-03 5.880e-04 3.170e-03 -1.000 1.000e-03 4.492 4.707 4.979 4.625 4.366 4.107 3.807 3.556 3.542
0.00010 5.00e+09 0.8500000238    0.849  0.159  3.8290  4.476    0  0.000  0.463     0.00     0.00 -1  1.14e-13      0.00 7.000e-01 2.990e-01 1.100e-03 5.880e-04 3.170e-03 -1.000 1.000e-03 4.371 4.581 4.841 4.500 4.250 3.999 3.712 3.472 3.459
0.00010 5.00e+09 0.8514645696    0.851  0.165  3.8296  4.474    0  0.000  0.463     0.00     0.00 -1  1.15e-13      0.00 7.000e-01 2.990e-01 1.100e-03 5.880e-04 3.170e-03 -1.000 1.000e-03 4.359 4.567 4.826 4.486 4.237 3.988 3.702 3.463 3.451
0.00010 5.00e+09 0.8646430969    0.864  0.212  3.8349  4.455    0  0.000  0.463     0.00     0.00 -1   1.3e-13      0.00 7.000e-01 2.990e-01 1.100e-03 5.880e-04 3.170e-03 -1.000 9.999e-04 4.241 4.444 4.691 4.363 4.124 3.883 3.610 3.383 3.372
0.00010 5.00e+09 0.8767920136    0.876  0.256  3.8399  4.436    0  0.000  0.463     0.00     0.00 -1  1.46e-13      0.00 7.000e-01 2.990e-01 1.100e-03 5.880e-04 3.170e-03 -1.000 1.000e-03 4.130 4.329 4.563 4.246 4.016 3.784 3.523 3.307 3.296
0.00010 5.00e+09 0.8928954005    0.892  0.318  3.8467  4.410    0  0.000  0.463     0.00     0.00 -1  1.72e-13      0.00 7.000e-01 2.990e-01 1.100e-03 5.880e-04 3.170e-03 -1.000 1.000e-03 3.976 4.171 4.385 4.085 3.868 3.648 3.403 3.202 3.192
0.00010 5.00e+09 0.8999999762    0.899  0.345  3.8498  4.398    0  0.000  0.463     0.00     0.00 -1  1.85e-13      0.00 7.000e-01 2.990e-01 1.100e-03 5.880e-04 3.170e-03 -1.000 1.000e-03 3.907 4.100 4.305 4.012 3.800 3.587 3.348 3.154 3.145
0.00010 5.00e+09 0.9000963569    0.899  0.346  3.8498  4.397    0  0.000  0.463     0.00     0.00 -1  1.85e-13      0.00 7.000e-01 2.990e-01 1.100e-03 5.880e-04 3.170e-03 -1.000 1.000e-03 3.906 4.099 4.304 4.011 3.800 3.586 3.348 3.154 3.144
0.00010 5.00e+09 0.9115421176    0.911  0.392  3.8557  4.380    0  0.000  0.463     0.00     0.00 -1  2.09e-13      0.00 7.000e-01 2.990e-01 1.100e-03 5.880e-04 3.170e-03 -1.000 1.000e-03 3.790 3.982 4.169 3.890 3.689 3.486 3.262 3.080 3.072
0.00010 5.00e+09 0.9223920703    0.921  0.437  3.8615  4.363    0  0.000  0.463     0.00     0.00 -1  2.35e-13      0.00 7.000e-01 2.990e-01 1.100e-03 5.880e-04 3.170e-03 -1.000 1.000e-03 3.677 3.866 4.036 3.769 3.579 3.388 3.177 3.009 3.001
0.00010 5.00e+09 0.9320204854    0.931  0.479  3.8671  4.348    0  0.000  0.463     0.00     0.00 -1  2.62e-13      0.00 7.000e-01 2.990e-01 1.100e-03 5.880e-04 3.170e-03 -1.000 1.000e-03 3.572 3.760 3.912 3.658 3.479 3.298 3.100 2.943 2.936
0.00010 5.00e+09 0.9416436553    0.941  0.523  3.8729  4.332    0  0.000  0.463     0.00     0.00 -1  2.94e-13      0.00 7.000e-01 2.990e-01 1.100e-03 5.880e-04 3.170e-03 -1.000 1.000e-03 3.462 3.650 3.783 3.541 3.374 3.205 3.020 2.876 2.869
0.00010 5.00e+09 0.9499999881    0.949  0.563  3.8783  4.317    0  0.000  0.463     0.00     0.00 -1  3.26e-13      0.00 7.000e-01 2.990e-01 1.100e-03 5.880e-04 3.170e-03 -1.000 1.000e-03 3.363 3.551 3.666 3.436 3.280 3.121 2.948 2.816 2.809
0.00010 5.00e+09 0.9593395591    0.958  0.609  3.8847  4.302    0  0.000  0.463     0.00     0.00 -1  3.66e-13      0.00 7.000e-01 2.990e-01 1.100e-03 5.880e-04 3.170e-03 -1.000 1.000e-03 3.249 3.437 3.532 3.316 3.172 3.027 2.868 2.749 2.742
0.00010 5.00e+09 0.9705538154    0.970  0.666  3.8921  4.279    0  0.000  0.463     0.00     0.00 -1  4.27e-13      0.00 7.000e-01 2.990e-01 1.100e-03 5.880e-04 3.170e-03 -1.000 1.000e-03 3.104 3.293 3.363 3.165 3.035 2.905 2.763 2.659 2.653
0.00010 5.00e+09 0.9815022945    0.981  0.728  3.8988  4.249    0  0.000  0.463     0.00     0.00 -1  5.05e-13      0.00 7.000e-01 2.990e-01 1.100e-03 5.880e-04 3.170e-03 -1.000 1.000e-03 2.951 3.141 3.190 3.007 2.892 2.775 2.647 2.556 2.549
0.00010 5.00e+09 0.9911689758    0.990  0.787  3.9037  4.214    0  0.000  0.463     0.00     0.00 -1  6.01e-13      0.00 7.000e-01 2.990e-01 1.100e-03 5.880e-04 3.170e-03 -1.000 1.000e-03 2.803 2.993 3.025 2.855 2.751 2.644 2.526 2.446 2.438
0.00010 5.00e+09 0.9936937094    0.993  0.803  3.9048  4.203    0  0.000  0.463     0.00     0.00 -1  6.34e-13      0.00 7.000e-01 2.990e-01 1.100e-03 5.880e-04 3.170e-03 -1.000 1.000e-03 2.762 2.953 2.980 2.813 2.711 2.607 2.491 2.413 2.406
0.00010 5.00e+09 0.9939539433    0.993  0.805  3.9048  4.201    0  0.000  0.463     0.00     0.00 -1  6.38e-13      0.00 7.000e-01 2.990e-01 1.100e-03 5.880e-04 3.170e-03 -1.000 1.000e-03 2.757 2.948 2.975 2.808 2.706 2.603 2.487 2.409 2.401
0.00010 5.00e+09 0.9945921302    0.994  0.810  3.9049  4.197    0  0.000  0.463     0.00     0.00 -1  6.48e-13      0.00 7.000e-01 2.990e-01 1.100e-03 5.880e-04 3.170e-03 -1.000 1.000e-03 2.745 2.936 2.962 2.796 2.694 2.591 2.476 2.398 2.390
0.00010 5.00e+09 0.9950399399    0.994  0.814  3.9049  4.193    0  0.000  0.463     0.00     0.00 -1  6.57e-13      0.00 7.000e-01 2.990e-01 1.100e-03 5.880e-04 3.170e-03 -1.000 1.000e-03 2.736 2.927 2.952 2.786 2.685 2.581 2.466 2.388 2.380
0.00010 5.00e+09 0.9951174855    0.994  0.814  3.9049  4.193    0  0.000  0.463     0.00     0.00 -1  6.58e-13      0.00 7.000e-01 2.990e-01 1.100e-03 5.880e-04 3.170e-03 -1.000 1.000e-03 2.735 2.925 2.951 2.785 2.683 2.580 2.464 2.386 2.379
0.00010 5.00e+09 0.9990397096    0.998  0.842  3.9054  4.169    0  0.000  0.463     0.00     0.00 -1  7.17e-13      0.00 7.000e-01 2.990e-01 1.100e-03 5.880e-04 3.170e-03 -1.000 1.000e-03 2.664 2.856 2.876 2.713 2.613 2.511 2.397 2.321 2.313
0.00010 5.00e+09 1.0000000000    0.999  0.850  3.9053  4.161    0  0.000  0.463     0.00     0.00 -1  7.35e-13      0.00 7.000e-01 2.990e-01 1.100e-03 5.880e-04 3.170e-03 -1.000 1.000e-03 2.646 2.838 2.857 2.694 2.594 2.493 2.378 2.302 2.294
0.00010 5.00e+09 1.0040946007    1.003  0.882  3.9046  4.128    0  0.000  0.463     0.00     0.00 -1  8.12e-13      0.00 7.000e-01 2.990e-01 1.100e-03 5.880e-04 3.170e-03 -1.000 1.000e-03 2.566 2.758 2.774 2.612 2.512 2.410 2.294 2.217 2.209
0.00010 5.00e+09 1.0086945295    1.008  0.923  3.9009  4.074    0  0.000  0.463     0.00     0.00 -1  9.43e-13      0.00 7.000e-01 2.990e-01 1.100e-03 5.880e-04 3.170e-03 -1.000 1.000e-03 2.463 2.657 2.674 2.506 2.401 2.293 2.170 2.087 2.078
0.00010 5.00e+09 1.0121375322    1.011  0.959  3.8941  4.012    0  0.000  0.463     0.00     0.00 -1  1.09e-12      0.00 7.000e-01 2.990e-01 1.100e-03 5.880e-04 3.170e-03 -1.000 1.000e-03 2.372 2.570 2.592 2.413 2.296 2.177 2.040 1.946 1.937
0.00010 5.00e+09 1.0147047043    1.013  0.991  3.8840  3.941    0  0.000  0.463     0.00     0.00 -1  1.27e-12      0.00 7.000e-01 2.990e-01 1.100e-03 5.880e-04 3.170e-03 -1.000 1.000e-03 2.292 2.494 2.533 2.335 2.201 2.063 1.905 1.793 1.783
0.00010 5.00e+09 1.0162123442    1.015  1.013  3.8742  3.880    0  0.000  0.463     0.00     0.00 -1  1.43e-12      0.00 7.000e-01 2.990e-01 1.100e-03 5.880e-04 3.170e-03 -1.000 1.000e-03 2.239 2.446 2.503 2.285 2.133 1.978 1.798 1.669 1.658
0.00010 5.00e+09 1.0172944069    1.016  1.030  3.8640  3.823    0  0.000  0.463     0.00     0.00 -1  1.59e-12      0.00 7.000e-01 2.990e-01 1.100e-03 5.880e-04 3.170e-03 -1.000 1.000e-03 2.196 2.410 2.486 2.248 2.078 1.904 1.702 1.552 1.540
0.00010 5.00e+09 1.0180836916    1.017  1.043  3.8541  3.770    0  0.000  0.463     0.00     0.00 -1  1.74e-12      0.00 7.000e-01 2.990e-01 1.100e-03 5.880e-04 3.170e-03 -1.000 1.000e-03 2.161 2.385 2.481 2.222 2.033 1.841 1.616 1.446 1.433
0.00010 5.00e+09 1.0186921358    1.017  1.055  3.8448  3.722    0  0.000  0.463     0.00     0.00 -1  1.88e-12      0.00 7.000e-01 2.990e-01 1.100e-03 5.880e-04 3.170e-03 -1.000 1.000e-03 2.133 2.367 2.481 2.202 1.996 1.787 1.541 1.352 1.338
0.00010 5.00e+09 1.0193264484    1.018  1.067  3.8335  3.665    0  0.000  0.463     0.00     0.00 -1  2.07e-12      0.00 7.000e-01 2.990e-01 1.100e-03 5.880e-04 3.170e-03 -1.000 1.000e-03 2.103 2.352 2.486 2.182 1.956 1.726 1.454 1.240 1.225
0.00010 5.00e+09 1.0198398829    1.018  1.077  3.8233  3.614    0  0.000  0.463     0.00     0.00 -1  2.24e-12      0.00 7.000e-01 2.990e-01 1.100e-03 5.880e-04 3.170e-03 -1.000 1.000e-03 2.077 2.343 2.494 2.167 1.922 1.674 1.377 1.142 1.125
0.00010 5.00e+09 1.0203046799    1.019  1.087  3.8136  3.566    0  0.000  0.463     0.00     0.00 -1  2.42e-12      0.00 7.000e-01 2.990e-01 1.100e-03 5.880e-04 3.170e-03 -1.000 1.000e-03 2.053 2.340 2.504 2.154 1.891 1.627 1.306 1.050 1.030
0.00010 5.00e+09 1.0207748413    1.019  1.096  3.8036  3.516    0  0.000  0.463     0.00     0.00 -1  2.62e-12      0.00 7.000e-01 2.990e-01 1.100e-03 5.880e-04 3.170e-03 -1.000 1.000e-03 2.029 2.340 2.517 2.142 1.861 1.580 1.235 0.956 0.933
0.00010 5.00e+09 1.0212622881    1.020  1.106  3.7932  3.465    0  0.000  0.463     0.00     0.00 -1  2.84e-12      0.00 7.000e-01 2.990e-01 1.100e-03 5.880e-04 3.170e-03 -1.000 1.000e-03 2.005 2.345 2.532 2.130 1.831 1.532 1.161 0.859 0.835
0.00010 5.00e+09 1.0217572451    1.020  1.114  3.7828  3.416    0  0.000  0.463     0.00     0.00 -1  3.06e-12      0.00 7.000e-01 2.990e-01 1.100e-03 5.880e-04 3.170e-03 -1.000 1.000e-03 1.984 2.360 2.551 2.122 1.805 1.488 1.091 0.767 0.738
0.00010 5.00e+09 1.0222725868    1.021  1.122  3.7730  3.369    0  0.000  0.463     0.00     0.00 -1  3.28e-12      0.00 7.000e-01 2.990e-01 1.100e-03 5.880e-04 3.170e-03 -1.000 9.999e-04 1.966 2.383 2.573 2.117 1.782 1.449 1.027 0.681 0.648
0.00010 5.00e+09 1.0228240490    1.021  1.130  3.7640  3.325    0  0.000  0.463     0.00     0.00 -1  3.52e-12      0.00 7.000e-01 2.990e-01 1.100e-03 5.880e-04 3.170e-03 -1.000 9.999e-04 1.944 2.406 2.591 2.108 1.757 1.408 0.965 0.598 0.562
0.00010 5.00e+09 1.0235133171    1.022  1.147  3.7548  3.272    0  0.000  0.463     0.00     0.00 -1  3.87e-12      0.00 7.000e-01 2.990e-01 1.100e-03 5.880e-04 3.170e-03 -1.000 1.000e-03 1.904 2.418 2.593 2.080 1.712 1.349 0.882 0.496 0.455
0.00010 5.00e+09 1.0239210129    1.022  1.160  3.7502  3.240    0  0.000  0.463     0.00     0.00 -1  4.15e-12      0.00 7.000e-01 2.990e-01 1.100e-03 5.880e-04 3.170e-03 -1.000 1.000e-03 1.869 2.413 2.580 2.053 1.676 1.305 0.827 0.431 0.387
0.00010 5.00e+09 1.0242997408    1.023  1.181  3.7473  3.208    0  0.000  0.463     0.00     0.00 -1  4.51e-12      0.00 7.000e-01 2.990e-01 1.100e-03 5.880e-04 3.170e-03 -1.000 1.000e-03 1.818 2.382 2.543 2.006 1.624 1.249 0.762 0.360 0.315
0.00010 5.00e+09 1.0249464512    1.023  1.223  3.7432  3.150    0  0.000  0.463     0.00     0.00 -1  5.27e-12      0.00 7.000e-01 2.990e-01 1.100e-03 5.880e-04 3.170e-03 -1.000 1.000e-03 1.714 2.308 2.458 1.908 1.519 1.136 0.639 0.228 0.181
0.00010 5.00e+09 1.0254777670    1.024  1.263  3.7406  3.100    0  0.000  0.463     0.00     0.00 -1  6.12e-12      0.00 7.000e-01 2.990e-01 1.100e-03 5.880e-04 3.170e-03 -1.000 1.000e-03 1.614 2.227 2.371 1.812 1.418 1.031 0.527 0.111 0.063
0.00010 5.00e+09 1.0259989500    1.024  1.305  3.7384  3.049    0  0.000  0.463     0.00     0.00 -1  7.15e-12      0.00 7.000e-01 2.990e-01 1.100e-03 5.880e-04 3.170e-03 -1.000 1.000e-03 1.508 2.137 2.275 1.710 1.312 0.921 0.411 -0.010 -0.059
0.00010 5.00e+09 1.0265109539    1.025  1.349  3.7365  2.998    0  0.000  0.463     0.00     0.00 -1  8.37e-12      0.00 7.000e-01 2.990e-01 1.100e-03 5.880e-04 3.170e-03 -1.000 1.000e-03 1.399 2.045 2.176 1.603 1.203 0.808 0.293 -0.133 -0.182
0.00010 5.00e+09 1.0269933939    1.025  1.392  3.7347  2.948    0  0.000  0.463     0.00     0.00 -1   9.8e-12      0.00 7.000e-01 2.990e-01 1.100e-03 5.880e-04 3.170e-03 -1.000 1.000e-03 1.290 1.955 2.076 1.498 1.093 0.696 0.176 -0.253 -0.304
0.00010 5.00e+09 1.0274611712    1.025  1.436  3.7331  2.897    0  0.000  0.463     0.00     0.00 -1  1.15e-11      0.00 7.000e-01 2.990e-01 1.100e-03 5.880e-04 3.170e-03 -1.000 1.000e-03 1.179 1.861 1.974 1.389 0.982 0.582 0.058 -0.375 -0.427
0.00010 5.00e+09 1.0278966427    1.026  1.480  3.7315  2.847    0  0.000  0.463     0.00     0.00 -1  1.34e-11      0.00 7.000e-01 2.990e-01 1.100e-03 5.880e-04 3.170e-03 -1.000 1.000e-03 1.071 1.768 1.873 1.282 0.873 0.470 -0.058 -0.494 -0.546
0.00010 5.00e+09 1.0283027887    1.026  1.523  3.7300  2.798    0  0.000  0.463     0.00     0.00 -1  1.57e-11      0.00 7.000e-01 2.990e-01 1.100e-03 5.880e-04 3.170e-03 -1.000 1.000e-03 0.964 1.678 1.774 1.178 0.765 0.360 -0.172 -0.612 -0.665
0.00010 5.00e+09 1.0287081003    1.026  1.568  3.7284  2.747    0  0.000  0.463     0.00     0.00 -1  1.85e-11      0.00 7.000e-01 2.990e-01 1.100e-03 5.880e-04 3.170e-03 -1.000 1.000e-03 0.850 1.580 1.669 1.067 0.651 0.244 -0.293 -0.736 -0.790
0.00010 5.00e+09 1.0290780067    1.026  1.612  3.7270  2.697    0  0.000  0.463     0.00     0.00 -1  2.16e-11      0.00 7.000e-01 2.990e-01 1.100e-03 5.880e-04 3.170e-03 -1.000 1.000e-03 0.739 1.485 1.566 0.959 0.540 0.130 -0.410 -0.857 -0.911
0.00010 5.00e+09 1.0294224024    1.027  1.656  3.7254  2.647    0  0.000  0.463     0.00     0.00 -1  2.54e-11      0.00 7.000e-01 2.990e-01 1.100e-03 5.880e-04 3.170e-03 -1.000 1.000e-03 0.629 1.391 1.464 0.851 0.430 0.017 -0.528 -0.978 -1.033
0.00010 5.00e+09 1.0297421217    1.027  1.700  3.7238  2.597    0  0.000  0.463     0.00     0.00 -1  2.97e-11      0.00 7.000e-01 2.990e-01 1.100e-03 5.880e-04 3.170e-03 -1.000 1.000e-03 0.520 1.298 1.363 0.745 0.320 -0.095 -0.644 -1.098 -1.154
0.00010 5.00e+09 1.0300440788    1.027  1.744  3.7223  2.546    0  0.000  0.463     0.00     0.00 -1  3.49e-11      0.00 7.000e-01 2.990e-01 1.100e-03 5.880e-04 3.170e-03 -1.000 1.000e-03 0.409 1.206 1.262 0.637 0.209 -0.209 -0.762 -1.220 -1.276
0.00010 5.00e+09 1.0303257704    1.027  1.789  3.7207  2.495    0  0.000  0.463     0.00     0.00 -1   4.1e-11      0.00 7.000e-01 2.990e-01 1.100e-03 5.880e-04 3.170e-03 -1.000 1.000e-03 0.298 1.115 1.162 0.529 0.098 -0.323 -0.881 -1.342 -1.399
0.00010 5.00e+09 1.0305881500    1.027  1.834  3.7190  2.444    0  0.000  0.463     0.00     0.00 -1  4.81e-11      0.00 7.000e-01 2.990e-01 1.100e-03 5.880e-04 3.170e-03 -1.000 1.000e-03 0.186 1.027 1.061 0.421 -0.013 -0.437 -1.000 -1.465 -1.522
0.00010 5.00e+09 1.0308258533    1.027  1.877  3.7175  2.395    0  0.000  0.463     0.00     0.00 -1  5.63e-11      0.00 7.000e-01 2.990e-01 1.100e-03 5.880e-04 3.170e-03 -1.000 1.000e-03 0.077 0.939 0.963 0.315 -0.122 -0.549 -1.116 -1.584 -1.642
0.00010 5.00e+09 1.0310498476    1.027  1.921  3.7158  2.344    0  0.000  0.463     0.00     0.00 -1   6.6e-11      0.00 7.000e-01 2.990e-01 1.100e-03 5.880e-04 3.170e-03 -1.000 1.000e-03 -0.033 0.852 0.864 0.209 -0.233 -0.662 -1.234 -1.706 -1.765
0.00010 5.00e+09 1.0312560797    1.027  1.965  3.7141  2.293    0  0.000  0.463     0.00     0.00 -1  7.75e-11      0.00 7.000e-01 2.990e-01 1.100e-03 5.880e-04 3.170e-03 -1.000 1.000e-03 -0.142 0.765 0.767 0.103 -0.342 -0.775 -1.351 -1.827 -1.887
0.00010 5.00e+09 1.0314490795    1.027  2.009  3.7125  2.242    0  0.000  0.463     0.00     0.00 -1   9.1e-11      0.00 7.000e-01 2.990e-01 1.100e-03 5.880e-04 3.170e-03 -1.000 1.000e-03 -0.254 0.677 0.667 -0.005 -0.453 -0.889 -1.470 -1.949 -2.010
0.00010 5.00e+09 1.0316200256    1.027  2.052  3.7109  2.193    0  0.000  0.463     0.00     0.00 -1  1.06e-10      0.00 7.000e-01 2.990e-01 1.100e-03 5.880e-04 3.170e-03 -1.000 1.000e-03 -0.360 0.593 0.573 -0.107 -0.560 -0.999 -1.584 -2.067 -2.128
0.00010 5.00e+09 1.0317865610    1.027  2.097  3.7091  2.141    0  0.000  0.463     0.00     0.00 -1  1.25e-10      0.00 7.000e-01 2.990e-01 1.100e-03 5.880e-04 3.170e-03 -1.000 1.000e-03 -0.471 0.508 0.475 -0.214 -0.670 -1.113 -1.703 -2.191 -2.253
0.00010 5.00e+09 1.0319368839    1.027  2.140  3.7075  2.091    0  0.000  0.463     0.00     0.00 -1  1.47e-10      0.00 7.000e-01 2.990e-01 1.100e-03 5.880e-04 3.170e-03 -1.000 1.000e-03 -0.581 0.425 0.379 -0.318 -0.779 -1.225 -1.820 -2.311 -2.374
0.00010 5.00e+09 1.0320799351    1.026  2.185  3.7056  2.039    0  0.000  0.463     0.00     0.00 -1  1.73e-10      0.00 7.000e-01 2.990e-01 1.100e-03 5.880e-04 3.170e-03 -1.000 1.000e-03 -0.693 0.341 0.283 -0.425 -0.890 -1.340 -1.940 -2.436 -2.500
0.00010 5.00e+09 1.0322071314    1.026  2.228  3.7039  1.989    0  0.000  0.463     0.00     0.00 -1  2.02e-10      0.00 7.000e-01 2.990e-01 1.100e-03 5.880e-04 3.170e-03 -1.000 1.000e-03 -0.800 0.262 0.190 -0.527 -0.997 -1.450 -2.055 -2.555 -2.620
0.00010 5.00e+09 1.0323303938    1.026  2.273  3.7021  1.937    0  0.000  0.463     0.00     0.00 -1  2.38e-10      0.00 7.000e-01 2.990e-01 1.100e-03 5.880e-04 3.170e-03 -1.000 1.000e-03 -0.912 0.181 0.094 -0.634 -1.108 -1.565 -2.175 -2.679 -2.744
0.00010 5.00e+09 1.0324425697    1.025  2.316  3.7003  1.886    0  0.000  0.463     0.00     0.00 -1  2.78e-10      0.00 7.000e-01 2.990e-01 1.100e-03 5.880e-04 3.170e-03 -1.000 1.000e-03 -1.020 0.105 0.002 -0.737 -1.216 -1.676 -2.292 -2.800 -2.866
0.00010 5.00e+09 1.0325515270    1.025  2.360  3.6984  1.834    0  0.000  0.463     0.00     0.00 -1  3.28e-10      0.00 7.000e-01 2.990e-01 1.100e-03 5.880e-04 3.170e-03 -1.000 1.000e-03 -1.131 0.027 -0.091 -0.842 -1.326 -1.790 -2.411 -2.924 -2.991
0.00010 5.00e+09 1.0326663256    1.024  2.404  3.6968  1.784    0  0.000  0.463     0.00     0.00 -1  3.84e-10      0.00 7.000e-01 2.990e-01 1.100e-03 5.880e-04 3.170e-03 -1.000 1.000e-03 -1.239 -0.052 -0.184 -0.945 -1.433 -1.901 -2.527 -3.044 -3.111
0.00010 5.00e+09 1.0327432156    1.024  2.422  3.6960  1.762    0  0.000  0.463     0.00     0.00 -1  4.12e-10      0.00 7.000e-01 2.990e-01 1.100e-03 5.880e-04 3.170e-03 -1.000 1.000e-03 -1.285 -0.083 -0.222 -0.988 -1.479 -1.948 -2.576 -3.095 -3.163
0.00010 5.00e+09 1.0328274965    1.024  2.386  3.6977  1.805    0  0.000  0.463     0.00     0.00 -1  3.66e-10      0.00 7.000e-01 2.990e-01 1.100e-03 5.880e-04 3.170e-03 -1.000 1.000e-03 -1.196 -0.024 -0.150 -0.905 -1.391 -1.857 -2.479 -2.994 -3.061
0.00010 5.00e+09 1.0328376293    1.024  2.381  3.6980  1.811    0  0.000  0.463     0.00     0.00 -1   3.6e-10      0.00 7.000e-01 2.990e-01 1.100e-03 5.880e-04 3.170e-03 -1.000 1.000e-03 -1.183 -0.016 -0.139 -0.893 -1.378 -1.843 -2.466 -2.979 -3.047
0.00010 5.00e+09 1.0329015255    1.023  2.415  3.6965  1.771    0  0.000  0.463     0.00     0.00 -1  4.03e-10      0.00 7.000e-01 2.990e-01 1.100e-03 5.880e-04 3.170e-03 -1.000 1.000e-03 -1.269 -0.075 -0.211 -0.974 -1.463 -1.931 -2.558 -3.075 -3.143
0.00010 5.00e+09 1.0329761505    1.023  2.456  3.6948  1.723    0  0.000  0.463     0.00     0.00 -1  4.65e-10      0.00 7.000e-01 2.990e-01 1.100e-03 5.880e-04 3.170e-03 -1.000 1.000e-03 -1.369 -0.140 -0.293 -1.068 -1.562 -2.034 -2.666 -3.188 -3.256
0.00010 5.00e+09 1.0330464840    1.022  2.495  3.6931  1.677    0  0.000  0.463     0.00     0.00 -1  5.38e-10      0.00 7.000e-01 2.990e-01 1.100e-03 5.880e-04 3.170e-03 -1.000 1.000e-03 -1.468 -0.201 -0.373 -1.160 -1.659 -2.135 -2.772 -3.298 -3.367
0.00010 5.00e+09 1.0331143141    1.022  2.536  3.6913  1.629    0  0.000  0.463     0.00     0.00 -1  6.24e-10      0.00 7.000e-01 2.990e-01 1.100e-03 5.880e-04 3.170e-03 -1.000 1.000e-03 -1.569 -0.262 -0.453 -1.254 -1.758 -2.239 -2.881 -3.410 -3.481
0.00010 5.00e+09 1.0331749916    1.021  2.574  3.6896  1.584    0  0.000  0.463     0.00     0.00 -1  7.18e-10      0.00 7.000e-01 2.990e-01 1.100e-03 5.880e-04 3.170e-03 -1.000 1.000e-03 -1.664 -0.319 -0.529 -1.342 -1.852 -2.336 -2.984 -3.517 -3.588
0.00010 5.00e+09 1.0332334042    1.020  2.613  3.6879  1.538    0  0.000  0.463     0.00     0.00 -1  8.29e-10      0.00 7.000e-01 2.990e-01 1.100e-03 5.880e-04 3.170e-03 -1.000 1.000e-03 -1.762 -0.377 -0.606 -1.433 -1.948 -2.436 -3.089 -3.626 -3.698
0.00010 5.00e+09 1.0332869291    1.020  2.651  3.6862  1.493    0  0.000  0.463     0.00     0.00 -1  9.54e-10      0.00 7.000e-01 2.990e-01 1.100e-03 5.880e-04 3.170e-03 -1.000 1.000e-03 -1.856 -0.432 -0.680 -1.520 -2.041 -2.533 -3.191 -3.733 -3.806
0.00010 5.00e+09 1.0333373547    1.019  2.688  3.6845  1.448    0  0.000  0.463     0.00     0.00 -1   1.1e-09      0.00 7.000e-01 2.990e-01 1.100e-03 5.880e-04 3.170e-03 -1.000 1.000e-03 -1.951 -0.484 -0.752 -1.607 -2.134 -2.630 -3.294 -3.839 -3.913
0.00010 5.00e+09 1.0333848000    1.018  2.727  3.6828  1.402    0  0.000  0.463     0.00     0.00 -1  1.26e-09      0.00 7.000e-01 2.990e-01 1.100e-03 5.880e-04 3.170e-03 -1.000 1.000e-03 -2.046 -0.536 -0.825 -1.695 -2.227 -2.728 -3.397 -3.946 -4.021
0.00010 5.00e+09 1.0334271193    1.017  2.763  3.6810  1.359    0  0.000  0.463     0.00     0.00 -1  1.45e-09      0.00 7.000e-01 2.990e-01 1.100e-03 5.880e-04 3.170e-03 -1.000 1.000e-03 -2.137 -0.577 -0.891 -1.777 -2.315 -2.820 -3.495 -4.048 -4.124
0.00010 5.00e+09 1.0334689617    1.016  2.801  3.6792  1.313    0  0.000  0.463     0.00     0.00 -1  1.67e-09      0.00 7.000e-01 2.990e-01 1.100e-03 5.880e-04 3.170e-03 -1.000 1.000e-03 -2.232 -0.616 -0.958 -1.862 -2.408 -2.917 -3.598 -4.156 -4.232
0.00010 5.00e+09 1.0335057974    1.015  2.836  3.6776  1.271    0  0.000  0.463     0.00     0.00 -1   1.9e-09      0.00 7.000e-01 2.990e-01 1.100e-03 5.880e-04 3.170e-03 -1.000 1.000e-03 -2.321 -0.652 -1.020 -1.941 -2.494 -3.008 -3.694 -4.255 -4.332
0.00010 5.00e+09 1.0335410833    1.014  2.872  3.6758  1.227    0  0.000  0.463     0.00     0.00 -1  2.18e-09      0.00 7.000e-01 2.990e-01 1.100e-03 5.880e-04 3.170e-03 -1.000 1.000e-03 -2.411 -0.686 -1.082 -2.021 -2.581 -3.100 -3.791 -4.357 -4.435
0.00010 5.00e+09 1.0335733891    1.013  2.907  3.6741  1.185    0  0.000  0.463     0.00     0.00 -1  2.48e-09      0.00 7.000e-01 2.990e-01 1.100e-03 5.880e-04 3.170e-03 -1.000 1.000e-03 -2.498 -0.717 -1.140 -2.098 -2.665 -3.189 -3.886 -4.456 -4.535
0.00010 5.00e+09 1.0336039066    1.011  2.942  3.6724  1.143    0  0.000  0.463     0.00     0.00 -1  2.83e-09      0.00 7.000e-01 2.990e-01 1.100e-03 5.880e-04 3.170e-03 -1.000 1.000e-03 -2.585 -0.747 -1.198 -2.174 -2.749 -3.277 -3.981 -4.555 -4.634
0.00010 5.00e+09 1.0336327553    1.010  2.976  3.6706  1.100    0  0.000  0.463     0.00     0.00 -1  3.22e-09      0.00 7.000e-01 2.990e-01 1.100e-03 5.880e-04 3.170e-03 -1.000 1.000e-03 -2.671 -0.774 -1.254 -2.250 -2.832 -3.366 -4.075 -4.654 -4.734
0.00010 5.00e+09 1.0336591005    1.009  3.010  3.6689  1.059    0  0.000  0.463     0.00     0.00 -1  3.65e-09      0.00 7.000e-01 2.990e-01 1.100e-03 5.880e-04 3.170e-03 -1.000 1.000e-03 -2.755 -0.800 -1.309 -2.323 -2.913 -3.451 -4.166 -4.749 -4.830
0.00010 5.00e+09 1.0336843729    1.007  3.044  3.6672  1.018    0  0.000  0.463     0.00     0.00 -1  4.15e-09      0.00 7.000e-01 2.990e-01 1.100e-03 5.880e-04 3.170e-03 -1.000 1.000e-03 -2.840 -0.822 -1.362 -2.396 -2.994 -3.537 -4.258 -4.846 -4.927
0.00010 5.00e+09 1.0337128639    1.005  3.084  3.6651  0.968    0  0.000  0.463     0.00     0.00 -1  4.84e-09      0.00 7.000e-01 2.990e-01 1.100e-03 5.880e-04 3.170e-03 -1.000 1.000e-03 -2.941 -0.837 -1.419 -2.481 -3.090 -3.640 -4.369 -4.961 -5.043
0.00010 5.00e+09 1.0337349176    1.003  3.117  3.6634  0.928    0  0.000  0.463     0.00     0.00 -1  5.48e-09      0.00 7.000e-01 2.990e-01 1.100e-03 5.880e-04 3.170e-03 -1.000 1.000e-03 -3.023 -0.847 -1.464 -2.549 -3.167 -3.723 -4.458 -5.054 -5.137
0.00010 5.00e+09 1.0337599516    1.001  3.156  3.6613  0.880    0  0.000  0.463     0.00     0.00 -1  6.34e-09      0.00 7.000e-01 2.990e-01 1.100e-03 5.880e-04 3.170e-03 -1.000 1.000e-03 -3.119 -0.853 -1.513 -2.628 -3.258 -3.820 -4.564 -5.165 -5.248
0.00010 5.00e+09 1.0337834358    0.998  3.192  3.6593  0.834    0  0.000  0.463     0.00     0.00 -1   7.3e-09      0.00 7.000e-01 2.990e-01 1.100e-03 5.880e-04 3.170e-03 -1.000 1.000e-03 -3.211 -0.856 -1.559 -2.703 -3.344 -3.914 -4.665 -5.270 -5.355
0.00010 5.00e+09 1.0337957144    0.997  1.839  3.7797  2.668    4  0.000  0.463     0.00     0.00 -1         0      0.00 7.000e-01 2.990e-01 1.100e-03 5.880e-04 3.170e-03 -1.000 1.000e-03 0.172 0.599 0.701 0.281 -0.032 -0.347 -0.746 -1.066 -1.098
0.00010 5.00e+09 1.0339434147    0.997  1.855  3.7730  2.625    4  0.000  0.463     0.00     0.00 -1         0      0.00 7.000e-01 2.990e-01 1.100e-03 5.880e-04 3.170e-03 -1.000 1.000e-03 0.131 0.590 0.692 0.252 -0.074 -0.400 -0.817 -1.153 -1.187
0.00010 5.00e+09 1.0340875387    0.997  1.860  3.7716  2.615    4  0.000  0.463     0.00     0.00 -1         0      0.00 7.000e-01 2.990e-01 1.100e-03 5.880e-04 3.170e-03 -1.000 1.000e-03 0.120 0.586 0.688 0.244 -0.085 -0.414 -0.835 -1.174 -1.208
0.00010 5.00e+09 1.0342346430    0.997  1.863  3.7712  2.611    4  0.000  0.463     0.00     0.00 -1         0      0.00 7.000e-01 2.990e-01 1.100e-03 5.880e-04 3.170e-03 -1.000 1.000e-03 0.114 0.581 0.683 0.237 -0.092 -0.422 -0.843 -1.184 -1.218
0.00010 5.00e+09 1.0343816280    0.998  1.865  3.7712  2.609    4  0.000  0.463     0.00     0.00 -1         0      0.00 7.000e-01 2.990e-01 1.100e-03 5.880e-04 3.170e-03 -1.000 1.000e-03 0.108 0.576 0.677 0.231 -0.098 -0.427 -0.849 -1.189 -1.223
0.00010 5.00e+09 1.0345306396    0.998  1.867  3.7717  2.609    4  0.000  0.463     0.00     0.00 -1         0      0.00 7.000e-01 2.990e-01 1.100e-03 5.880e-04 3.170e-03 -1.000 1.000e-03 0.103 0.569 0.669 0.226 -0.103 -0.431 -0.851 -1.190 -1.224
0.00010 5.00e+09 1.0346772671    0.998  1.868  3.7727  2.612    4  0.000  0.463     0.00     0.00 -1         0      0.00 7.000e-01 2.990e-01 1.100e-03 5.880e-04 3.170e-03 -1.000 1.000e-03 0.099 0.561 0.661 0.220 -0.106 -0.433 -0.851 -1.188 -1.221
0.00010 5.00e+09 1.0348243713    0.998  1.869  3.7740  2.616    4  0.000  0.463     0.00     0.00 -1         0      0.00 7.000e-01 2.990e-01 1.100e-03 5.880e-04 3.170e-03 -1.000 1.000e-03 0.096 0.552 0.651 0.215 -0.109 -0.434 -0.848 -1.182 -1.215
0.00010 5.00e+09 1.0349748135    0.998  1.870  3.7756  2.621    4  0.000  0.463     0.00     0.00 -1         0      0.00 7.000e-01 2.990e-01 1.100e-03 5.880e-04 3.170e-03 -1.000 1.000e-03 0.094 0.542 0.641 0.209 -0.111 -0.433 -0.843 -1.172 -1.205
0.00010 5.00e+09 1.0351228714    0.998  1.871  3.7775  2.628    4  0.000  0.463     0.00     0.00 -1         0      0.00 7.000e-01 2.990e-01 1.100e-03 5.880e-04 3.170e-03 -1.000 1.000e-03 0.092 0.531 0.629 0.204 -0.113 -0.431 -0.836 -1.161 -1.193
0.00010 5.00e+09 1.0352672338    0.999  1.872  3.7796  2.636    4  0.000  0.463     0.00     0.00 -1         0      0.00 7.000e-01 2.990e-01 1.100e-03 5.880e-04 3.170e-03 -1.000 1.000e-03 0.090 0.520 0.617 0.198 -0.115 -0.429 -0.829 -1.149 -1.181
0.00010 5.00e+09 1.0354061127    0.999  1.873  3.7816  2.643    4  0.000  0.463     0.00     0.00 -1         0      0.00 7.000e-01 2.990e-01 1.100e-03 5.880e-04 3.170e-03 -1.000 1.000e-03 0.088 0.510 0.606 0.193 -0.116 -0.427 -0.821 -1.136 -1.167
0.00010 5.00e+09 1.0355610847    0.999  1.874  3.7839  2.651    4  0.000  0.463     0.00     0.00 -1         0      0.00 7.000e-01 2.990e-01 1.100e-03 5.880e-04 3.170e-03 -1.000 1.000e-03 0.086 0.500 0.593 0.187 -0.118 -0.424 -0.813 -1.123 -1.153
0.00010 5.00e+09 1.0357081890    0.999  1.875  3.7859  2.658    4  0.000  0.463     0.00     0.00 -1         0      0.00 7.000e-01 2.990e-01 1.100e-03 5.880e-04 3.170e-03 -1.000 1.000e-03 0.084 0.490 0.582 0.181 -0.119 -0.422 -0.806 -1.111 -1.141
0.00010 5.00e+09 1.0358523130    0.999  1.876  3.7877  2.665    4  0.000  0.463     0.00     0.00 -1         0      0.00 7.000e-01 2.990e-01 1.100e-03 5.880e-04 3.170e-03 -1.000 1.000e-03 0.081 0.482 0.571 0.176 -0.121 -0.421 -0.800 -1.100 -1.130
0.00010 5.00e+09 1.0358872414    0.999  1.876  3.7881  2.666    4  0.000  0.463     0.00     0.00 -1         0      0.00 7.000e-01 2.990e-01 1.100e-03 5.880e-04 3.170e-03 -1.000 1.000e-03 0.081 0.479 0.568 0.175 -0.122 -0.420 -0.798 -1.098 -1.127
0.00010 5.00e+09 1.0360027552    0.999  1.877  3.7893  2.670    4  0.000  0.463     0.00     0.00 -1         0      0.00 7.000e-01 2.990e-01 1.100e-03 5.880e-04 3.170e-03 -1.000 1.000e-03 0.079 0.473 0.561 0.171 -0.123 -0.420 -0.795 -1.092 -1.121
0.00010 5.00e+09 1.0361528397    1.000  1.878  3.7906  2.674    4  0.000  0.463     0.00     0.00 -1         0      0.00 7.000e-01 2.990e-01 1.100e-03 5.880e-04 3.170e-03 -1.000 1.000e-03 0.076 0.466 0.552 0.166 -0.126 -0.420 -0.792 -1.086 -1.114
0.00010 5.00e+09 1.0363073349    1.000  1.879  3.7916  2.677    4  0.000  0.463     0.00     0.00 -1         0      0.00 7.000e-01 2.990e-01 1.100e-03 5.880e-04 3.170e-03 -1.000 1.000e-03 0.072 0.459 0.544 0.160 -0.129 -0.421 -0.791 -1.082 -1.110
0.00010 5.00e+09 1.0364584923    1.000  1.881  3.7920  2.677    4  0.000  0.463     0.00     0.00 -1         0      0.00 7.000e-01 2.990e-01 1.100e-03 5.880e-04 3.170e-03 -1.000 1.000e-03 0.068 0.454 0.538 0.156 -0.133 -0.424 -0.793 -1.083 -1.111
0.00010 5.00e+09 1.0366052389    1.000  1.882  3.7917  2.675    4  0.000  0.463     0.00     0.00 -1         0      0.00 7.000e-01 2.990e-01 1.100e-03 5.880e-04 3.170e-03 -1.000 1.000e-03 0.064 0.450 0.535 0.152 -0.137 -0.429 -0.798 -1.089 -1.117
0.00010 5.00e+09 1.0367523432    1.000  1.884  3.7910  2.670    4  0.000  0.463     0.00     0.00 -1         0      0.00 7.000e-01 2.990e-01 1.100e-03 5.880e-04 3.170e-03 -1.000 1.000e-03 0.059 0.448 0.533 0.148 -0.142 -0.436 -0.806 -1.099 -1.127
0.00010 5.00e+09 1.0368973017    1.000  1.886  3.7897  2.663    4  0.000  0.463     0.00     0.00 -1         0      0.00 7.000e-01 2.990e-01 1.100e-03 5.880e-04 3.170e-03 -1.000 1.000e-03 0.054 0.448 0.534 0.145 -0.148 -0.444 -0.818 -1.114 -1.142
0.00010 5.00e+09 1.0369234085    1.000  1.887  3.7894  2.661    4  0.000  0.463     0.00     0.00 -1         0      0.00 7.000e-01 2.990e-01 1.100e-03 5.880e-04 3.170e-03 -1.000 1.000e-03 0.053 0.448 0.534 0.144 -0.149 -0.446 -0.820 -1.117 -1.145
0.00010 5.00e+09 1.0370380878    1.000  1.889  3.7879  2.653    4  0.000  0.463     0.00     0.00 -1         0      0.00 7.000e-01 2.990e-01 1.100e-03 5.880e-04 3.170e-03 -1.000 1.000e-03 0.048 0.448 0.536 0.142 -0.155 -0.454 -0.833 -1.132 -1.162
0.00010 5.00e+09 1.0371813774    1.001  1.892  3.7856  2.641    4  0.000  0.463     0.00     0.00 -1         0      0.00 7.000e-01 2.990e-01 1.100e-03 5.880e-04 3.170e-03 -1.000 1.000e-03 0.041 0.449 0.539 0.138 -0.163 -0.466 -0.850 -1.156 -1.185
0.00010 5.00e+09 1.0373225212    1.001  1.895  3.7831  2.628    4  0.000  0.463     0.00     0.00 -1         0      0.00 7.000e-01 2.990e-01 1.100e-03 5.880e-04 3.170e-03 -1.000 1.000e-03 0.033 0.451 0.543 0.135 -0.171 -0.479 -0.870 -1.181 -1.211
0.00010 5.00e+09 1.0374679565    1.001  1.898  3.7801  2.613    4  0.000  0.463     0.00     0.00 -1         0      0.00 7.000e-01 2.990e-01 1.100e-03 5.880e-04 3.170e-03 -1.000 1.000e-03 0.025 0.454 0.547 0.131 -0.181 -0.494 -0.892 -1.210 -1.241
0.00010 5.00e+09 1.0376116037    1.001  1.902  3.7768  2.596    4  0.000  0.463     0.00     0.00 -1         0      0.00 7.000e-01 2.990e-01 1.100e-03 5.880e-04 3.170e-03 -1.000 1.000e-03 0.015 0.459 0.553 0.127 -0.191 -0.510 -0.917 -1.243 -1.276
0.00010 5.00e+09 1.0377540588    1.001  1.907  3.7735  2.578    4  0.000  0.463     0.00     0.00 -1         0      0.00 7.000e-01 2.990e-01 1.100e-03 5.880e-04 3.170e-03 -1.000 1.000e-03 0.004 0.463 0.558 0.121 -0.203 -0.528 -0.943 -1.277 -1.311
0.00010 5.00e+09 1.0378943682    1.001  1.911  3.7704  2.561    4  0.000  0.463     0.00     0.00 -1         0      0.00 7.000e-01 2.990e-01 1.100e-03 5.880e-04 3.170e-03 -1.000 1.000e-03 -0.008 0.466 0.562 0.115 -0.215 -0.546 -0.969 -1.311 -1.345
0.00010 5.00e+09 1.0380357504    1.002  1.916  3.7676  2.545    4  0.000  0.463     0.00     0.00 -1         0      0.00 7.000e-01 2.990e-01 1.100e-03 5.880e-04 3.170e-03 -1.000 1.000e-03 -0.021 0.467 0.563 0.107 -0.229 -0.564 -0.995 -1.343 -1.379
0.00010 5.00e+09 1.0381810665    1.002  1.922  3.7649  2.529    4  0.000  0.463     0.00     0.00 -1         0      0.00 7.000e-01 2.990e-01 1.100e-03 5.880e-04 3.170e-03 -1.000 1.000e-03 -0.034 0.467 0.563 0.098 -0.243 -0.583 -1.021 -1.376 -1.412
0.00010 5.00e+09 1.0383242369    1.002  1.928  3.7619  2.510    4  0.000  0.463     0.00     0.00 -1         0      0.00 7.000e-01 2.990e-01 1.100e-03 5.880e-04 3.170e-03 -1.000 1.000e-03 -0.051 0.468 0.562 0.088 -0.259 -0.605 -1.051 -1.413 -1.450
0.00010 5.00e+09 1.0384678841    1.002  1.939  3.7568  2.479    4  0.000  0.463     0.00     0.00 -1         0      0.00 7.000e-01 2.990e-01 1.100e-03 5.880e-04 3.170e-03 -1.000 1.000e-03 -0.078 0.470 0.560 0.069 -0.288 -0.642 -1.102 -1.476 -1.515
0.00010 5.00e+09 1.0386085510    1.002  1.958  3.7496  2.431    4  0.000  0.463     0.00     0.00 -1         0      0.00 7.000e-01 2.990e-01 1.100e-03 5.880e-04 3.170e-03 -1.000 1.000e-03 -0.125 0.468 0.552 0.036 -0.335 -0.703 -1.181 -1.572 -1.613
0.00010 5.00e+09 1.0387184620    1.002  1.987  3.7406  2.366    4  0.000  0.463     0.00     0.00 -1         0      0.00 7.000e-01 2.990e-01 1.100e-03 5.880e-04 3.170e-03 -1.000 1.000e-03 -0.199 0.459 0.529 -0.020 -0.409 -0.792 -1.295 -1.707 -1.752
0.00010 5.00e+09 1.0387662649    1.002  2.019  3.7332  2.305    4  0.000  0.463     0.00     0.00 -1         0      0.00 7.000e-01 2.990e-01 1.100e-03 5.880e-04 3.170e-03 -1.000 1.000e-03 -0.278 0.443 0.495 -0.083 -0.487 -0.884 -1.406 -1.836 -1.885
0.00010 5.00e+09 1.0387829542    1.002  2.049  3.7279  2.253    4  0.000  0.463     0.00     0.00 -1         0      0.00 7.000e-01 2.990e-01 1.100e-03 5.880e-04 3.170e-03 -1.000 1.000e-03 -0.353 0.417 0.453 -0.146 -0.562 -0.968 -1.505 -1.948 -1.999
0.00010 5.00e+09 1.0387891531    1.002  2.074  3.7244  2.215    4  0.000  0.463     0.00     0.00 -1         0      0.00 7.000e-01 2.990e-01 1.100e-03 5.880e-04 3.170e-03 -1.000 1.000e-03 -0.414 0.389 0.415 -0.200 -0.622 -1.035 -1.582 -2.032 -2.085
0.00010 5.00e+09 1.0387895107    1.002  2.076  3.7242  2.211    4  0.000  0.463     0.00     0.00 -1         0      0.00 7.000e-01 2.990e-01 1.100e-03 5.880e-04 3.170e-03 -1.000 1.000e-03 -0.420 0.386 0.410 -0.205 -0.628 -1.042 -1.589 -2.040 -2.094
0.00010 5.00e+09 1.0387921333    1.002  2.106  3.7214  2.170    4  0.000  0.463     0.00     0.00 -1         0      0.00 7.000e-01 2.990e-01 1.100e-03 5.880e-04 3.170e-03 -1.000 1.000e-03 -0.496 0.343 0.355 -0.274 -0.703 -1.122 -1.676 -2.134 -2.189
0.00010 5.00e+09 1.0387949944    1.002  2.150  3.7182  2.114    4  0.000  0.463     0.00     0.00 -1         0      0.00 7.000e-01 2.990e-01 1.100e-03 5.880e-04 3.170e-03 -1.000 1.000e-03 -0.604 0.276 0.271 -0.373 -0.810 -1.235 -1.799 -2.264 -2.321
0.00010 5.00e+09 1.0387974977    1.002  2.188  3.7156  2.065    4  0.000  0.463     0.00     0.00 -1         0      0.00 7.000e-01 2.990e-01 1.100e-03 5.880e-04 3.170e-03 -1.000 1.000e-03 -0.701 0.213 0.193 -0.464 -0.906 -1.336 -1.907 -2.379 -2.436
0.00010 5.00e+09 1.0388008356    1.002  2.217  3.7138  2.029    4  0.000  0.463     0.00     0.00 -1         0      0.00 7.000e-01 2.990e-01 1.100e-03 5.880e-04 3.170e-03 -1.000 1.000e-03 -0.773 0.163 0.135 -0.531 -0.977 -1.410 -1.986 -2.462 -2.521
0.00010 5.00e+09 1.0388072729    1.002  2.250  3.7119  1.989    4  0.000  0.463     0.00     0.00 -1         0      0.00 7.000e-01 2.990e-01 1.100e-03 5.880e-04 3.170e-03 -1.000 1.000e-03 -0.854 0.107 0.068 -0.608 -1.058 -1.495 -2.077 -2.557 -2.617
0.00010 5.00e+09 1.0388143063    1.002  2.245  3.7122  1.995    4  0.000  0.463     0.00     0.00 -1         0      0.00 7.000e-01 2.990e-01 1.100e-03 5.880e-04 3.170e-03 -1.000 1.000e-03 -0.842 0.115 0.078 -0.596 -1.046 -1.482 -2.063 -2.542 -2.602
0.00010 5.00e+09 1.0388766527    1.003  2.226  3.7132  2.017    4  0.000  0.463     0.00     0.00 -1         0      0.00 7.000e-01 2.990e-01 1.100e-03 5.880e-04 3.170e-03 -1.000 1.000e-03 -0.796 0.148 0.116 -0.553 -1.000 -1.435 -2.013 -2.490 -2.549
0.00010 5.00e+09 1.0389289856    1.003  2.267  3.7106  1.967    4  0.000  0.463     0.00     0.00 -1         0      0.00 7.000e-01 2.990e-01 1.100e-03 5.880e-04 3.170e-03 -1.000 1.000e-03 -0.896 0.083 0.036 -0.646 -1.100 -1.539 -2.125 -2.608 -2.668
0.00010 5.00e+09 1.0389661789    1.003  2.301  3.7085  1.925    4  0.000  0.463     0.00     0.00 -1         0      0.00 7.000e-01 2.990e-01 1.100e-03 5.880e-04 3.170e-03 -1.000 1.000e-03 -0.982 0.029 -0.032 -0.725 -1.184 -1.628 -2.219 -2.707 -2.768
0.00010 5.00e+09 1.0390090942    1.003  2.341  3.7063  1.876    4  0.000  0.463     0.00     0.00 -1         0      0.00 7.000e-01 2.990e-01 1.100e-03 5.880e-04 3.170e-03 -1.000 1.000e-03 -1.081 -0.034 -0.112 -0.818 -1.283 -1.731 -2.329 -2.822 -2.885
0.00010 5.00e+09 1.0390511751    1.003  2.382  3.7040  1.825    4  0.000  0.463     0.00     0.00 -1         0      0.00 7.000e-01 2.990e-01 1.100e-03 5.880e-04 3.170e-03 -1.000 1.000e-03 -1.185 -0.100 -0.195 -0.915 -1.386 -1.839 -2.443 -2.941 -3.005
0.00010 5.00e+09 1.0390884876    1.003  2.423  3.7018  1.775    4  0.000  0.463     0.00     0.00 -1         0      0.00 7.000e-01 2.990e-01 1.100e-03 5.880e-04 3.170e-03 -1.000 1.000e-03 -1.288 -0.166 -0.277 -1.011 -1.487 -1.945 -2.555 -3.059 -3.124
0.00010 5.00e+09 1.0391217470    1.003  2.464  3.6997  1.726    4  0.000  0.463     0.00     0.00 -1         0      0.00 7.000e-01 2.990e-01 1.100e-03 5.880e-04 3.170e-03 -1.000 1.000e-03 -1.390 -0.232 -0.360 -1.107 -1.588 -2.050 -2.667 -3.176 -3.242
0.00010 5.00e+09 1.0391515493    1.003  2.505  3.6976  1.676    4  0.000  0.463     0.00     0.00 -1         0      0.00 7.000e-01 2.990e-01 1.100e-03 5.880e-04 3.170e-03 -1.000 1.000e-03 -1.493 -0.298 -0.443 -1.202 -1.690 -2.156 -2.779 -3.294 -3.360
0.00010 5.00e+09 1.0391784906    1.003  2.547  3.6954  1.626    4  0.000  0.463     0.00     0.00 -1         0      0.00 7.000e-01 2.990e-01 1.100e-03 5.880e-04 3.170e-03 -1.000 1.000e-03 -1.597 -0.363 -0.526 -1.299 -1.792 -2.264 -2.893 -3.412 -3.480
0.00010 5.00e+09 1.0392025709    1.003  2.588  3.6933  1.576    4  0.000  0.463     0.00     0.00 -1         0      0.00 7.000e-01 2.990e-01 1.100e-03 5.880e-04 3.170e-03 -1.000 1.000e-03 -1.701 -0.421 -0.605 -1.394 -1.894 -2.370 -3.006 -3.531 -3.599
0.00010 5.00e+09 1.0392246246    1.003  2.630  3.6912  1.526    4  0.000  0.463     0.00     0.00 -1         0      0.00 7.000e-01 2.990e-01 1.100e-03 5.880e-04 3.170e-03 -1.000 1.000e-03 -1.806 -0.478 -0.686 -1.491 -1.997 -2.478 -3.121 -3.650 -3.720
0.00010 5.00e+09 1.0392444134    1.003  2.671  3.6891  1.477    4  0.000  0.463     0.00     0.00 -1         0      0.00 7.000e-01 2.990e-01 1.100e-03 5.880e-04 3.170e-03 -1.000 1.000e-03 -1.908 -0.532 -0.762 -1.584 -2.097 -2.583 -3.232 -3.766 -3.837
0.00010 5.00e+09 1.0392628908    1.003  2.712  3.6870  1.427    4  0.000  0.463     0.00     0.00 -1         0      0.00 7.000e-01 2.990e-01 1.100e-03 5.880e-04 3.170e-03 -1.000 1.000e-03 -2.009 -0.583 -0.838 -1.676 -2.196 -2.687 -3.343 -3.882 -3.954
0.00010 5.00e+09 1.0392804146    1.003  2.752  3.6849  1.379    4  0.000  0.463     0.00     0.00 -1         0      0.00 7.000e-01 2.990e-01 1.100e-03 5.880e-04 3.170e-03 -1.000 1.000e-03 -2.110 -0.633 -0.912 -1.768 -2.295 -2.791 -3.453 -3.997 -4.070
0.00010 5.00e+09 1.0392973423    1.003  2.793  3.6827  1.329    4  0.000  0.463     0.00     0.00 -1         0      0.00 7.000e-01 2.990e-01 1.100e-03 5.880e-04 3.170e-03 -1.000 1.000e-03 -2.213 -0.682 -0.986 -1.861 -2.395 -2.897 -3.566 -4.114 -4.188
0.00010 5.00e+09 1.0393133163    1.003  2.835  3.6806  1.279    4  0.000  0.463     0.00     0.00 -1         0      0.00 7.000e-01 2.990e-01 1.100e-03 5.880e-04 3.170e-03 -1.000 1.000e-03 -2.317 -0.724 -1.058 -1.954 -2.497 -3.004 -3.680 -4.233 -4.309
0.00010 5.00e+09 1.0393277407    1.003  2.875  3.6784  1.230    4  0.000  0.463     0.00     0.00 -1         0      0.00 7.000e-01 2.990e-01 1.100e-03 5.880e-04 3.170e-03 -1.000 1.000e-03 -2.417 -0.758 -1.125 -2.041 -2.593 -3.105 -3.788 -4.347 -4.423
0.00010 5.00e+09 1.0393421650    1.003  2.916  3.6763  1.181    4  0.000  0.463     0.00     0.00 -1         0      0.00 7.000e-01 2.990e-01 1.100e-03 5.880e-04 3.170e-03 -1.000 1.000e-03 -2.519 -0.791 -1.192 -2.131 -2.691 -3.210 -3.900 -4.464 -4.542
0.00010 5.00e+09 1.0393556356    1.003  2.958  3.6740  1.130    4  0.000  0.463     0.00     0.00 -1         0      0.00 7.000e-01 2.990e-01 1.100e-03 5.880e-04 3.170e-03 -1.000 1.000e-03 -2.624 -0.822 -1.259 -2.222 -2.792 -3.317 -4.014 -4.584 -4.662
0.00010 5.00e+09 1.0393670797    1.003  2.999  3.6717  1.079    4  0.000  0.463     0.00     0.00 -1         0      0.00 7.000e-01 2.990e-01 1.100e-03 5.880e-04 3.170e-03 -1.000 1.000e-03 -2.727 -0.850 -1.324 -2.311 -2.891 -3.422 -4.127 -4.703 -4.782
0.00010 5.00e+09 1.0393761396    1.003  3.038  3.6695  1.032    4  0.000  0.463     0.00     0.00 -1         0      0.00 7.000e-01 2.990e-01 1.100e-03 5.880e-04 3.170e-03 -1.000 1.000e-03 -2.824 -0.875 -1.383 -2.395 -2.984 -3.521 -4.234 -4.815 -4.895
0.00010 5.00e+09 1.0393843651    1.003  3.074  3.6674  0.987    4  0.000  0.463     0.00     0.00 -1         0      0.00 7.000e-01 2.990e-01 1.100e-03 5.880e-04 3.170e-03 -1.000 1.000e-03 -2.916 -0.891 -1.436 -2.472 -3.071 -3.614 -4.335 -4.921 -5.002
0.00010 5.00e+09 1.0393928289    1.003  3.117  3.6650  0.934    4  0.000  0.463     0.00     0.00 -1         0      0.00 7.000e-01 2.990e-01 1.100e-03 5.880e-04 3.170e-03 -1.000 1.000e-03 -3.023 -0.898 -1.492 -2.560 -3.172 -3.723 -4.453 -5.044 -5.126
0.00010 5.00e+09 1.0393997431    1.003  3.168  3.6619  0.871    4  0.000  0.463     0.00     0.00 -1         0      0.00 7.000e-01 2.990e-01 1.100e-03 5.880e-04 3.170e-03 -1.000 1.000e-03 -3.150 -0.899 -1.553 -2.663 -3.291 -3.852 -4.593 -5.192 -5.275
0.00010 5.00e+09 1.0394037962    1.003  3.204  3.6597  0.826    4  0.000  0.463     0.00     0.00 -1         0      0.00 7.000e-01 2.990e-01 1.100e-03 5.880e-04 3.170e-03 -1.000 1.000e-03 -3.241 -0.895 -1.595 -2.736 -3.375 -3.944 -4.694 -5.298 -5.382
0.00010 5.00e+09 1.0394042730    1.003  3.211  3.6593  0.818    4  0.000  0.463     0.00     0.00 -1         0      0.00 7.000e-01 2.990e-01 1.100e-03 5.880e-04 3.170e-03 -1.000 1.000e-03 -3.257 -0.894 -1.602 -2.749 -3.391 -3.961 -4.712 -5.317 -5.401
0.00010 5.00e+09 1.0394051075    1.003  3.222  3.6586  0.804    4  0.535  0.463     0.00     0.00 -1         0      0.00 7.000e-01 2.990e-01 1.100e-03 5.880e-04 3.170e-03 -1.000 1.000e-03 -3.285 -0.892 -1.614 -2.771 -3.417 -3.989 -4.743 -5.350 -5.434
0.00010 5.00e+09 1.0394055843    1.003  3.234  3.6579  0.789    4  0.535  0.463     0.00     0.00 -1         0      0.00 7.000e-01 2.990e-01 1.100e-03 5.880e-04 3.170e-03 -1.000 1.000e-03 -3.315 -0.890 -1.627 -2.794 -3.444 -4.019 -4.776 -5.384 -5.469
0.00010 5.00e+09 1.0394059420    1.003  3.241  3.6562  0.776    8  0.535  0.404    32.48    19.85  1 -2.94e-07      0.00 7.393e-01 2.605e-01 1.276e-05 1.199e-05 4.215e-05 -1.000 1.242e-04 -3.332 -0.844 -1.611 -2.798 -3.456 -4.037 -4.800 -5.413 -5.498
0.00010 5.00e+09 1.0394061804    1.002  3.077  3.6658  0.977    8  0.535  0.404    21.04    13.63  1 -1.57e-07      0.00 7.393e-01 2.605e-01 1.276e-05 1.199e-05 4.215e-05 -1.000 1.241e-04 -2.923 -0.843 -1.414 -2.468 -3.073 -3.621 -4.348 -4.939 -5.020
0.00010 5.00e+09 1.0394064188    1.001  2.952  3.6730  1.130    8  0.536  0.404    15.12    10.24  1 -1.01e-07      0.00 7.393e-01 2.605e-01 1.276e-05 1.199e-05 4.215e-05 -1.000 1.242e-04 -2.611 -0.784 -1.232 -2.204 -2.777 -3.304 -4.005 -4.577 -4.656
0.00010 5.00e+09 1.0394068956    0.997  2.706  3.6873  1.432    8  0.536  0.404     7.87     5.82  1 -4.56e-08      0.00 7.393e-01 2.605e-01 1.276e-05 1.199e-05 4.215e-05 -1.000 1.242e-04 -1.995 -0.576 -0.827 -1.663 -2.182 -2.672 -3.327 -3.865 -3.937
0.00010 5.00e+09 1.0394077301    0.993  2.712  3.6869  1.423    8  0.536  0.404     8.03     5.92  1 -4.66e-08      0.00 7.393e-01 2.605e-01 1.276e-05 1.199e-05 4.215e-05 -1.000 1.242e-04 -2.010 -0.581 -0.837 -1.676 -2.197 -2.688 -3.344 -3.883 -3.955
0.00010 5.00e+09 1.0394086838    0.987  2.767  3.6835  1.351    8  0.536  0.404     9.37     6.75  1 -5.57e-08      0.00 7.393e-01 2.605e-01 1.276e-05 1.199e-05 4.215e-05 -1.000 1.242e-04 -2.148 -0.638 -0.932 -1.800 -2.331 -2.831 -3.497 -4.044 -4.118
0.00010 5.00e+09 1.0394099951    0.980  2.936  3.6734  1.139    8  0.536  0.404    14.78    10.00  1 -9.75e-08      0.00 7.393e-01 2.605e-01 1.276e-05 1.199e-05 4.215e-05 -1.000 1.241e-04 -2.569 -0.757 -1.198 -2.165 -2.736 -3.262 -3.961 -4.533 -4.611
0.00010 5.00e+09 1.0394114256    0.971  3.100  3.6635  0.931    8  0.537  0.404    23.14    14.70  1 -1.77e-07      0.00 7.393e-01 2.605e-01 1.276e-05 1.199e-05 4.215e-05 -1.000 1.242e-04 -2.981 -0.809 -1.424 -2.509 -3.126 -3.681 -4.416 -5.012 -5.095
0.00010 5.00e+09 1.0394130945    0.962  3.214  3.6564  0.784    8  0.537  0.404    31.72    19.26  1 -2.78e-07      0.00 7.393e-01 2.605e-01 1.276e-05 1.199e-05 4.215e-05 -1.000 1.241e-04 -3.266 -0.790 -1.551 -2.735 -3.391 -3.970 -4.733 -5.345 -5.430
0.00010 5.00e+09 1.0394150019    0.951  3.279  3.6522  0.698    8  0.537  0.404    38.17    22.54  1 -3.66e-07      0.00 7.393e-01 2.605e-01 1.276e-05 1.199e-05 4.215e-05 -1.000 1.241e-04 -3.428 -0.754 -1.608 -2.855 -3.538 -4.133 -4.912 -5.535 -5.622
0.00010 5.00e+09 1.0394171476    0.939  3.313  3.6498  0.649    8  0.538  0.404    42.35    24.58  1 -4.28e-07      0.00 7.393e-01 2.605e-01 1.276e-05 1.199e-05 4.215e-05 -1.000 1.241e-04 -3.512 -0.716 -1.628 -2.912 -3.611 -4.215 -5.006 -5.636 -5.723
0.00010 5.00e+09 1.0394195318    0.926  3.334  3.6481  0.615    8  0.538  0.404    45.58    26.09  1 -4.77e-07      0.00 7.393e-01 2.605e-01 1.276e-05 1.199e-05 4.215e-05 -1.000 1.241e-04 -3.566 -0.680 -1.635 -2.947 -3.657 -4.268 -5.067 -5.702 -5.789
0.00010 5.00e+09 1.0394196510    0.924  3.230  3.6544  0.744    8  0.538  0.404    34.46    20.48  1  -3.1e-07      0.00 7.393e-01 2.605e-01 1.276e-05 1.199e-05 4.215e-05 -1.000 1.241e-04 -3.304 -0.738 -1.541 -2.755 -3.423 -4.009 -4.779 -5.397 -5.483
0.00010 5.00e+09 1.0394201279    0.919  3.056  3.6650  0.958    8  0.539  0.404    21.72    13.72  1  -1.6e-07      0.00 7.393e-01 2.605e-01 1.276e-05 1.199e-05 4.215e-05 -1.000 1.241e-04 -2.870 -0.759 -1.345 -2.409 -3.018 -3.569 -4.298 -4.890 -4.972
0.00010 5.00e+09 1.0394208431    0.911  2.809  3.6802  1.262    8  0.539  0.404    11.27     7.76  1 -6.94e-08      0.00 7.393e-01 2.605e-01 1.276e-05 1.199e-05 4.215e-05 -1.000 1.240e-04 -2.252 -0.645 -0.987 -1.886 -2.431 -2.939 -3.616 -4.170 -4.246
0.00010 5.00e+09 1.0394217968    0.900  2.814  3.6802  1.251    8  0.539  0.404    11.51     7.88  1 -7.19e-08      0.00 7.393e-01 2.605e-01 1.276e-05 1.199e-05 4.215e-05 -1.000 1.241e-04 -2.264 -0.654 -0.998 -1.898 -2.443 -2.951 -3.629 -4.183 -4.258
0.00010 5.00e+09 1.0394231081    0.885  2.868  3.6773  1.179    8  0.539  0.404    13.45     8.97  1 -8.81e-08      0.00 7.393e-01 2.605e-01 1.276e-05 1.199e-05 4.215e-05 -1.000 1.242e-04 -2.399 -0.696 -1.086 -2.016 -2.573 -3.089 -3.776 -4.337 -4.414
0.00010 5.00e+09 1.0394247770    0.868  3.031  3.6677  0.969    8  0.540  0.404    21.12    13.17  1 -1.61e-07      0.00 7.393e-01 2.605e-01 1.276e-05 1.199e-05 4.215e-05 -1.000 1.242e-04 -2.806 -0.783 -1.328 -2.364 -2.962 -3.506 -4.225 -4.810 -4.891
0.00010 5.00e+09 1.0394266844    0.848  3.188  3.6584  0.764    8  0.541  0.404    32.84    19.15  1 -3.05e-07      0.00 7.393e-01 2.605e-01 1.276e-05 1.199e-05 4.215e-05 -1.000 1.241e-04 -3.201 -0.779 -1.516 -2.682 -3.332 -3.907 -4.662 -5.268 -5.352
0.00010 5.00e+09 1.0394288301    0.825  3.296  3.6522  0.619    8  0.541  0.404    44.80    24.81  1 -4.98e-07      0.00 7.393e-01 2.605e-01 1.276e-05 1.199e-05 4.215e-05 -1.000 1.241e-04 -3.470 -0.744 -1.626 -2.890 -3.580 -4.178 -4.959 -5.581 -5.667
0.00010 5.00e+09 1.0394313335    0.800  3.355  3.6490  0.534    8  0.542  0.404    53.82    28.74  1 -6.77e-07      0.00 7.393e-01 2.605e-01 1.276e-05 1.199e-05 4.215e-05 -1.000 1.241e-04 -3.618 -0.711 -1.679 -2.999 -3.713 -4.325 -5.120 -5.751 -5.838
0.00010 5.00e+09 1.0394340754    0.773  3.384  3.6477  0.485    8  0.543  0.404    59.78    31.02  1 -8.17e-07      0.00 7.393e-01 2.605e-01 1.276e-05 1.199e-05 4.215e-05 -1.000 1.242e-04 -3.690 -0.697 -1.705 -3.052 -3.777 -4.397 -5.198 -5.831 -5.919
0.00010 5.00e+09 1.0394371748    0.744  3.400  3.6472  0.450    8  0.544  0.404    64.58    32.56  1 -9.43e-07      0.00 7.393e-01 2.605e-01 1.276e-05 1.199e-05 4.215e-05 -1.000 1.242e-04 -3.731 -0.693 -1.722 -3.083 -3.816 -4.439 -5.243 -5.877 -5.964
0.00010 5.00e+09 1.0394372940    0.742  3.312  3.6531  0.561    8  0.544  0.404    50.85    26.45  1 -6.45e-07      0.00 7.393e-01 2.605e-01 1.276e-05 1.199e-05 4.215e-05 -1.000 1.242e-04 -3.510 -0.782 -1.668 -2.933 -3.624 -4.222 -4.999 -5.616 -5.702
0.00010 5.00e+09 1.0394376516    0.737  3.141  3.6647  0.775    8  0.544  0.404    32.04    17.68  1 -3.25e-07      0.00 7.393e-01 2.605e-01 1.276e-05 1.199e-05 4.215e-05 -1.000 1.242e-04 -3.083 -0.873 -1.515 -2.610 -3.232 -3.789 -4.520 -5.110 -5.191
0.00010 5.00e+09 1.0394383669    0.728  2.895  3.6816  1.083    8  0.544  0.404    16.49     9.89  1 -1.35e-07      0.00 7.393e-01 2.605e-01 1.276e-05 1.199e-05 4.215e-05 -1.000 1.241e-04 -2.467 -0.844 -1.207 -2.107 -2.652 -3.159 -3.831 -4.380 -4.454
0.00010 5.00e+09 1.0394393206    0.716  2.900  3.6827  1.075    8  0.545  0.404    16.82     9.96  1 -1.44e-07      0.00 7.393e-01 2.605e-01 1.276e-05 1.199e-05 4.215e-05 -1.000 1.242e-04 -2.481 -0.881 -1.235 -2.126 -2.668 -3.173 -3.841 -4.387 -4.460
0.00010 5.00e+09 1.0394405127    0.700  2.955  3.6810  1.004    8  0.545  0.404    19.65    11.24  1 -1.83e-07      0.00 7.393e-01 2.605e-01 1.276e-05 1.199e-05 4.215e-05 -1.000 1.242e-04 -2.618 -0.960 -1.344 -2.254 -2.803 -3.312 -3.986 -4.535 -4.609
0.00010 5.00e+09 1.0394419432    0.682  3.114  3.6731  0.802    8  0.545  0.404    30.51    16.15  1 -3.53e-07      0.00 7.393e-01 2.605e-01 1.276e-05 1.199e-05 4.215e-05 -1.000 1.242e-04 -3.014 -1.067 -1.592 -2.598 -3.185 -3.718 -4.419 -4.986 -5.063
0.00010 5.00e+09 1.0394437313    0.660  3.267  3.6659  0.606    8  0.546  0.404    46.92    22.83  1 -7.11e-07      0.00 7.393e-01 2.605e-01 1.276e-05 1.199e-05 4.215e-05 -1.000 1.241e-04 -3.398 -1.147 -1.818 -2.925 -3.551 -4.110 -4.837 -5.420 -5.500
0.00010 5.00e+09 1.0394457579    0.637  3.372  3.6622  0.470    8  0.547  0.404    63.75    28.70  1 -1.23e-06      0.00 7.393e-01 2.605e-01 1.276e-05 1.199e-05 4.215e-05 -1.000 1.242e-04 -3.661 -1.208 -1.977 -3.150 -3.803 -4.378 -5.120 -5.710 -5.792
0.00010 5.00e+09 1.0394480228    0.611  3.431  3.6619  0.392    8  0.547  0.404    77.24    32.06  1 -1.77e-06      0.00 7.393e-01 2.605e-01 1.276e-05 1.199e-05 4.215e-05 -1.000 1.241e-04 -3.808 -1.299 -2.095 -3.287 -3.949 -4.528 -5.272 -5.860 -5.942
0.00010 5.00e+09 1.0394505262    0.583  3.461  3.6638  0.350    8  0.548  0.404    88.82    32.78  1 -2.27e-06      0.00 7.393e-01 2.605e-01 1.276e-05 1.199e-05 4.215e-05 -1.000 1.241e-04 -3.882 -1.424 -2.200 -3.375 -4.030 -4.605 -5.341 -5.922 -6.003
0.00010 5.00e+09 1.0394533873    0.554  3.480  3.6670  0.322    8  0.549  0.404   115.41    29.09  1 -2.81e-06      0.00 7.393e-01 2.605e-01 1.276e-05 1.199e-05 4.215e-05 -1.000 1.241e-04 -3.929 -1.574 -2.307 -3.446 -4.087 -4.653 -5.377 -5.949 -6.029
0.00010 5.00e+09 1.0394548178    0.554 -9.999  4.0570  1.929    9  0.554  0.017     0.00     0.00 -1         0      0.00 7.393e-01 2.605e-01 1.276e-05 1.199e-05 4.215e-05 -1.000 1.240e-04 29.767 29.906 30.336 30.406 30.409 30.423 30.525 30.538 30.563
#isochrone terminated
