# File generated by CMD 3.0 (http://stev.oapd.inaf.it/cmd) on Thu Jun  8 21:06:20 CEST 2017
# isochrones PARSEC release v1.2S + COLIBRI release PR16, as in Marigo et al. 2017
# Basic reference: Marigo et al. (2017), ApJ, 835, 77
# Photometric system: <i>UBVRIJHK</i> (cf. Maiz-Apellaniz 2006 + Bessell 1990)
# O-rich circumstellar dust ignored
# C-rich circumstellar dust ignored
# Kind of output: isochrone tables
# Zini Age Mini  Mass   logL    logTe  logg  label   McoreTP C_O  period0 period1 pmode  Mloss  tau1m   X   Y   Xc  Xn  Xo  Cexcess  Z 	 mbolmag  Umag    Bmag    Vmag    Rmag    Imag    Jmag    Hmag    Kmag
0.01500 5.00e+09 0.0900000036    0.090 -3.423  3.3627  5.218    0  0.000  0.463     0.00     0.00 -1  3.89e-17      0.00 7.000e-01 2.990e-01 1.100e-03 5.880e-04 3.170e-03 -1.000 1.000e-03 13.328 25.062 21.108 18.663 16.374 13.889 11.226 10.623 10.287
0.01500 5.00e+09 0.1000000089    0.100 -3.240  3.3887  5.185    0  0.000  0.463     0.00     0.00 -1  5.85e-17      0.00 7.000e-01 2.990e-01 1.100e-03 5.880e-04 3.170e-03 -1.000 1.000e-03 12.871 23.071 19.776 17.569 15.510 13.131 10.757 10.204 9.891
0.01500 5.00e+09 0.1158832535    0.116 -3.026  3.4169  5.147    0  0.000  0.463     0.00     0.00 -1  9.29e-17      0.00 7.000e-01 2.990e-01 1.100e-03 5.880e-04 3.170e-03 -1.000 1.000e-03 12.334 20.961 18.332 16.307 14.511 12.319 10.258 9.730 9.423
0.01500 5.00e+09 0.1200000048    0.120 -2.975  3.4236  5.139    0  0.000  0.463     0.00     0.00 -1  1.04e-16      0.00 7.000e-01 2.990e-01 1.100e-03 5.880e-04 3.170e-03 -1.000 1.000e-03 12.207 20.493 17.998 16.012 14.276 12.137 10.146 9.620 9.314
0.01500 5.00e+09 0.1400000006    0.140 -2.792  3.4437  5.103    0  0.000  0.463     0.00     0.00 -1  1.53e-16      0.00 7.000e-01 2.990e-01 1.100e-03 5.880e-04 3.170e-03 -1.000 1.000e-03 11.750 19.219 16.973 15.067 13.483 11.509 9.740 9.210 8.916
0.01500 5.00e+09 0.1553238928    0.155 -2.682  3.4543  5.080    0  0.000  0.463     0.00     0.00 -1  1.91e-16      0.00 7.000e-01 2.990e-01 1.100e-03 5.880e-04 3.170e-03 -1.000 1.000e-03 11.475 18.510 16.406 14.550 13.049 11.169 9.495 8.962 8.672
0.01500 5.00e+09 0.1599999964    0.160 -2.651  3.4573  5.074    0  0.000  0.463     0.00     0.00 -1  2.04e-16      0.00 7.000e-01 2.990e-01 1.100e-03 5.880e-04 3.170e-03 -1.000 1.000e-03 11.397 18.309 16.245 14.403 12.925 11.072 9.425 8.892 8.602
0.01500 5.00e+09 0.2000000179    0.200 -2.434  3.4760  5.029    0  0.000  0.463     0.00     0.00 -1         0      0.00 7.000e-01 2.990e-01 1.100e-03 5.880e-04 3.170e-03 -1.000 1.000e-03 10.855 17.036 15.222 13.473 12.130 10.443 8.936 8.400 8.117
0.01500 5.00e+09 0.2500000000    0.250 -2.227  3.4924  4.985    0  0.000  0.463     0.00     0.00 -1  4.79e-16      0.00 7.000e-01 2.990e-01 1.100e-03 5.880e-04 3.170e-03 -1.000 1.000e-03 10.339 15.982 14.333 12.659 11.413 9.863 8.461 7.923 7.649
0.01500 5.00e+09 0.3000000119    0.300 -2.066  3.5031  4.946    0  0.000  0.463     0.00     0.00 -1         0      0.00 7.000e-01 2.990e-01 1.100e-03 5.880e-04 3.170e-03 -1.000 1.000e-03 9.935 15.283 13.712 12.079 10.888 9.421 8.083 7.542 7.275
0.01500 5.00e+09 0.3052468300    0.305 -2.049  3.5041  4.940    0  0.000  0.463     0.00     0.00 -1         0      0.00 7.000e-01 2.990e-01 1.100e-03 5.880e-04 3.170e-03 -1.000 1.000e-03 9.892 15.215 13.650 12.021 10.834 9.375 8.042 7.501 7.235
0.01500 5.00e+09 0.3500000238    0.350 -1.911  3.5117  4.892    0  0.000  0.463     0.00     0.00 -1         0      0.00 7.000e-01 2.990e-01 1.100e-03 5.880e-04 3.170e-03 -1.000 1.000e-03 9.547 14.678 13.161 11.560 10.408 9.006 7.715 7.170 6.910
0.01500 5.00e+09 0.3717191815    0.372 -1.846  3.5167  4.874    0  0.000  0.463     0.00     0.00 -1         0      0.00 7.000e-01 2.990e-01 1.100e-03 5.880e-04 3.170e-03 -1.000 1.000e-03 9.386 14.399 12.909 11.327 10.195 8.829 7.564 7.017 6.761
0.01500 5.00e+09 0.4000000358    0.400 -1.768  3.5228  4.851    0  0.000  0.463     0.00     0.00 -1  1.27e-15      0.00 7.000e-01 2.990e-01 1.100e-03 5.880e-04 3.170e-03 -1.000 1.000e-03 9.189 14.069 12.608 11.046 9.939 8.615 7.381 6.829 6.578
0.01500 5.00e+09 0.4500000477    0.450 -1.618  3.5349  4.801    0  0.000  0.463     0.00     0.00 -1   1.8e-15      0.00 7.000e-01 2.990e-01 1.100e-03 5.880e-04 3.170e-03 -1.000 1.000e-03 8.816 13.442 12.034 10.510 9.448 8.212 7.037 6.476 6.233
0.01500 5.00e+09 0.5000000000    0.500 -1.462  3.5499  4.751    0  0.000  0.463     0.00     0.00 -1  2.59e-15      0.00 7.000e-01 2.990e-01 1.100e-03 5.880e-04 3.170e-03 -1.000 1.000e-03 8.425 12.784 11.423 9.939 8.924 7.792 6.685 6.111 5.877
0.01500 5.00e+09 0.5252925158    0.525 -1.375  3.5598  4.725    0  0.000  0.463     0.00     0.00 -1  3.17e-15      0.00 7.000e-01 2.990e-01 1.100e-03 5.880e-04 3.170e-03 -1.000 1.000e-03 8.208 12.423 11.076 9.615 8.627 7.558 6.493 5.909 5.683
0.01500 5.00e+09 0.5500000119    0.550 -1.294  3.5692  4.701    0  0.000  0.463     0.00     0.00 -1  3.84e-15      0.00 7.000e-01 2.990e-01 1.100e-03 5.880e-04 3.170e-03 -1.000 1.000e-03 8.005 12.105 10.763 9.320 8.356 7.343 6.314 5.720 5.504
0.01500 5.00e+09 0.6000000238    0.600 -1.127  3.5930  4.667    0  0.000  0.463     0.00     0.00 -1  5.62e-15      0.00 7.000e-01 2.990e-01 1.100e-03 5.880e-04 3.170e-03 -1.000 1.000e-03 7.587 11.108 9.986 8.686 7.786 6.914 5.934 5.289 5.138
0.01500 5.00e+09 0.6499999762    0.650 -0.958  3.6217  4.648    0  0.000  0.463     0.00     0.00 -1  8.15e-15      0.00 7.000e-01 2.990e-01 1.100e-03 5.880e-04 3.170e-03 -1.000 1.000e-03 7.165 10.214 9.168 7.955 7.161 6.500 5.621 4.921 4.813
0.01500 5.00e+09 0.7000000477    0.700 -0.795  3.6511  4.635    0  0.000  0.463     0.00     0.00 -1  1.16e-14      0.00 7.000e-01 2.990e-01 1.100e-03 5.880e-04 3.170e-03 -1.000 1.000e-03 6.758 9.336 8.420 7.317 6.624 6.078 5.295 4.641 4.558
0.01500 5.00e+09 0.7281954288    0.728 -0.706  3.6676  4.629    0  0.000  0.463     0.00     0.00 -1   1.4e-14      0.00 7.000e-01 2.990e-01 1.100e-03 5.880e-04 3.170e-03 -1.000 1.000e-03 6.535 8.822 8.016 6.978 6.344 5.842 5.118 4.515 4.441
0.01500 5.00e+09 0.7500000000    0.750 -0.639  3.6799  4.624    0  0.000  0.463     0.00     0.00 -1  1.62e-14      0.00 7.000e-01 2.990e-01 1.100e-03 5.880e-04 3.170e-03 -1.000 1.000e-03 6.367 8.439 7.723 6.732 6.140 5.666 4.987 4.422 4.355
0.01500 5.00e+09 0.7909125686    0.791 -0.520  3.6979  4.600    0  0.000  0.463     0.00     0.00 -1  2.13e-14      0.00 7.000e-01 2.990e-01 1.100e-03 5.880e-04 3.170e-03 -1.000 1.000e-03 6.071 7.835 7.260 6.337 5.803 5.366 4.749 4.241 4.182
0.01500 5.00e+09 0.8000000715    0.800 -0.495  3.7018  4.595    0  0.000  0.463     0.00     0.00 -1  2.26e-14      0.00 7.000e-01 2.990e-01 1.100e-03 5.880e-04 3.170e-03 -1.000 1.000e-03 6.006 7.707 7.163 6.255 5.732 5.302 4.698 4.201 4.145
0.01500 5.00e+09 0.8051716089    0.805 -0.480  3.7039  4.591    0  0.000  0.463     0.00     0.00 -1  2.34e-14      0.00 7.000e-01 2.990e-01 1.100e-03 5.880e-04 3.170e-03 -1.000 1.000e-03 5.970 7.636 7.109 6.209 5.691 5.266 4.669 4.179 4.123
0.01500 5.00e+09 0.8429482579    0.843 -0.374  3.7193  4.566    0  0.000  0.463     0.00     0.00 -1  3.01e-14      0.00 7.000e-01 2.990e-01 1.100e-03 5.880e-04 3.170e-03 -1.000 1.000e-03 5.704 7.128 6.721 5.881 5.405 5.007 4.460 4.013 3.964
0.01500 5.00e+09 0.8500000238    0.850 -0.354  3.7220  4.562    0  0.000  0.463     0.00     0.00 -1  3.15e-14      0.00 7.000e-01 2.990e-01 1.100e-03 5.880e-04 3.170e-03 -1.000 1.000e-03 5.655 7.036 6.651 5.821 5.352 4.959 4.421 3.982 3.934
0.01500 5.00e+09 0.8589804769    0.859 -0.329  3.7254  4.555    0  0.000  0.463     0.00     0.00 -1  3.35e-14      0.00 7.000e-01 2.990e-01 1.100e-03 5.880e-04 3.170e-03 -1.000 1.000e-03 5.593 6.923 6.564 5.747 5.287 4.899 4.372 3.942 3.895
0.01500 5.00e+09 0.8919518590    0.891 -0.239  3.7374  4.528    0  0.000  0.463     0.00     0.00 -1  4.17e-14      0.00 7.000e-01 2.990e-01 1.100e-03 5.880e-04 3.170e-03 -1.000 1.000e-03 5.367 6.520 6.251 5.484 5.052 4.684 4.193 3.795 3.752
0.01500 5.00e+09 0.8999999762    0.899 -0.217  3.7402  4.521    0  0.000  0.463     0.00     0.00 -1   4.4e-14      0.00 7.000e-01 2.990e-01 1.100e-03 5.880e-04 3.170e-03 -1.000 1.000e-03 5.312 6.426 6.177 5.423 4.996 4.633 4.151 3.759 3.717
0.01500 5.00e+09 0.9013636112    0.901 -0.213  3.7406  4.520    0  0.000  0.463     0.00     0.00 -1  4.44e-14      0.00 7.000e-01 2.990e-01 1.100e-03 5.880e-04 3.170e-03 -1.000 1.000e-03 5.302 6.411 6.164 5.412 4.987 4.624 4.143 3.752 3.711
0.01500 5.00e+09 0.9201124310    0.920 -0.162  3.7468  4.502    0  0.000  0.463     0.00     0.00 -1  5.05e-14      0.00 7.000e-01 2.990e-01 1.100e-03 5.880e-04 3.170e-03 -1.000 1.000e-03 5.174 6.201 5.995 5.270 4.857 4.505 4.041 3.665 3.626
0.01500 5.00e+09 0.9376887083    0.937 -0.114  3.7523  4.485    0  0.000  0.463     0.00     0.00 -1  5.71e-14      0.00 7.000e-01 2.990e-01 1.100e-03 5.880e-04 3.170e-03 -1.000 1.000e-03 5.054 6.008 5.839 5.138 4.737 4.393 3.945 3.582 3.545
0.01500 5.00e+09 0.9499999881    0.950 -0.080  3.7561  4.472    0  0.000  0.463     0.00     0.00 -1  6.22e-14      0.00 7.000e-01 2.990e-01 1.100e-03 5.880e-04 3.170e-03 -1.000 1.000e-03 4.970 5.880 5.732 5.047 4.654 4.315 3.878 3.524 3.488
0.01500 5.00e+09 0.9541663527    0.954 -0.069  3.7573  4.467    0  0.000  0.463     0.00     0.00 -1   6.4e-14      0.00 7.000e-01 2.990e-01 1.100e-03 5.880e-04 3.170e-03 -1.000 1.000e-03 4.942 5.837 5.696 5.016 4.625 4.289 3.855 3.503 3.468
0.01500 5.00e+09 0.9695330262    0.969 -0.027  3.7615  4.449    0  0.000  0.463     0.00     0.00 -1  7.15e-14      0.00 7.000e-01 2.990e-01 1.100e-03 5.880e-04 3.170e-03 -1.000 1.000e-03 4.837 5.681 5.564 4.903 4.520 4.191 3.769 3.427 3.393
0.01500 5.00e+09 0.9840767384    0.984  0.013  3.7654  4.432    0  0.000  0.463     0.00     0.00 -1  7.94e-14      0.00 7.000e-01 2.990e-01 1.100e-03 5.880e-04 3.170e-03 -1.000 1.000e-03 4.737 5.535 5.440 4.796 4.422 4.099 3.687 3.354 3.321
0.01500 5.00e+09 0.9984478354    0.999  0.052  3.7691  4.413    0  0.000  0.463     0.00     0.00 -1  8.81e-14      0.00 7.000e-01 2.990e-01 1.100e-03 5.880e-04 3.170e-03 -1.000 1.000e-03 4.639 5.398 5.320 4.692 4.325 4.008 3.606 3.281 3.249
0.01500 5.00e+09 1.0000000000    1.000  0.057  3.7695  4.411    0  0.000  0.463     0.00     0.00 -1  8.91e-14      0.00 7.000e-01 2.990e-01 1.100e-03 5.880e-04 3.170e-03 -1.000 1.000e-03 4.628 5.384 5.307 4.681 4.314 3.998 3.597 3.273 3.241
0.01500 5.00e+09 1.0135132074    1.013  0.094  3.7726  4.392    0  0.000  0.463     0.00     0.00 -1  9.65e-14      0.00 7.000e-01 2.990e-01 1.100e-03 5.880e-04 3.170e-03 -1.000 1.000e-03 4.535 5.258 5.196 4.583 4.223 3.911 3.518 3.201 3.171
0.01500 5.00e+09 1.0274151564    1.027  0.132  3.7757  4.372    0  0.000  0.463     0.00     0.00 -1  1.05e-13      0.00 7.000e-01 2.990e-01 1.100e-03 5.880e-04 3.170e-03 -1.000 9.999e-04 4.439 5.131 5.082 4.482 4.128 3.821 3.437 3.127 3.097
0.01500 5.00e+09 1.0410137177    1.040  0.170  3.7785  4.351    0  0.000  0.463     0.00     0.00 -1  1.14e-13      0.00 7.000e-01 2.990e-01 1.100e-03 5.880e-04 3.170e-03 -1.000 1.000e-03 4.346 5.008 4.971 4.384 4.036 3.733 3.356 3.052 3.023
0.01500 5.00e+09 1.0499999523    1.049  0.195  3.7803  4.337    0  0.000  0.463     0.00     0.00 -1  1.21e-13      0.00 7.000e-01 2.990e-01 1.100e-03 5.880e-04 3.170e-03 -1.000 1.000e-03 4.284 4.929 4.899 4.319 3.975 3.675 3.302 3.002 2.974
0.01500 5.00e+09 1.0543662310    1.054  0.207  3.7810  4.330    0  0.000  0.463     0.00     0.00 -1  1.24e-13      0.00 7.000e-01 2.990e-01 1.100e-03 5.880e-04 3.170e-03 -1.000 1.000e-03 4.254 4.892 4.865 4.288 3.945 3.647 3.276 2.978 2.950
0.01500 5.00e+09 1.0672361851    1.066  0.241  3.7831  4.309    0  0.000  0.463     0.00     0.00 -1  1.34e-13      0.00 7.000e-01 2.990e-01 1.100e-03 5.880e-04 3.170e-03 -1.000 1.000e-03 4.166 4.788 4.767 4.198 3.859 3.564 3.199 2.905 2.877
0.01500 5.00e+09 1.0796618462    1.079  0.274  3.7847  4.288    0  0.000  0.463     0.00     0.00 -1  1.44e-13      0.00 7.000e-01 2.990e-01 1.100e-03 5.880e-04 3.170e-03 -1.000 9.999e-04 4.085 4.694 4.677 4.115 3.780 3.487 3.125 2.835 2.808
0.01500 5.00e+09 1.0911644697    1.090  0.303  3.7858  4.267    0  0.000  0.463     0.00     0.00 -1  1.54e-13      0.00 7.000e-01 2.990e-01 1.100e-03 5.880e-04 3.170e-03 -1.000 1.000e-03 4.011 4.611 4.596 4.039 3.706 3.415 3.057 2.769 2.742
0.01500 5.00e+09 1.1000000238    1.099  0.328  3.7868  4.250    0  0.000  0.463     0.00     0.00 -1  1.64e-13      0.00 7.000e-01 2.990e-01 1.100e-03 5.880e-04 3.170e-03 -1.000 1.000e-03 3.950 4.542 4.529 3.977 3.646 3.356 3.000 2.714 2.688
0.01500 5.00e+09 1.1078925133    1.107  0.350  3.7876  4.234    0  0.000  0.463     0.00     0.00 -1  1.72e-13      0.00 7.000e-01 2.990e-01 1.100e-03 5.880e-04 3.170e-03 -1.000 1.000e-03 3.894 4.480 4.469 3.920 3.591 3.303 2.949 2.665 2.639
0.01500 5.00e+09 1.1234755516    1.122  0.396  3.7892  4.201    0  0.000  0.463     0.00     0.00 -1  1.92e-13      0.00 7.000e-01 2.990e-01 1.100e-03 5.880e-04 3.170e-03 -1.000 1.000e-03 3.779 4.351 4.343 3.802 3.476 3.191 2.841 2.561 2.535
0.01500 5.00e+09 1.1252634525    1.124  0.402  3.7894  4.197    0  0.000  0.463     0.00     0.00 -1  1.95e-13      0.00 7.000e-01 2.990e-01 1.100e-03 5.880e-04 3.170e-03 -1.000 1.000e-03 3.765 4.337 4.329 3.789 3.463 3.178 2.828 2.549 2.523
0.01500 5.00e+09 1.1365061998    1.135  0.436  3.7902  4.170    0  0.000  0.463     0.00     0.00 -1  2.12e-13      0.00 7.000e-01 2.990e-01 1.100e-03 5.880e-04 3.170e-03 -1.000 1.000e-03 3.679 4.244 4.237 3.701 3.377 3.093 2.746 2.468 2.442
0.01500 5.00e+09 1.1495683193    1.148  0.478  3.7906  4.135    0  0.000  0.463     0.00     0.00 -1  2.36e-13      0.00 7.000e-01 2.990e-01 1.100e-03 5.880e-04 3.170e-03 -1.000 1.000e-03 3.576 4.139 4.131 3.597 3.274 2.991 2.644 2.368 2.342
0.01500 5.00e+09 1.1499999762    1.149  0.479  3.7906  4.134    0  0.000  0.463     0.00     0.00 -1  2.37e-13      0.00 7.000e-01 2.990e-01 1.100e-03 5.880e-04 3.170e-03 -1.000 1.000e-03 3.572 4.135 4.127 3.593 3.270 2.988 2.641 2.364 2.339
0.01500 5.00e+09 1.1573675871    1.156  0.503  3.7901  4.110    0  0.000  0.463     0.00     0.00 -1  2.53e-13      0.00 7.000e-01 2.990e-01 1.100e-03 5.880e-04 3.170e-03 -1.000 1.000e-03 3.511 4.079 4.068 3.532 3.209 2.925 2.577 2.300 2.274
0.01500 5.00e+09 1.1624231339    1.161  0.524  3.7897  4.089    0  0.000  0.463     0.00     0.00 -1  2.69e-13      0.00 7.000e-01 2.990e-01 1.100e-03 5.880e-04 3.170e-03 -1.000 1.000e-03 3.459 4.030 4.017 3.480 3.156 2.872 2.523 2.245 2.219
0.01500 5.00e+09 1.1641461849    1.163  0.534  3.7897  4.080    0  0.000  0.463     0.00     0.00 -1  2.78e-13      0.00 7.000e-01 2.990e-01 1.100e-03 5.880e-04 3.170e-03 -1.000 1.000e-03 3.435 4.007 3.993 3.456 3.133 2.849 2.499 2.222 2.195
0.01500 5.00e+09 1.1679708958    1.167  0.548  3.7889  4.065    0  0.000  0.463     0.00     0.00 -1  2.89e-13      0.00 7.000e-01 2.990e-01 1.100e-03 5.880e-04 3.170e-03 -1.000 1.000e-03 3.400 3.979 3.962 3.422 3.097 2.812 2.461 2.181 2.155
0.01500 5.00e+09 1.1720010042    1.171  0.560  3.7880  4.050    0  0.000  0.463     0.00     0.00 -1  2.99e-13      0.00 7.000e-01 2.990e-01 1.100e-03 5.880e-04 3.170e-03 -1.000 1.000e-03 3.369 3.956 3.935 3.392 3.065 2.779 2.425 2.144 2.117
0.01500 5.00e+09 1.1766842604    1.176  0.575  3.7869  4.033    0  0.000  0.463     0.00     0.00 -1  3.12e-13      0.00 7.000e-01 2.990e-01 1.100e-03 5.880e-04 3.170e-03 -1.000 1.000e-03 3.333 3.929 3.904 3.357 3.028 2.740 2.384 2.101 2.073
0.01500 5.00e+09 1.1826946735    1.182  0.594  3.7852  4.010    0  0.000  0.463     0.00     0.00 -1   3.3e-13      0.00 7.000e-01 2.990e-01 1.100e-03 5.880e-04 3.170e-03 -1.000 1.000e-03 3.285 3.896 3.865 3.311 2.979 2.689 2.328 2.041 2.013
0.01500 5.00e+09 1.1887763739    1.188  0.614  3.7831  3.983    0  0.000  0.463     0.00     0.00 -1  3.51e-13      0.00 7.000e-01 2.990e-01 1.100e-03 5.880e-04 3.170e-03 -1.000 1.000e-03 3.235 3.864 3.825 3.263 2.927 2.633 2.267 1.976 1.947
0.01500 5.00e+09 1.1953890324    1.194  0.637  3.7799  3.950    0  0.000  0.463     0.00     0.00 -1  3.78e-13      0.00 7.000e-01 2.990e-01 1.100e-03 5.880e-04 3.170e-03 -1.000 1.000e-03 3.179 3.835 3.784 3.210 2.869 2.570 2.196 1.898 1.868
0.01500 5.00e+09 1.2000000477    1.199  0.650  3.7759  3.922    0  0.000  0.463     0.00     0.00 -1  3.99e-13      0.00 7.000e-01 2.990e-01 1.100e-03 5.880e-04 3.170e-03 -1.000 1.000e-03 3.145 3.842 3.774 3.182 2.833 2.528 2.143 1.837 1.806
0.01500 5.00e+09 1.2039620876    1.203  0.659  3.7718  3.899    0  0.000  0.463     0.00     0.00 -1  4.14e-13      0.00 7.000e-01 2.990e-01 1.100e-03 5.880e-04 3.170e-03 -1.000 1.000e-03 3.123 3.862 3.776 3.167 2.810 2.498 2.103 1.788 1.755
0.01500 5.00e+09 1.2110712528    1.210  0.653  3.7571  3.848    0  0.000  0.463     0.00     0.00 -1  4.28e-13      0.00 7.000e-01 2.990e-01 1.100e-03 5.880e-04 3.170e-03 -1.000 9.999e-04 3.137 4.037 3.880 3.207 2.821 2.485 2.050 1.701 1.664
0.01500 5.00e+09 1.2146298885    1.214  0.632  3.7446  3.820    0  0.000  0.463     0.00     0.00 -1  4.19e-13      0.00 7.000e-01 2.990e-01 1.100e-03 5.880e-04 3.170e-03 -1.000 1.000e-03 3.189 4.242 4.015 3.286 2.873 2.517 2.047 1.669 1.628
0.01500 5.00e+09 1.2167695761    1.216  0.614  3.7352  3.802    0  0.000  0.463     0.00     0.00 -1  4.08e-13      0.00 7.000e-01 2.990e-01 1.100e-03 5.880e-04 3.170e-03 -1.000 1.000e-03 3.235 4.413 4.128 3.355 2.923 2.552 2.053 1.652 1.608
0.01500 5.00e+09 1.2185492516    1.218  0.600  3.7269  3.783    0  0.000  0.463     0.00     0.00 -1  4.02e-13      0.00 7.000e-01 2.990e-01 1.100e-03 5.880e-04 3.170e-03 -1.000 1.000e-03 3.269 4.566 4.224 3.413 2.963 2.578 2.054 1.631 1.585
0.01500 5.00e+09 1.2201908827    1.219  0.594  3.7195  3.760    0  0.000  0.463     0.00     0.00 -1  4.04e-13      0.00 7.000e-01 2.990e-01 1.100e-03 5.880e-04 3.170e-03 -1.000 1.000e-03 3.286 4.694 4.298 3.454 2.987 2.589 2.042 1.599 1.550
0.01500 5.00e+09 1.2221015692    1.221  0.599  3.7122  3.726    0  0.000  0.463     0.00     0.00 -1  4.22e-13      0.00 7.000e-01 2.990e-01 1.100e-03 5.880e-04 3.170e-03 -1.000 1.000e-03 3.272 4.792 4.342 3.466 2.982 2.572 2.001 1.538 1.486
0.01500 5.00e+09 1.2242403030    1.223  0.623  3.7063  3.680    0  0.000  0.463     0.00     0.00 -1  4.66e-13      0.00 7.000e-01 2.990e-01 1.100e-03 5.880e-04 3.170e-03 -1.000 1.000e-03 3.212 4.825 4.331 3.428 2.931 2.510 1.920 1.440 1.386
0.01500 5.00e+09 1.2250385284    1.224  0.635  3.7045  3.661    0  0.000  0.463     0.00     0.00 -1  4.88e-13      0.00 7.000e-01 2.990e-01 1.100e-03 5.880e-04 3.170e-03 -1.000 1.000e-03 3.183 4.825 4.317 3.406 2.904 2.481 1.884 1.399 1.345
0.01500 5.00e+09 1.2263462543    1.225  0.660  3.7025  3.628    0  0.000  0.463     0.00     0.00 -1  5.35e-13      0.00 7.000e-01 2.990e-01 1.100e-03 5.880e-04 3.170e-03 -1.000 1.000e-03 3.120 4.796 4.272 3.352 2.846 2.418 1.815 1.324 1.269
0.01500 5.00e+09 1.2282471657    1.227  0.699  3.6999  3.580    0  0.000  0.463     0.00     0.00 -1  6.15e-13      0.00 7.000e-01 2.990e-01 1.100e-03 5.880e-04 3.170e-03 -1.000 1.000e-03 3.022 4.740 4.196 3.264 2.751 2.320 1.707 1.210 1.153
0.01500 5.00e+09 1.2301976681    1.229  0.744  3.6979  3.527    0  0.000  0.463     0.00     0.00 -1  7.21e-13      0.00 7.000e-01 2.990e-01 1.100e-03 5.880e-04 3.170e-03 -1.000 1.000e-03 2.909 4.661 4.101 3.159 2.642 2.207 1.587 1.084 1.026
0.01500 5.00e+09 1.2318031788    1.231  0.784  3.6964  3.481    0  0.000  0.463     0.00     0.00 -1   8.3e-13      0.00 7.000e-01 2.990e-01 1.100e-03 5.880e-04 3.170e-03 -1.000 1.000e-03 2.809 4.586 4.014 3.064 2.544 2.106 1.481 0.974 0.916
0.01500 5.00e+09 1.2335877419    1.233  0.833  3.6948  3.427    0  0.000  0.463     0.00     0.00 -1  9.83e-13      0.00 7.000e-01 2.990e-01 1.100e-03 5.880e-04 3.170e-03 -1.000 1.000e-03 2.688 4.494 3.907 2.949 2.426 1.985 1.354 0.843 0.784
0.01500 5.00e+09 1.2349474430    1.234  0.873  3.6935  3.382    0  0.000  0.463     0.00     0.00 -1  1.13e-12      0.00 7.000e-01 2.990e-01 1.100e-03 5.880e-04 3.170e-03 -1.000 1.000e-03 2.587 4.417 3.819 2.855 2.328 1.885 1.250 0.735 0.675
0.01500 5.00e+09 1.2365125418    1.235  0.923  3.6919  3.327    0  0.000  0.463     0.00     0.00 -1  1.35e-12      0.00 7.000e-01 2.990e-01 1.100e-03 5.880e-04 3.170e-03 -1.000 1.000e-03 2.463 4.321 3.710 2.738 2.207 1.760 1.120 0.601 0.540
0.01500 5.00e+09 1.2376551628    1.237  0.963  3.6907  3.282    0  0.000  0.463     0.00     0.00 -1  1.55e-12      0.00 7.000e-01 2.990e-01 1.100e-03 5.880e-04 3.170e-03 -1.000 1.000e-03 2.364 4.245 3.623 2.644 2.111 1.662 1.017 0.494 0.433
0.01500 5.00e+09 1.2390114069    1.238  1.013  3.6889  3.225    0  0.000  0.463     0.00     0.00 -1  1.86e-12      0.00 7.000e-01 2.990e-01 1.100e-03 5.880e-04 3.170e-03 -1.000 1.000e-03 2.236 4.150 3.512 2.525 1.987 1.535 0.884 0.356 0.294
0.01500 5.00e+09 1.2401505709    1.239  1.060  3.6872  3.171    0  0.000  0.463     0.00     0.00 -1  2.19e-12      0.00 7.000e-01 2.990e-01 1.100e-03 5.880e-04 3.170e-03 -1.000 1.000e-03 2.119 4.064 3.411 2.415 1.873 1.418 0.760 0.228 0.165
0.01500 5.00e+09 1.2412343025    1.240  1.110  3.6853  3.115    0  0.000  0.463     0.00     0.00 -1  2.61e-12      0.00 7.000e-01 2.990e-01 1.100e-03 5.880e-04 3.170e-03 -1.000 1.000e-03 1.996 3.976 3.307 2.301 1.755 1.296 0.631 0.094 0.030
0.01500 5.00e+09 1.2422075272    1.241  1.158  3.6833  3.059    0  0.000  0.463     0.00     0.00 -1  3.11e-12      0.00 7.000e-01 2.990e-01 1.100e-03 5.880e-04 3.170e-03 -1.000 1.000e-03 1.875 3.890 3.205 2.189 1.638 1.175 0.503 -0.039 -0.105
0.01500 5.00e+09 1.2431044579    1.242  1.208  3.6812  3.001    0  0.000  0.463     0.00     0.00 -1  3.71e-12      0.00 7.000e-01 2.990e-01 1.100e-03 5.880e-04 3.170e-03 -1.000 1.000e-03 1.751 3.805 3.102 2.076 1.520 1.053 0.373 -0.175 -0.242
0.01500 5.00e+09 1.2438715696    1.243  1.254  3.6791  2.947    0  0.000  0.463     0.00     0.00 -1  4.39e-12      0.00 7.000e-01 2.990e-01 1.100e-03 5.880e-04 3.170e-03 -1.000 9.999e-04 1.635 3.729 3.007 1.971 1.409 0.938 0.251 -0.303 -0.371
0.01500 5.00e+09 1.2445765734    1.243  1.301  3.6770  2.892    0  0.000  0.463     0.00     0.00 -1  5.21e-12      0.00 7.000e-01 2.990e-01 1.100e-03 5.880e-04 3.170e-03 -1.000 1.000e-03 1.518 3.653 2.913 1.866 1.298 0.823 0.128 -0.432 -0.503
0.01500 5.00e+09 1.2452094555    1.244  1.347  3.6748  2.837    0  0.000  0.463     0.00     0.00 -1  6.16e-12      0.00 7.000e-01 2.990e-01 1.100e-03 5.880e-04 3.170e-03 -1.000 1.000e-03 1.403 3.581 2.822 1.763 1.190 0.710 0.006 -0.560 -0.631
0.01500 5.00e+09 1.2457910776    1.244  1.392  3.6725  2.783    0  0.000  0.463     0.00     0.00 -1  7.27e-12      0.00 7.000e-01 2.990e-01 1.100e-03 5.880e-04 3.170e-03 -1.000 1.000e-03 1.289 3.511 2.732 1.661 1.082 0.598 -0.114 -0.687 -0.760
0.01500 5.00e+09 1.2463083267    1.245  1.436  3.6703  2.730    0  0.000  0.463     0.00     0.00 -1  8.54e-12      0.00 7.000e-01 2.990e-01 1.100e-03 5.880e-04 3.170e-03 -1.000 1.000e-03 1.179 3.445 2.646 1.564 0.979 0.490 -0.231 -0.809 -0.884
0.01500 5.00e+09 1.2467858791    1.245  1.479  3.6680  2.678    0  0.000  0.463     0.00     0.00 -1     1e-11      0.00 7.000e-01 2.990e-01 1.100e-03 5.880e-04 3.170e-03 -1.000 9.999e-04 1.072 3.381 2.562 1.469 0.877 0.384 -0.345 -0.930 -1.007
0.01500 5.00e+09 1.2472347021    1.246  1.522  3.6657  2.626    0  0.000  0.463     0.00     0.00 -1  1.17e-11      0.00 7.000e-01 2.990e-01 1.100e-03 5.880e-04 3.170e-03 -1.000 1.000e-03 0.965 3.320 2.481 1.376 0.778 0.280 -0.458 -1.049 -1.128
0.01500 5.00e+09 1.2476658821    1.246  1.562  3.6635  2.577    0  0.000  0.463     0.00     0.00 -1  1.36e-11      0.00 7.000e-01 2.990e-01 1.100e-03 5.880e-04 3.170e-03 -1.000 1.000e-03 0.864 3.264 2.405 1.289 0.685 0.182 -0.565 -1.162 -1.243
0.01500 5.00e+09 1.2482099533    1.246  1.600  3.6614  2.532    0  0.000  0.463     0.00     0.00 -1  1.56e-11      0.00 7.000e-01 2.990e-01 1.100e-03 5.880e-04 3.170e-03 -1.000 1.000e-03 0.770 3.211 2.334 1.208 0.598 0.091 -0.664 -1.266 -1.350
0.01500 5.00e+09 1.2483226061    1.246  1.605  3.6612  2.525    0  0.000  0.463     0.00     0.00 -1   1.6e-11      0.00 7.000e-01 2.990e-01 1.100e-03 5.880e-04 3.170e-03 -1.000 1.000e-03 0.757 3.203 2.324 1.196 0.586 0.078 -0.678 -1.281 -1.364
0.01500 5.00e+09 1.2485635281    1.247  1.590  3.6622  2.544    0  0.000  0.463     0.00     0.00 -1  1.52e-11      0.00 7.000e-01 2.990e-01 1.100e-03 5.880e-04 3.170e-03 -1.000 1.000e-03 0.794 3.220 2.349 1.227 0.619 0.114 -0.638 -1.238 -1.321
0.01500 5.00e+09 1.2488660812    1.247  1.552  3.6648  2.593    0  0.000  0.463     0.00     0.00 -1  1.32e-11      0.00 7.000e-01 2.990e-01 1.100e-03 5.880e-04 3.170e-03 -1.000 1.000e-03 0.890 3.265 2.417 1.307 0.706 0.206 -0.536 -1.129 -1.209
0.01500 5.00e+09 1.2489614487    1.247  1.540  3.6656  2.609    0  0.000  0.463     0.00     0.00 -1  1.26e-11      0.00 7.000e-01 2.990e-01 1.100e-03 5.880e-04 3.170e-03 -1.000 1.000e-03 0.921 3.281 2.439 1.333 0.735 0.236 -0.502 -1.093 -1.173
0.01500 5.00e+09 1.2491010427    1.247  1.557  3.6646  2.587    0  0.000  0.463     0.00     0.00 -1  1.33e-11      0.00 7.000e-01 2.990e-01 1.100e-03 5.880e-04 3.170e-03 -1.000 1.000e-03 0.878 3.257 2.407 1.296 0.695 0.194 -0.548 -1.142 -1.222
0.01500 5.00e+09 1.2494783401    1.247  1.603  3.6619  2.531    0  0.000  0.463     0.00     0.00 -1  1.57e-11      0.00 7.000e-01 2.990e-01 1.100e-03 5.880e-04 3.170e-03 -1.000 9.999e-04 0.762 3.195 2.321 1.197 0.588 0.082 -0.671 -1.272 -1.355
0.01500 5.00e+09 1.2498490810    1.248  1.649  3.6592  2.474    0  0.000  0.463     0.00     0.00 -1  1.86e-11      0.00 7.000e-01 2.990e-01 1.100e-03 5.880e-04 3.170e-03 -1.000 1.000e-03 0.647 3.136 2.236 1.098 0.482 -0.030 -0.793 -1.401 -1.487
0.01500 5.00e+09 1.2500000000    1.248  1.669  3.6581  2.450    0  0.000  0.463     0.00     0.00 -1     2e-11      0.00 7.000e-01 2.990e-01 1.100e-03 5.880e-04 3.170e-03 -1.000 1.000e-03 0.598 3.112 2.201 1.056 0.437 -0.077 -0.846 -1.456 -1.543
0.01500 5.00e+09 1.2501119375    1.248  1.683  3.6573  2.432    0  0.000  0.463     0.00     0.00 -1  2.11e-11      0.00 7.000e-01 2.990e-01 1.100e-03 5.880e-04 3.170e-03 -1.000 1.000e-03 0.563 3.095 2.175 1.026 0.405 -0.111 -0.883 -1.496 -1.583
0.01500 5.00e+09 1.2504396439    1.248  1.727  3.6546  2.378    0  0.000  0.463     0.00     0.00 -1  2.48e-11      0.00 7.000e-01 2.990e-01 1.100e-03 5.880e-04 3.170e-03 -1.000 1.000e-03 0.452 3.042 2.095 0.932 0.303 -0.219 -1.001 -1.621 -1.711
0.01500 5.00e+09 1.2507497072    1.248  1.772  3.6518  2.321    0  0.000  0.463     0.00     0.00 -1  2.94e-11      0.00 7.000e-01 2.990e-01 1.100e-03 5.880e-04 3.170e-03 -1.000 1.000e-03 0.339 2.995 2.018 0.839 0.201 -0.328 -1.122 -1.749 -1.842
0.01500 5.00e+09 1.2510310411    1.248  1.817  3.6490  2.265    0  0.000  0.463     0.00     0.00 -1  3.47e-11      0.00 7.000e-01 2.990e-01 1.100e-03 5.880e-04 3.170e-03 -1.000 9.999e-04 0.228 2.951 1.943 0.749 0.102 -0.434 -1.240 -1.874 -1.971
0.01500 5.00e+09 1.2512855530    1.249  1.860  3.6463  2.211    0  0.000  0.463     0.00     0.00 -1  4.09e-11      0.00 7.000e-01 2.990e-01 1.100e-03 5.880e-04 3.170e-03 -1.000 9.999e-04 0.119 2.909 1.870 0.662 0.005 -0.538 -1.355 -1.997 -2.097
0.01500 5.00e+09 1.2515274286    1.249  1.905  3.6434  2.155    0  0.000  0.463     0.00     0.00 -1  4.82e-11      0.00 7.000e-01 2.990e-01 1.100e-03 5.880e-04 3.170e-03 -1.000 1.000e-03 0.008 2.869 1.796 0.572 -0.094 -0.645 -1.473 -2.123 -2.226
0.01500 5.00e+09 1.2517459393    1.249  1.948  3.6405  2.100    0  0.000  0.463     0.00     0.00 -1  5.68e-11      0.00 7.000e-01 2.990e-01 1.100e-03 5.880e-04 3.170e-03 -1.000 1.000e-03 -0.101 2.830 1.725 0.485 -0.190 -0.748 -1.589 -2.246 -2.353
0.01500 5.00e+09 1.2519463301    1.249  1.992  3.6376  2.045    0  0.000  0.463     0.00     0.00 -1  6.69e-11      0.00 7.000e-01 2.990e-01 1.100e-03 5.880e-04 3.170e-03 -1.000 1.000e-03 -0.210 2.797 1.657 0.401 -0.285 -0.851 -1.705 -2.369 -2.479
0.01500 5.00e+09 1.2521294355    1.249  2.035  3.6347  1.991    0  0.000  0.463     0.00     0.00 -1  7.87e-11      0.00 7.000e-01 2.990e-01 1.100e-03 5.880e-04 3.170e-03 -1.000 1.000e-03 -0.317 2.766 1.591 0.319 -0.378 -0.953 -1.819 -2.491 -2.605
0.01500 5.00e+09 1.2523005009    1.249  2.079  3.6318  1.935    0  0.000  0.463     0.00     0.00 -1  9.27e-11      0.00 7.000e-01 2.990e-01 1.100e-03 5.880e-04 3.170e-03 -1.000 1.000e-03 -0.426 2.742 1.526 0.236 -0.472 -1.056 -1.935 -2.614 -2.732
0.01500 5.00e+09 1.2524553537    1.249  2.121  3.6288  1.881    0  0.000  0.463     0.00     0.00 -1  1.09e-10      0.00 7.000e-01 2.990e-01 1.100e-03 5.880e-04 3.170e-03 -1.000 1.000e-03 -0.533 2.720 1.463 0.155 -0.564 -1.157 -2.049 -2.735 -2.857
0.01500 5.00e+09 1.2525964975    1.249  2.163  3.6258  1.827    0  0.000  0.463     0.00     0.00 -1  1.28e-10      0.00 7.000e-01 2.990e-01 1.100e-03 5.880e-04 3.170e-03 -1.000 1.000e-03 -0.638 2.702 1.403 0.076 -0.654 -1.256 -2.161 -2.854 -2.981
0.01500 5.00e+09 1.2527304888    1.249  2.206  3.6228  1.771    0  0.000  0.463     0.00     0.00 -1   1.5e-10      0.00 7.000e-01 2.990e-01 1.100e-03 5.880e-04 3.170e-03 -1.000 1.000e-03 -0.746 2.685 1.344 -0.001 -0.743 -1.357 -2.275 -2.976 -3.108
0.01500 5.00e+09 1.2528507710    1.248  2.248  3.6198  1.717    0  0.000  0.463     0.00     0.00 -1  1.76e-10      0.00 7.000e-01 2.990e-01 1.100e-03 5.880e-04 3.170e-03 -1.000 1.000e-03 -0.850 2.670 1.288 -0.074 -0.829 -1.454 -2.386 -3.095 -3.231
0.01500 5.00e+09 1.2529629469    1.248  2.290  3.6167  1.663    0  0.000  0.463     0.00     0.00 -1  2.06e-10      0.00 7.000e-01 2.990e-01 1.100e-03 5.880e-04 3.170e-03 -1.000 1.000e-03 -0.955 2.658 1.232 -0.148 -0.915 -1.551 -2.498 -3.214 -3.355
0.01500 5.00e+09 1.2530668974    1.248  2.332  3.6136  1.609    0  0.000  0.463     0.00     0.00 -1  2.42e-10      0.00 7.000e-01 2.990e-01 1.100e-03 5.880e-04 3.170e-03 -1.000 9.999e-04 -1.060 2.647 1.177 -0.222 -1.002 -1.649 -2.609 -3.333 -3.479
0.01500 5.00e+09 1.2531621456    1.248  2.373  3.6105  1.555    0  0.000  0.463     0.00     0.00 -1  2.84e-10      0.00 7.000e-01 2.990e-01 1.100e-03 5.880e-04 3.170e-03 -1.000 9.999e-04 -1.163 2.638 1.126 -0.291 -1.083 -1.745 -2.719 -3.452 -3.602
0.01500 5.00e+09 1.2532504797    1.248  2.414  3.6074  1.501    0  0.000  0.463     0.00     0.00 -1  3.32e-10      0.00 7.000e-01 2.990e-01 1.100e-03 5.880e-04 3.170e-03 -1.000 1.000e-03 -1.266 2.626 1.076 -0.357 -1.162 -1.840 -2.829 -3.571 -3.726
0.01500 5.00e+09 1.2533320189    1.247  2.455  3.6042  1.447    0  0.000  0.463     0.00     0.00 -1  3.89e-10      0.00 7.000e-01 2.990e-01 1.100e-03 5.880e-04 3.170e-03 -1.000 1.000e-03 -1.369 2.623 1.031 -0.421 -1.239 -1.934 -2.939 -3.689 -3.849
0.01500 5.00e+09 1.2534062862    1.247  2.496  3.6011  1.394    0  0.000  0.463     0.00     0.00 -1  4.54e-10      0.00 7.000e-01 2.990e-01 1.100e-03 5.880e-04 3.170e-03 -1.000 1.000e-03 -1.469 2.623 0.987 -0.483 -1.315 -2.026 -3.046 -3.805 -3.970
0.01500 5.00e+09 1.2534768581    1.246  2.537  3.5978  1.340    0  0.000  0.463     0.00     0.00 -1  5.31e-10      0.00 7.000e-01 2.990e-01 1.100e-03 5.880e-04 3.170e-03 -1.000 1.000e-03 -1.572 2.625 0.943 -0.545 -1.392 -2.120 -3.157 -3.924 -4.094
0.01500 5.00e+09 1.2535399199    1.246  2.576  3.5946  1.288    0  0.000  0.463     0.00     0.00 -1  6.19e-10      0.00 7.000e-01 2.990e-01 1.100e-03 5.880e-04 3.170e-03 -1.000 1.000e-03 -1.670 2.623 0.907 -0.595 -1.456 -2.208 -3.263 -4.038 -4.213
0.01500 5.00e+09 1.2535980940    1.246  2.615  3.5914  1.236    0  0.000  0.463     0.00     0.00 -1   7.2e-10      0.00 7.000e-01 2.990e-01 1.100e-03 5.880e-04 3.170e-03 -1.000 1.000e-03 -1.768 2.622 0.872 -0.645 -1.520 -2.296 -3.368 -4.152 -4.332
0.01500 5.00e+09 1.2536542416    1.245  2.655  3.5880  1.182    0  0.000  0.463     0.00     0.00 -1  8.41e-10      0.00 7.000e-01 2.990e-01 1.100e-03 5.880e-04 3.170e-03 -1.000 1.000e-03 -1.868 2.622 0.836 -0.696 -1.586 -2.386 -3.476 -4.269 -4.454
0.01500 5.00e+09 1.2537044287    1.245  2.694  3.5847  1.130    0  0.000  0.463     0.00     0.00 -1  9.76e-10      0.00 7.000e-01 2.990e-01 1.100e-03 5.880e-04 3.170e-03 -1.000 1.000e-03 -1.964 2.626 0.805 -0.742 -1.648 -2.472 -3.579 -4.381 -4.571
0.01500 5.00e+09 1.2537519932    1.244  2.732  3.5814  1.078    0  0.000  0.463     0.00     0.00 -1  1.13e-09      0.00 7.000e-01 2.990e-01 1.100e-03 5.880e-04 3.170e-03 -1.000 1.000e-03 -2.060 2.624 0.780 -0.777 -1.700 -2.556 -3.684 -4.495 -4.689
0.01500 5.00e+09 1.2537969351    1.243  2.771  3.5779  1.025    0  0.000  0.463     0.00     0.00 -1  1.32e-09      0.00 7.000e-01 2.990e-01 1.100e-03 5.880e-04 3.170e-03 -1.000 1.000e-03 -2.158 2.622 0.758 -0.808 -1.749 -2.640 -3.789 -4.609 -4.809
0.01500 5.00e+09 1.2538478374    1.242  2.818  3.5736  0.960    0  0.000  0.463     0.00     0.00 -1  1.59e-09      0.00 7.000e-01 2.990e-01 1.100e-03 5.880e-04 3.170e-03 -1.000 1.000e-03 -2.275 2.628 0.738 -0.840 -1.806 -2.742 -3.918 -4.749 -4.955
0.01500 5.00e+09 1.2538939714    1.241  2.864  3.5692  0.897    0  0.000  0.463     0.00     0.00 -1   1.9e-09      0.00 7.000e-01 2.990e-01 1.100e-03 5.880e-04 3.170e-03 -1.000 1.000e-03 -2.390 2.637 0.726 -0.864 -1.855 -2.840 -4.045 -4.885 -5.099
0.01500 5.00e+09 1.2539362907    1.240  2.909  3.5648  0.833    0  0.000  0.463     0.00     0.00 -1  2.28e-09      0.00 7.000e-01 2.990e-01 1.100e-03 5.880e-04 3.170e-03 -1.000 1.000e-03 -2.503 2.638 0.729 -0.862 -1.883 -2.932 -4.171 -5.020 -5.240
0.01500 5.00e+09 1.2539755106    1.239  2.954  3.5604  0.770    0  0.000  0.463     0.00     0.00 -1  2.73e-09      0.00 7.000e-01 2.990e-01 1.100e-03 5.880e-04 3.170e-03 -1.000 1.000e-03 -2.615 2.642 0.736 -0.857 -1.910 -3.022 -4.296 -5.154 -5.381
0.01500 5.00e+09 1.2540118694    1.237  2.999  3.5559  0.708    0  0.000  0.463     0.00     0.00 -1  3.26e-09      0.00 7.000e-01 2.990e-01 1.100e-03 5.880e-04 3.170e-03 -1.000 1.000e-03 -2.726 2.647 0.746 -0.848 -1.933 -3.110 -4.419 -5.287 -5.522
0.01500 5.00e+09 1.2540452480    1.236  3.042  3.5514  0.646    0  0.000  0.463     0.00     0.00 -1  3.88e-09      0.00 7.000e-01 2.990e-01 1.100e-03 5.880e-04 3.170e-03 -1.000 1.000e-03 -2.834 2.646 0.786 -0.794 -1.926 -3.181 -4.541 -5.417 -5.658
0.01500 5.00e+09 1.2540761232    1.234  3.084  3.5469  0.585    0  0.000  0.463     0.00     0.00 -1  4.61e-09      0.00 7.000e-01 2.990e-01 1.100e-03 5.880e-04 3.170e-03 -1.000 1.000e-03 -2.941 2.647 0.831 -0.735 -1.914 -3.250 -4.662 -5.545 -5.795
0.01500 5.00e+09 1.2541052103    1.232  3.127  3.5423  0.523    0  0.000  0.463     0.00     0.00 -1  5.49e-09      0.00 7.000e-01 2.990e-01 1.100e-03 5.880e-04 3.170e-03 -1.000 1.000e-03 -3.047 2.651 0.880 -0.671 -1.899 -3.319 -4.782 -5.674 -5.932
0.01500 5.00e+09 1.2541320324    1.230  3.169  3.5376  0.461    0  0.000  0.463     0.00     0.00 -1  6.52e-09      0.00 7.000e-01 2.990e-01 1.100e-03 5.880e-04 3.170e-03 -1.000 1.000e-03 -3.152 2.651 0.968 -0.559 -1.856 -3.361 -4.903 -5.801 -6.066
0.01500 5.00e+09 1.2541570663    1.228  3.210  3.5329  0.401    0  0.000  0.463     0.00     0.00 -1  7.74e-09      0.00 7.000e-01 2.990e-01 1.100e-03 5.880e-04 3.170e-03 -1.000 1.000e-03 -3.255 2.655 1.063 -0.437 -1.807 -3.400 -5.023 -5.926 -6.199
0.01500 5.00e+09 1.2541807890    1.225  3.251  3.5281  0.339    0  0.000  0.463     0.00     0.00 -1  9.19e-09      0.00 7.000e-01 2.990e-01 1.100e-03 5.880e-04 3.170e-03 -1.000 1.000e-03 -3.358 2.661 1.167 -0.306 -1.752 -3.436 -5.142 -6.051 -6.333
0.01500 5.00e+09 1.2542026043    1.222  3.291  3.5232  0.279    0  0.000  0.463     0.00     0.00 -1  1.09e-08      0.00 7.000e-01 2.990e-01 1.100e-03 5.880e-04 3.170e-03 -1.000 1.000e-03 -3.457 2.664 1.305 -0.126 -1.668 -3.431 -5.258 -6.171 -6.462
0.01500 5.00e+09 1.2542231083    1.219  3.330  3.5184  0.219    0  0.000  0.463     0.00     0.00 -1  1.28e-08      0.00 7.000e-01 2.990e-01 1.100e-03 5.880e-04 3.170e-03 -1.000 1.000e-03 -3.555 2.670 1.453 0.063 -1.578 -3.421 -5.372 -6.290 -6.590
0.01500 5.00e+09 1.2542424202    1.215  3.368  3.5136  0.161    0  0.000  0.463     0.00     0.00 -1  1.51e-08      0.00 7.000e-01 2.990e-01 1.100e-03 5.880e-04 3.170e-03 -1.000 1.000e-03 -3.650 2.679 1.607 0.260 -1.482 -3.404 -5.484 -6.406 -6.716
0.01500 5.00e+09 1.2542601824    1.212  1.721  3.6715  2.438    4  0.000  0.463     0.00     0.00 -1         0      0.00 7.000e-01 2.990e-01 1.100e-03 5.880e-04 3.170e-03 -1.000 1.000e-03 0.466 2.755 1.932 0.838 0.258 -0.227 -0.943 -1.513 -1.589
0.01500 5.00e+09 1.2544925213    1.212  1.732  3.6706  2.423    4  0.000  0.463     0.00     0.00 -1         0      0.00 7.000e-01 2.990e-01 1.100e-03 5.880e-04 3.170e-03 -1.000 1.000e-03 0.439 2.745 1.914 0.816 0.233 -0.254 -0.974 -1.546 -1.622
0.01500 5.00e+09 1.2547316551    1.212  1.737  3.6704  2.418    4  0.000  0.463     0.00     0.00 -1         0      0.00 7.000e-01 2.990e-01 1.100e-03 5.880e-04 3.170e-03 -1.000 1.000e-03 0.427 2.739 1.905 0.805 0.222 -0.266 -0.986 -1.559 -1.635
0.01500 5.00e+09 1.2549729347    1.212  1.737  3.6706  2.419    4  0.000  0.463     0.00     0.00 -1         0      0.00 7.000e-01 2.990e-01 1.100e-03 5.880e-04 3.170e-03 -1.000 9.999e-04 0.427 2.735 1.903 0.804 0.221 -0.266 -0.986 -1.558 -1.634
0.01500 5.00e+09 1.2552175522    1.213  1.736  3.6710  2.422    4  0.000  0.463     0.00     0.00 -1         0      0.00 7.000e-01 2.990e-01 1.100e-03 5.880e-04 3.170e-03 -1.000 9.999e-04 0.431 2.732 1.903 0.806 0.224 -0.262 -0.981 -1.552 -1.628
0.01500 5.00e+09 1.2554562092    1.213  1.734  3.6714  2.425    4  0.000  0.463     0.00     0.00 -1         0      0.00 7.000e-01 2.990e-01 1.100e-03 5.880e-04 3.170e-03 -1.000 1.000e-03 0.435 2.729 1.903 0.808 0.227 -0.258 -0.975 -1.545 -1.621
0.01500 5.00e+09 1.2557009459    1.213  1.732  3.6717  2.429    4  0.000  0.463     0.00     0.00 -1         0      0.00 7.000e-01 2.990e-01 1.100e-03 5.880e-04 3.170e-03 -1.000 1.000e-03 0.440 2.726 1.904 0.810 0.231 -0.254 -0.969 -1.539 -1.613
0.01500 5.00e+09 1.2559440136    1.213  1.730  3.6721  2.432    4  0.000  0.463     0.00     0.00 -1         0      0.00 7.000e-01 2.990e-01 1.100e-03 5.880e-04 3.170e-03 -1.000 1.000e-03 0.444 2.724 1.904 0.813 0.234 -0.250 -0.964 -1.532 -1.607
0.01500 5.00e+09 1.2561844587    1.214  1.729  3.6725  2.435    4  0.000  0.463     0.00     0.00 -1         0      0.00 7.000e-01 2.990e-01 1.100e-03 5.880e-04 3.170e-03 -1.000 1.000e-03 0.448 2.721 1.905 0.815 0.237 -0.246 -0.959 -1.526 -1.600
0.01500 5.00e+09 1.2564288378    1.214  1.727  3.6728  2.438    4  0.000  0.463     0.00     0.00 -1         0      0.00 7.000e-01 2.990e-01 1.100e-03 5.880e-04 3.170e-03 -1.000 1.000e-03 0.452 2.719 1.905 0.816 0.239 -0.243 -0.954 -1.520 -1.594
0.01500 5.00e+09 1.2566787004    1.214  1.726  3.6731  2.441    4  0.000  0.463     0.00     0.00 -1         0      0.00 7.000e-01 2.990e-01 1.100e-03 5.880e-04 3.170e-03 -1.000 1.000e-03 0.455 2.716 1.904 0.817 0.241 -0.240 -0.950 -1.516 -1.589
0.01500 5.00e+09 1.2569143772    1.215  1.725  3.6734  2.443    4  0.000  0.463     0.00     0.00 -1         0      0.00 7.000e-01 2.990e-01 1.100e-03 5.880e-04 3.170e-03 -1.000 1.000e-03 0.457 2.713 1.904 0.818 0.243 -0.239 -0.948 -1.512 -1.586
0.01500 5.00e+09 1.2571468353    1.215  1.725  3.6737  2.445    4  0.000  0.463     0.00     0.00 -1         0      0.00 7.000e-01 2.990e-01 1.100e-03 5.880e-04 3.170e-03 -1.000 1.000e-03 0.459 2.710 1.903 0.818 0.244 -0.237 -0.945 -1.509 -1.582
0.01500 5.00e+09 1.2573944330    1.215  1.724  3.6739  2.446    4  0.000  0.463     0.00     0.00 -1         0      0.00 7.000e-01 2.990e-01 1.100e-03 5.880e-04 3.170e-03 -1.000 1.000e-03 0.460 2.707 1.902 0.818 0.244 -0.236 -0.943 -1.506 -1.579
0.01500 5.00e+09 1.2575831413    1.215  1.724  3.6741  2.447    4  0.000  0.463     0.00     0.00 -1         0      0.00 7.000e-01 2.990e-01 1.100e-03 5.880e-04 3.170e-03 -1.000 1.000e-03 0.461 2.705 1.901 0.818 0.245 -0.235 -0.942 -1.504 -1.577
0.01500 5.00e+09 1.2576382160    1.215  1.724  3.6741  2.448    4  0.000  0.463     0.00     0.00 -1         0      0.00 7.000e-01 2.990e-01 1.100e-03 5.880e-04 3.170e-03 -1.000 1.000e-03 0.461 2.705 1.901 0.818 0.245 -0.235 -0.941 -1.504 -1.577
0.01500 5.00e+09 1.2578887939    1.216  1.723  3.6743  2.449    4  0.000  0.463     0.00     0.00 -1         0      0.00 7.000e-01 2.990e-01 1.100e-03 5.880e-04 3.170e-03 -1.000 1.000e-03 0.462 2.702 1.899 0.818 0.245 -0.235 -0.940 -1.502 -1.575
0.01500 5.00e+09 1.2581204176    1.216  1.723  3.6745  2.450    4  0.000  0.463     0.00     0.00 -1         0      0.00 7.000e-01 2.990e-01 1.100e-03 5.880e-04 3.170e-03 -1.000 1.000e-03 0.462 2.699 1.898 0.817 0.244 -0.235 -0.940 -1.501 -1.574
0.01500 5.00e+09 1.2583504915    1.216  1.723  3.6746  2.450    4  0.000  0.463     0.00     0.00 -1         0      0.00 7.000e-01 2.990e-01 1.100e-03 5.880e-04 3.170e-03 -1.000 1.000e-03 0.461 2.696 1.896 0.816 0.244 -0.235 -0.940 -1.501 -1.573
0.01500 5.00e+09 1.2586002350    1.216  1.724  3.6747  2.450    4  0.000  0.463     0.00     0.00 -1         0      0.00 7.000e-01 2.990e-01 1.100e-03 5.880e-04 3.170e-03 -1.000 1.000e-03 0.460 2.693 1.894 0.814 0.242 -0.236 -0.941 -1.501 -1.574
0.01500 5.00e+09 1.2588458061    1.217  1.725  3.6748  2.450    4  0.000  0.463     0.00     0.00 -1         0      0.00 7.000e-01 2.990e-01 1.100e-03 5.880e-04 3.170e-03 -1.000 1.000e-03 0.458 2.690 1.891 0.812 0.240 -0.238 -0.942 -1.503 -1.575
0.01500 5.00e+09 1.2590942383    1.217  1.726  3.6748  2.449    4  0.000  0.463     0.00     0.00 -1         0      0.00 7.000e-01 2.990e-01 1.100e-03 5.880e-04 3.170e-03 -1.000 9.999e-04 0.456 2.687 1.888 0.809 0.237 -0.241 -0.945 -1.505 -1.578
0.01500 5.00e+09 1.2593103647    1.217  1.727  3.6748  2.448    4  0.000  0.463     0.00     0.00 -1         0      0.00 7.000e-01 2.990e-01 1.100e-03 5.880e-04 3.170e-03 -1.000 9.999e-04 0.453 2.685 1.886 0.806 0.234 -0.244 -0.948 -1.508 -1.581
0.01500 5.00e+09 1.2593330145    1.217  1.727  3.6748  2.447    4  0.000  0.463     0.00     0.00 -1         0      0.00 7.000e-01 2.990e-01 1.100e-03 5.880e-04 3.170e-03 -1.000 1.000e-03 0.452 2.685 1.885 0.805 0.234 -0.245 -0.948 -1.509 -1.581
0.01500 5.00e+09 1.2595639229    1.218  1.729  3.6747  2.445    4  0.000  0.463     0.00     0.00 -1         0      0.00 7.000e-01 2.990e-01 1.100e-03 5.880e-04 3.170e-03 -1.000 9.999e-04 0.448 2.682 1.882 0.801 0.230 -0.249 -0.953 -1.514 -1.586
0.01500 5.00e+09 1.2598026991    1.218  1.731  3.6746  2.443    4  0.000  0.463     0.00     0.00 -1         0      0.00 7.000e-01 2.990e-01 1.100e-03 5.880e-04 3.170e-03 -1.000 1.000e-03 0.442 2.679 1.877 0.796 0.224 -0.255 -0.959 -1.520 -1.593
0.01500 5.00e+09 1.2600411177    1.218  1.734  3.6744  2.439    4  0.000  0.463     0.00     0.00 -1         0      0.00 7.000e-01 2.990e-01 1.100e-03 5.880e-04 3.170e-03 -1.000 9.999e-04 0.435 2.675 1.872 0.790 0.218 -0.262 -0.967 -1.528 -1.601
0.01500 5.00e+09 1.2602740526    1.218  1.737  3.6741  2.435    4  0.000  0.463     0.00     0.00 -1         0      0.00 7.000e-01 2.990e-01 1.100e-03 5.880e-04 3.170e-03 -1.000 1.000e-03 0.426 2.672 1.866 0.783 0.210 -0.270 -0.976 -1.538 -1.611
0.01500 5.00e+09 1.2605087757    1.219  1.742  3.6738  2.429    4  0.000  0.463     0.00     0.00 -1         0      0.00 7.000e-01 2.990e-01 1.100e-03 5.880e-04 3.170e-03 -1.000 1.000e-03 0.416 2.668 1.859 0.774 0.200 -0.280 -0.988 -1.551 -1.624
0.01500 5.00e+09 1.2607401609    1.219  1.747  3.6734  2.423    4  0.000  0.463     0.00     0.00 -1         0      0.00 7.000e-01 2.990e-01 1.100e-03 5.880e-04 3.170e-03 -1.000 1.000e-03 0.404 2.663 1.851 0.764 0.189 -0.292 -1.001 -1.565 -1.639
0.01500 5.00e+09 1.2609761953    1.219  1.752  3.6729  2.416    4  0.000  0.463     0.00     0.00 -1         0      0.00 7.000e-01 2.990e-01 1.100e-03 5.880e-04 3.170e-03 -1.000 9.999e-04 0.389 2.659 1.842 0.753 0.176 -0.306 -1.017 -1.582 -1.656
0.01500 5.00e+09 1.2612124681    1.219  1.759  3.6724  2.407    4  0.000  0.463     0.00     0.00 -1         0      0.00 7.000e-01 2.990e-01 1.100e-03 5.880e-04 3.170e-03 -1.000 1.000e-03 0.373 2.653 1.832 0.739 0.161 -0.322 -1.035 -1.602 -1.676
0.01500 5.00e+09 1.2614487410    1.220  1.763  3.6721  2.402    4  0.000  0.463     0.00     0.00 -1         0      0.00 7.000e-01 2.990e-01 1.100e-03 5.880e-04 3.170e-03 -1.000 1.000e-03 0.363 2.649 1.825 0.731 0.152 -0.331 -1.045 -1.613 -1.688
0.01500 5.00e+09 1.2616919279    1.220  1.772  3.6712  2.389    4  0.000  0.463     0.00     0.00 -1         0      0.00 7.000e-01 2.990e-01 1.100e-03 5.880e-04 3.170e-03 -1.000 1.000e-03 0.340 2.643 1.811 0.713 0.131 -0.354 -1.072 -1.642 -1.717
0.01500 5.00e+09 1.2619286776    1.220  1.797  3.6688  2.355    4  0.000  0.463     0.00     0.00 -1         0      0.00 7.000e-01 2.990e-01 1.100e-03 5.880e-04 3.170e-03 -1.000 1.000e-03 0.277 2.626 1.773 0.663 0.075 -0.415 -1.142 -1.718 -1.796
0.01500 5.00e+09 1.2621333599    1.221  1.837  3.6653  2.301    4  0.000  0.463     0.00     0.00 -1         0      0.00 7.000e-01 2.990e-01 1.100e-03 5.880e-04 3.170e-03 -1.000 1.000e-03 0.178 2.600 1.714 0.586 -0.012 -0.510 -1.250 -1.836 -1.917
0.01500 5.00e+09 1.2622317076    1.221  1.875  3.6618  2.249    4  0.000  0.463     0.00     0.00 -1         0      0.00 7.000e-01 2.990e-01 1.100e-03 5.880e-04 3.170e-03 -1.000 1.000e-03 0.082 2.575 1.657 0.512 -0.096 -0.601 -1.355 -1.951 -2.035
0.01500 5.00e+09 1.2622821331    1.221  1.913  3.6585  2.197    4  0.000  0.463     0.00     0.00 -1         0      0.00 7.000e-01 2.990e-01 1.100e-03 5.880e-04 3.170e-03 -1.000 1.000e-03 -0.013 2.551 1.600 0.438 -0.179 -0.692 -1.460 -2.064 -2.152
0.01500 5.00e+09 1.2623109818    1.221  1.955  3.6548  2.141    4  0.000  0.463     0.00     0.00 -1         0      0.00 7.000e-01 2.990e-01 1.100e-03 5.880e-04 3.170e-03 -1.000 1.000e-03 -0.116 2.525 1.538 0.357 -0.270 -0.791 -1.573 -2.187 -2.278
0.01500 5.00e+09 1.2623249292    1.221  1.994  3.6514  2.088    4  0.000  0.463     0.00     0.00 -1         0      0.00 7.000e-01 2.990e-01 1.100e-03 5.880e-04 3.170e-03 -1.000 1.000e-03 -0.216 2.505 1.483 0.284 -0.355 -0.884 -1.681 -2.304 -2.400
0.01500 5.00e+09 1.2623325586    1.221  2.033  3.6481  2.036    4  0.000  0.463     0.00     0.00 -1         0      0.00 7.000e-01 2.990e-01 1.100e-03 5.880e-04 3.170e-03 -1.000 1.000e-03 -0.312 2.487 1.429 0.213 -0.437 -0.975 -1.785 -2.417 -2.516
0.01500 5.00e+09 1.2623374462    1.221  2.070  3.6449  1.987    4  0.000  0.463     0.00     0.00 -1         0      0.00 7.000e-01 2.990e-01 1.100e-03 5.880e-04 3.170e-03 -1.000 1.000e-03 -0.404 2.472 1.378 0.145 -0.515 -1.061 -1.885 -2.525 -2.628
0.01500 5.00e+09 1.2623391151    1.221  2.085  3.6436  1.966    4  0.000  0.463     0.00     0.00 -1         0      0.00 7.000e-01 2.990e-01 1.100e-03 5.880e-04 3.170e-03 -1.000 1.000e-03 -0.442 2.466 1.357 0.117 -0.548 -1.097 -1.926 -2.570 -2.674
0.01500 5.00e+09 1.2623422146    1.221  2.118  3.6408  1.922    4  0.000  0.463     0.00     0.00 -1         0      0.00 7.000e-01 2.990e-01 1.100e-03 5.880e-04 3.170e-03 -1.000 1.000e-03 -0.525 2.455 1.312 0.056 -0.619 -1.175 -2.016 -2.667 -2.775
0.01500 5.00e+09 1.2623456717    1.221  2.156  3.6377  1.871    4  0.000  0.463     0.00     0.00 -1         0      0.00 7.000e-01 2.990e-01 1.100e-03 5.880e-04 3.170e-03 -1.000 1.000e-03 -0.620 2.446 1.262 -0.012 -0.698 -1.264 -2.119 -2.778 -2.890
0.01500 5.00e+09 1.2623491287    1.221  2.191  3.6348  1.825    4  0.000  0.463     0.00     0.00 -1         0      0.00 7.000e-01 2.990e-01 1.100e-03 5.880e-04 3.170e-03 -1.000 1.000e-03 -0.707 2.439 1.218 -0.073 -0.770 -1.345 -2.212 -2.878 -2.994
0.01500 5.00e+09 1.2623525858    1.221  2.199  3.6341  1.814    4  0.000  0.463     0.00     0.00 -1         0      0.00 7.000e-01 2.990e-01 1.100e-03 5.880e-04 3.170e-03 -1.000 1.000e-03 -0.728 2.437 1.207 -0.088 -0.788 -1.364 -2.234 -2.902 -3.019
0.01500 5.00e+09 1.2623612881    1.221  2.194  3.6346  1.821    4  0.000  0.463     0.00     0.00 -1         0      0.00 7.000e-01 2.990e-01 1.100e-03 5.880e-04 3.170e-03 -1.000 1.000e-03 -0.716 2.437 1.212 -0.080 -0.778 -1.353 -2.221 -2.888 -3.005
0.01500 5.00e+09 1.2623678446    1.221  2.169  3.6367  1.855    4  0.000  0.463     0.00     0.00 -1         0      0.00 7.000e-01 2.990e-01 1.100e-03 5.880e-04 3.170e-03 -1.000 1.000e-03 -0.651 2.441 1.245 -0.035 -0.725 -1.293 -2.152 -2.814 -2.927
0.01500 5.00e+09 1.2623804808    1.221  2.145  3.6387  1.887    4  0.000  0.463     0.00     0.00 -1         0      0.00 7.000e-01 2.990e-01 1.100e-03 5.880e-04 3.170e-03 -1.000 1.000e-03 -0.591 2.446 1.275 0.007 -0.675 -1.237 -2.087 -2.744 -2.854
0.01500 5.00e+09 1.2624068260    1.221  2.128  3.6401  1.910    4  0.000  0.463     0.00     0.00 -1         0      0.00 7.000e-01 2.990e-01 1.100e-03 5.880e-04 3.170e-03 -1.000 1.000e-03 -0.549 2.450 1.297 0.037 -0.640 -1.198 -2.042 -2.695 -2.803
0.01500 5.00e+09 1.2625490427    1.221  2.140  3.6390  1.892    4  0.000  0.463     0.00     0.00 -1         0      0.00 7.000e-01 2.990e-01 1.100e-03 5.880e-04 3.170e-03 -1.000 1.000e-03 -0.581 2.449 1.282 0.016 -0.666 -1.227 -2.076 -2.732 -2.842
0.01500 5.00e+09 1.2626602650    1.221  2.180  3.6356  1.839    4  0.000  0.463     0.00     0.00 -1         0      0.00 7.000e-01 2.990e-01 1.100e-03 5.880e-04 3.170e-03 -1.000 1.000e-03 -0.680 2.442 1.232 -0.054 -0.748 -1.320 -2.184 -2.848 -2.963
0.01500 5.00e+09 1.2627537251    1.221  2.223  3.6320  1.782    4  0.000  0.463     0.00     0.00 -1         0      0.00 7.000e-01 2.990e-01 1.100e-03 5.880e-04 3.170e-03 -1.000 1.000e-03 -0.787 2.436 1.178 -0.129 -0.837 -1.419 -2.298 -2.971 -3.091
0.01500 5.00e+09 1.2628333569    1.221  2.266  3.6284  1.725    4  0.000  0.463     0.00     0.00 -1         0      0.00 7.000e-01 2.990e-01 1.100e-03 5.880e-04 3.170e-03 -1.000 1.000e-03 -0.894 2.431 1.124 -0.204 -0.926 -1.519 -2.414 -3.096 -3.221
0.01500 5.00e+09 1.2628999949    1.221  2.308  3.6248  1.668    4  0.000  0.463     0.00     0.00 -1         0      0.00 7.000e-01 2.990e-01 1.100e-03 5.880e-04 3.170e-03 -1.000 1.000e-03 -1.000 2.428 1.072 -0.277 -1.013 -1.617 -2.529 -3.219 -3.350
0.01500 5.00e+09 1.2629563808    1.221  2.349  3.6213  1.613    4  0.000  0.463     0.00     0.00 -1         0      0.00 7.000e-01 2.990e-01 1.100e-03 5.880e-04 3.170e-03 -1.000 9.999e-04 -1.104 2.427 1.024 -0.345 -1.095 -1.713 -2.639 -3.339 -3.475
0.01500 5.00e+09 1.2630052567    1.222  2.390  3.6179  1.558    4  0.000  0.463     0.00     0.00 -1         0      0.00 7.000e-01 2.990e-01 1.100e-03 5.880e-04 3.170e-03 -1.000 1.000e-03 -1.206 2.428 0.977 -0.412 -1.176 -1.807 -2.749 -3.458 -3.599
0.01500 5.00e+09 1.2630479336    1.222  2.431  3.6144  1.504    4  0.000  0.463     0.00     0.00 -1         0      0.00 7.000e-01 2.990e-01 1.100e-03 5.880e-04 3.170e-03 -1.000 1.000e-03 -1.308 2.430 0.931 -0.479 -1.257 -1.900 -2.858 -3.576 -3.723
0.01500 5.00e+09 1.2630860806    1.222  2.472  3.6109  1.449    4  0.000  0.463     0.00     0.00 -1         0      0.00 7.000e-01 2.990e-01 1.100e-03 5.880e-04 3.170e-03 -1.000 1.000e-03 -1.409 2.439 0.889 -0.543 -1.335 -1.993 -2.968 -3.695 -3.846
0.01500 5.00e+09 1.2631211281    1.222  2.513  3.6074  1.394    4  0.000  0.463     0.00     0.00 -1         0      0.00 7.000e-01 2.990e-01 1.100e-03 5.880e-04 3.170e-03 -1.000 1.000e-03 -1.512 2.446 0.849 -0.602 -1.409 -2.086 -3.078 -3.815 -3.972
0.01500 5.00e+09 1.2631533146    1.222  2.554  3.6038  1.339    4  0.000  0.463     0.00     0.00 -1         0      0.00 7.000e-01 2.990e-01 1.100e-03 5.880e-04 3.170e-03 -1.000 1.000e-03 -1.614 2.455 0.810 -0.660 -1.483 -2.179 -3.188 -3.934 -4.097
0.01500 5.00e+09 1.2631835938    1.222  2.594  3.6003  1.284    4  0.000  0.463     0.00     0.00 -1         0      0.00 7.000e-01 2.990e-01 1.100e-03 5.880e-04 3.170e-03 -1.000 9.999e-04 -1.716 2.465 0.772 -0.719 -1.557 -2.271 -3.298 -4.054 -4.223
0.01500 5.00e+09 1.2632117271    1.222  2.635  3.5966  1.228    4  0.000  0.463     0.00     0.00 -1         0      0.00 7.000e-01 2.990e-01 1.100e-03 5.880e-04 3.170e-03 -1.000 1.000e-03 -1.818 2.474 0.736 -0.773 -1.627 -2.363 -3.408 -4.174 -4.348
0.01500 5.00e+09 1.2632384300    1.222  2.676  3.5929  1.172    4  0.000  0.463     0.00     0.00 -1         0      0.00 7.000e-01 2.990e-01 1.100e-03 5.880e-04 3.170e-03 -1.000 1.000e-03 -1.920 2.481 0.705 -0.820 -1.691 -2.454 -3.519 -4.295 -4.475
0.01500 5.00e+09 1.2632633448    1.222  2.717  3.5892  1.117    4  0.000  0.463     0.00     0.00 -1         0      0.00 7.000e-01 2.990e-01 1.100e-03 5.880e-04 3.170e-03 -1.000 1.000e-03 -2.021 2.489 0.676 -0.866 -1.754 -2.543 -3.628 -4.415 -4.600
0.01500 5.00e+09 1.2632874250    1.222  2.757  3.5854  1.062    4  0.000  0.463     0.00     0.00 -1         0      0.00 7.000e-01 2.990e-01 1.100e-03 5.880e-04 3.170e-03 -1.000 1.000e-03 -2.121 2.501 0.649 -0.910 -1.815 -2.631 -3.736 -4.533 -4.724
0.01500 5.00e+09 1.2633109093    1.222  2.798  3.5815  1.005    4  0.000  0.463     0.00     0.00 -1         0      0.00 7.000e-01 2.990e-01 1.100e-03 5.880e-04 3.170e-03 -1.000 1.000e-03 -2.224 2.508 0.629 -0.943 -1.868 -2.720 -3.848 -4.656 -4.852
0.01500 5.00e+09 1.2633311749    1.222  2.840  3.5773  0.946    4  0.000  0.463     0.00     0.00 -1         0      0.00 7.000e-01 2.990e-01 1.100e-03 5.880e-04 3.170e-03 -1.000 1.000e-03 -2.331 2.521 0.616 -0.967 -1.915 -2.812 -3.966 -4.784 -4.986
0.01500 5.00e+09 1.2633447647    1.222  2.880  3.5733  0.891    4  0.000  0.463     0.00     0.00 -1         0      0.00 7.000e-01 2.990e-01 1.100e-03 5.880e-04 3.170e-03 -1.000 1.000e-03 -2.429 2.534 0.607 -0.988 -1.958 -2.896 -4.074 -4.902 -5.111
0.01500 5.00e+09 1.2633543015    1.222  2.917  3.5695  0.838    4  0.000  0.463     0.00     0.00 -1         0      0.00 7.000e-01 2.990e-01 1.100e-03 5.880e-04 3.170e-03 -1.000 1.000e-03 -2.523 2.548 0.602 -1.003 -1.995 -2.974 -4.178 -5.015 -5.230
0.01500 5.00e+09 1.2633626461    1.222  2.957  3.5653  0.782    4  0.000  0.463     0.00     0.00 -1         0      0.00 7.000e-01 2.990e-01 1.100e-03 5.880e-04 3.170e-03 -1.000 1.000e-03 -2.622 2.554 0.613 -0.992 -2.013 -3.053 -4.289 -5.134 -5.356
0.01500 5.00e+09 1.2633703947    1.222  2.997  3.5610  0.724    4  0.000  0.463     0.00     0.00 -1         0      0.00 7.000e-01 2.990e-01 1.100e-03 5.880e-04 3.170e-03 -1.000 1.000e-03 -2.722 2.563 0.627 -0.979 -2.030 -3.132 -4.402 -5.256 -5.484
0.01500 5.00e+09 1.2633775473    1.222  3.036  3.5567  0.667    4  0.000  0.463     0.00     0.00 -1         0      0.00 7.000e-01 2.990e-01 1.100e-03 5.880e-04 3.170e-03 -1.000 1.000e-03 -2.821 2.574 0.643 -0.963 -2.045 -3.209 -4.513 -5.377 -5.612
0.01500 5.00e+09 1.2633845806    1.222  3.078  3.5520  0.608    4  0.000  0.463     0.00     0.00 -1         0      0.00 7.000e-01 2.990e-01 1.100e-03 5.880e-04 3.170e-03 -1.000 1.000e-03 -2.924 2.580 0.690 -0.904 -2.032 -3.276 -4.630 -5.503 -5.745
0.01500 5.00e+09 1.2633916140    1.222  3.118  3.5473  0.548    4  0.000  0.463     0.00     0.00 -1         0      0.00 7.000e-01 2.990e-01 1.100e-03 5.880e-04 3.170e-03 -1.000 1.000e-03 -3.026 2.587 0.744 -0.834 -2.011 -3.340 -4.746 -5.628 -5.878
0.01500 5.00e+09 1.2633987665    1.222  3.157  3.5428  0.491    4  0.000  0.463     0.00     0.00 -1         0      0.00 7.000e-01 2.990e-01 1.100e-03 5.880e-04 3.170e-03 -1.000 1.000e-03 -3.123 2.595 0.799 -0.764 -1.989 -3.399 -4.857 -5.746 -6.004
0.01500 5.00e+09 1.2634071112    1.222  3.197  3.5380  0.432    4  0.000  0.463     0.00     0.00 -1         0      0.00 7.000e-01 2.990e-01 1.100e-03 5.880e-04 3.170e-03 -1.000 1.000e-03 -3.222 2.601 0.893 -0.645 -1.939 -3.438 -4.972 -5.868 -6.134
0.01500 5.00e+09 1.2634143829    1.222  3.227  3.5343  0.388    4  0.000  0.463     0.00     0.00 -1         0      0.00 7.000e-01 2.990e-01 1.100e-03 5.880e-04 3.170e-03 -1.000 1.000e-03 -3.297 2.607 0.973 -0.544 -1.895 -3.462 -5.060 -5.960 -6.232
0.01500 5.00e+09 1.2634166479    1.222  3.248  3.5316  0.356    4  0.000  0.463     0.00     0.00 -1         0      0.00 7.000e-01 2.990e-01 1.100e-03 5.880e-04 3.170e-03 -1.000 1.000e-03 -3.350 2.613 1.033 -0.468 -1.860 -3.478 -5.122 -6.026 -6.302
0.01500 5.00e+09 1.2634176016    1.222  3.269  3.5290  0.324    4  0.000  0.463     0.00     0.00 -1         0      0.00 7.000e-01 2.990e-01 1.100e-03 5.880e-04 3.170e-03 -1.000 1.000e-03 -3.402 2.620 1.096 -0.389 -1.824 -3.493 -5.183 -6.090 -6.372
0.01500 5.00e+09 1.2634181976    1.222  3.280  3.5274  0.307    4  0.000  0.463     0.00     0.00 -1         0      0.00 7.000e-01 2.990e-01 1.100e-03 5.880e-04 3.170e-03 -1.000 1.000e-03 -3.430 2.623 1.136 -0.339 -1.800 -3.496 -5.217 -6.126 -6.410
0.01500 5.00e+09 1.2634189129    1.222  3.290  3.5260  0.291    4  0.000  0.463     0.00     0.00 -1         0      0.00 7.000e-01 2.990e-01 1.100e-03 5.880e-04 3.170e-03 -1.000 1.000e-03 -3.456 2.626 1.178 -0.284 -1.773 -3.491 -5.248 -6.158 -6.444
0.01500 5.00e+09 1.2634198666    1.222  3.303  3.5244  0.272    4  0.000  0.463     0.00     0.00 -1         0      0.00 7.000e-01 2.990e-01 1.100e-03 5.880e-04 3.170e-03 -1.000 1.000e-03 -3.487 2.629 1.228 -0.220 -1.741 -3.486 -5.284 -6.195 -6.485
0.01500 5.00e+09 1.2634214163    1.222  3.320  3.5221  0.245    4  0.526  0.463     0.00     0.00 -1         0      0.00 7.000e-01 2.990e-01 1.100e-03 5.880e-04 3.170e-03 -1.000 9.999e-04 -3.530 2.633 1.300 -0.127 -1.695 -3.478 -5.335 -6.249 -6.543
0.01500 5.00e+09 1.2634215355    1.222  3.321  3.5219  0.243    4  0.526  0.463     0.00     0.00 -1         0      0.00 7.000e-01 2.990e-01 1.100e-03 5.880e-04 3.170e-03 -1.000 1.000e-03 -3.533 2.633 1.305 -0.120 -1.692 -3.478 -5.339 -6.253 -6.547
0.01500 5.00e+09 1.2634216547    1.222  3.321  3.5182  0.228    8  0.526  0.429   108.77    58.54  1 -8.32e-08      0.00 6.879e-01 2.969e-01 2.138e-03 1.443e-03 6.646e-03 -1.000 1.520e-02 -3.533 2.686 1.479 0.094 -1.549 -3.395 -5.351 -6.269 -6.570
0.01500 5.00e+09 1.2634217739    1.222  3.062  3.5502  0.616    8  0.526  0.429    47.18    28.44  1 -3.01e-08      0.00 6.879e-01 2.969e-01 2.138e-03 1.443e-03 6.646e-03 -1.000 1.520e-02 -2.885 2.636 0.781 -0.798 -1.944 -3.222 -4.596 -5.474 -5.718
0.01500 5.00e+09 1.2634218931    1.222  2.957  3.5632  0.773    8  0.526  0.429    33.58    21.20  1 -2.09e-08      0.00 6.879e-01 2.969e-01 2.138e-03 1.443e-03 6.646e-03 -1.000 1.520e-02 -2.621 2.593 0.665 -0.935 -1.970 -3.042 -4.294 -5.145 -5.369
0.01500 5.00e+09 1.2634222507    1.221  2.779  3.5851  1.038    8  0.526  0.429    18.96    12.93  1 -1.22e-08      0.00 6.879e-01 2.969e-01 2.138e-03 1.443e-03 6.646e-03 -1.000 1.520e-02 -2.178 2.468 0.603 -0.961 -1.868 -2.687 -3.793 -4.591 -4.782
0.01500 5.00e+09 1.2634227276    1.220  2.804  3.5819  1.000    8  0.526  0.429    20.59    13.88  1 -1.31e-08      0.00 6.879e-01 2.969e-01 2.138e-03 1.443e-03 6.646e-03 -1.000 1.520e-02 -2.241 2.488 0.604 -0.968 -1.891 -2.739 -3.864 -4.670 -4.866
0.01500 5.00e+09 1.2634233236    1.220  2.931  3.5661  0.809    8  0.526  0.429    31.06    19.80  1 -1.93e-08      0.00 6.879e-01 2.969e-01 2.138e-03 1.443e-03 6.646e-03 -1.000 1.520e-02 -2.558 2.585 0.652 -0.949 -1.964 -2.993 -4.223 -5.068 -5.287
0.01500 5.00e+09 1.2634240389    1.218  3.099  3.5450  0.557    8  0.526  0.429    53.55    31.71  1 -3.44e-08      0.00 6.879e-01 2.969e-01 2.138e-03 1.443e-03 6.646e-03 -1.000 1.520e-02 -2.978 2.656 0.857 -0.704 -1.903 -3.273 -4.705 -5.592 -5.844
0.01500 5.00e+09 1.2634249926    1.217  3.244  3.5267  0.338    8  0.526  0.429    85.79    47.65  1 -6.02e-08      0.00 6.879e-01 2.969e-01 2.138e-03 1.443e-03 6.646e-03 -1.000 1.520e-02 -3.340 2.694 1.243 -0.214 -1.684 -3.389 -5.128 -6.039 -6.323
0.01500 5.00e+09 1.2634259462    1.216  3.343  3.5139  0.187    8  0.527  0.429   118.86    63.15  1  -9.1e-08      0.00 6.879e-01 2.969e-01 2.138e-03 1.443e-03 6.646e-03 -1.000 1.520e-02 -3.589 2.714 1.639 0.294 -1.437 -3.353 -5.420 -6.343 -6.652
0.01500 5.00e+09 1.2634271383    1.214  3.403  3.5060  0.095    8  0.527  0.429   144.90    74.92  0 -1.18e-07      0.00 6.879e-01 2.969e-01 2.138e-03 1.443e-03 6.646e-03 -1.000 1.520e-02 -3.738 2.720 1.901 0.639 -1.262 -3.279 -5.595 -6.524 -6.846
0.01500 5.00e+09 1.2634284496    1.212  3.440  3.5009  0.037    8  0.527  0.429   164.13    83.42  0 -1.38e-07      0.00 6.879e-01 2.969e-01 2.138e-03 1.443e-03 6.646e-03 -1.000 1.520e-02 -3.830 2.729 2.084 0.878 -1.137 -3.220 -5.704 -6.637 -6.969
0.01500 5.00e+09 1.2634299994    1.210  3.469  3.4966 -0.010    8  0.528  0.429   181.73    91.06  0 -1.57e-07      0.00 6.879e-01 2.969e-01 2.138e-03 1.443e-03 6.646e-03 -1.000 1.520e-02 -3.904 2.730 2.199 1.016 -1.066 -3.182 -5.791 -6.727 -7.065
0.01500 5.00e+09 1.2634299994    1.210  3.274  3.5217  0.285    8  0.528  0.429    96.05    52.48  1 -6.81e-08      0.00 6.879e-01 2.969e-01 2.138e-03 1.443e-03 6.646e-03 -1.000 1.520e-02 -3.415 2.717 1.414 0.002 -1.568 -3.355 -5.221 -6.136 -6.429
0.01500 5.00e+09 1.2634302378    1.209  3.109  3.5428  0.535    8  0.528  0.429    56.05    32.94  1 -3.57e-08      0.00 6.879e-01 2.969e-01 2.138e-03 1.443e-03 6.646e-03 -1.000 1.520e-02 -3.002 2.678 0.904 -0.648 -1.869 -3.279 -4.736 -5.627 -5.883
0.01500 5.00e+09 1.2634305954    1.209  2.928  3.5661  0.809    8  0.528  0.429    31.02    19.75  1 -1.92e-08      0.00 6.879e-01 2.969e-01 2.138e-03 1.443e-03 6.646e-03 -1.000 1.520e-02 -2.549 2.594 0.661 -0.940 -1.955 -2.984 -4.214 -5.058 -5.278
0.01500 5.00e+09 1.2634309530    1.208  2.947  3.5636  0.779    8  0.528  0.429    33.09    20.88  1 -2.04e-08      0.00 6.879e-01 2.969e-01 2.138e-03 1.443e-03 6.646e-03 -1.000 1.520e-02 -2.598 2.606 0.678 -0.922 -1.955 -3.020 -4.270 -5.120 -5.343
0.01500 5.00e+09 1.2634315491    1.207  3.065  3.5484  0.600    8  0.528  0.429    48.70    29.16  1 -3.05e-08      0.00 6.879e-01 2.969e-01 2.138e-03 1.443e-03 6.646e-03 -1.000 1.520e-02 -2.893 2.664 0.831 -0.740 -1.904 -3.214 -4.609 -5.490 -5.737
0.01500 5.00e+09 1.2634322643    1.206  3.221  3.5281  0.362    8  0.529  0.429    81.33    45.41  1 -5.52e-08      0.00 6.879e-01 2.969e-01 2.138e-03 1.443e-03 6.646e-03 -1.000 1.520e-02 -3.284 2.714 1.228 -0.239 -1.681 -3.362 -5.067 -5.977 -6.258
0.01500 5.00e+09 1.2634330988    1.204  3.353  3.5110  0.161    8  0.529  0.429   125.43    66.03  1 -9.52e-08      0.00 6.879e-01 2.969e-01 2.138e-03 1.443e-03 6.646e-03 -1.000 1.520e-02 -3.613 2.739 1.759 0.447 -1.345 -3.297 -5.454 -6.379 -6.692
0.01500 5.00e+09 1.2634341717    1.202  3.438  3.4998  0.031    8  0.529  0.429   166.26    84.21  0 -1.38e-07      0.00 6.879e-01 2.969e-01 2.138e-03 1.443e-03 6.646e-03 -1.000 1.520e-02 -3.826 2.749 2.142 0.947 -1.089 -3.184 -5.703 -6.638 -6.971
0.01500 5.00e+09 1.2634352446    1.200  3.482  3.4938 -0.038    8  0.530  0.429   192.78    95.67  0 -1.68e-07      0.00 6.879e-01 2.969e-01 2.138e-03 1.443e-03 6.646e-03 -1.000 1.520e-02 -3.936 2.743 2.285 1.114 -1.008 -3.142 -5.832 -6.770 -7.112
0.01500 5.00e+09 1.2634365559    1.198  3.502  3.4909 -0.070    8  0.530  0.429   206.51   101.49  0 -1.84e-07      0.00 6.879e-01 2.969e-01 2.138e-03 1.443e-03 6.646e-03 -1.000 1.520e-02 -3.985 2.743 2.358 1.199 -0.964 -3.117 -5.891 -6.830 -7.176
0.01500 5.00e+09 1.2634379864    1.195  3.513  3.4892 -0.089    8  0.530  0.429   214.94   105.02  0 -1.93e-07      0.00 6.879e-01 2.969e-01 2.138e-03 1.443e-03 6.646e-03 -1.000 1.520e-02 -4.013 2.745 2.406 1.253 -0.935 -3.099 -5.924 -6.864 -7.213
0.01500 5.00e+09 1.2634381056    1.195  3.326  3.5137  0.197    8  0.531  0.429   116.15    61.69  1 -8.54e-08      0.00 6.879e-01 2.969e-01 2.138e-03 1.443e-03 6.646e-03 -1.000 1.520e-02 -3.544 2.751 1.685 0.345 -1.388 -3.305 -5.377 -6.300 -6.608
0.01500 5.00e+09 1.2634382248    1.195  3.162  3.5352  0.446    8  0.531  0.429    67.80    38.73  1 -4.42e-08      0.00 6.879e-01 2.969e-01 2.138e-03 1.443e-03 6.646e-03 -1.000 1.520e-02 -3.135 2.709 1.079 -0.429 -1.762 -3.311 -4.894 -5.795 -6.064
0.01500 5.00e+09 1.2634385824    1.194  2.981  3.5589  0.722    8  0.531  0.429    37.41    23.16  1 -2.32e-08      0.00 6.879e-01 2.969e-01 2.138e-03 1.443e-03 6.646e-03 -1.000 1.520e-02 -2.682 2.636 0.717 -0.883 -1.948 -3.081 -4.367 -5.228 -5.458
0.01500 5.00e+09 1.2634390593    1.193  3.000  3.5563  0.691    8  0.531  0.429    39.94    24.50  1 -2.47e-08      0.00 6.879e-01 2.969e-01 2.138e-03 1.443e-03 6.646e-03 -1.000 1.520e-02 -2.731 2.650 0.736 -0.863 -1.947 -3.117 -4.423 -5.290 -5.524
0.01500 5.00e+09 1.2634396553    1.191  3.116  3.5409  0.513    8  0.531  0.429    58.62    34.14  1 -3.73e-08      0.00 6.879e-01 2.969e-01 2.138e-03 1.443e-03 6.646e-03 -1.000 1.520e-02 -3.021 2.700 0.956 -0.587 -1.832 -3.276 -4.761 -5.655 -5.914
0.01500 5.00e+09 1.2634404898    1.190  3.270  3.5206  0.278    8  0.532  0.429    97.46    52.96  1  -6.8e-08      0.00 6.879e-01 2.969e-01 2.138e-03 1.443e-03 6.646e-03 -1.000 1.520e-02 -3.405 2.745 1.476 0.076 -1.516 -3.320 -5.214 -6.131 -6.426
0.01500 5.00e+09 1.2634413242    1.188  3.399  3.5033  0.079    8  0.532  0.429   149.72    76.73  0 -1.18e-07      0.00 6.879e-01 2.969e-01 2.138e-03 1.443e-03 6.646e-03 -1.000 1.520e-02 -3.729 2.768 2.043 0.813 -1.144 -3.194 -5.595 -6.526 -6.853
0.01500 5.00e+09 1.2634423971    1.185  3.483  3.4920 -0.051    8  0.532  0.429   198.01    97.66  0  -1.7e-07      0.00 6.879e-01 2.969e-01 2.138e-03 1.443e-03 6.646e-03 -1.000 1.520e-02 -3.938 2.765 2.354 1.191 -0.954 -3.099 -5.840 -6.779 -7.123
0.01500 5.00e+09 1.2634437084    1.183  3.526  3.4860 -0.120    8  0.533  0.429   229.45   110.88  0 -2.07e-07      0.00 6.879e-01 2.969e-01 2.138e-03 1.443e-03 6.646e-03 -1.000 1.520e-02 -4.046 2.763 2.510 1.370 -0.863 -3.047 -5.968 -6.910 -7.263
0.01500 5.00e+09 1.2634450197    1.180  3.546  3.4830 -0.152    8  0.533  0.429   245.95   117.67  0 -2.26e-07      0.00 6.879e-01 2.969e-01 2.138e-03 1.443e-03 6.646e-03 -1.000 1.520e-02 -4.095 2.760 2.554 1.403 -0.848 -3.041 -6.025 -6.968 -7.325
0.01500 5.00e+09 1.2634465694    1.177  3.557  3.4812 -0.171    8  0.534  0.429   256.33   121.88  0 -2.38e-07      0.00 6.879e-01 2.969e-01 2.138e-03 1.443e-03 6.646e-03 -1.000 1.520e-02 -4.122 2.761 2.584 1.427 -0.835 -3.034 -6.058 -7.002 -7.360
0.01500 5.00e+09 1.2634466887    1.176  3.379  3.5049  0.100    8  0.534  0.429   142.64    73.43  0 -1.09e-07      0.00 6.879e-01 2.969e-01 2.138e-03 1.443e-03 6.646e-03 -1.000 1.520e-02 -3.679 2.784 2.008 0.763 -1.160 -3.189 -5.540 -6.470 -6.793
0.01500 5.00e+09 1.2634468079    1.176  3.217  3.5265  0.350    8  0.534  0.429    83.34    46.14  1 -5.56e-08      0.00 6.879e-01 2.969e-01 2.138e-03 1.443e-03 6.646e-03 -1.000 1.520e-02 -3.272 2.753 1.314 -0.138 -1.611 -3.318 -5.061 -5.973 -6.256
0.01500 5.00e+09 1.2634471655    1.175  3.036  3.5507  0.627    8  0.534  0.429    45.81    27.50  1 -2.84e-08      0.00 6.879e-01 2.969e-01 2.138e-03 1.443e-03 6.646e-03 -1.000 1.520e-02 -2.820 2.685 0.828 -0.752 -1.892 -3.161 -4.529 -5.406 -5.649
0.01500 5.00e+09 1.2634477615    1.173  3.055  3.5481  0.597    8  0.535  0.429    48.84    29.06  1 -3.03e-08      0.00 6.879e-01 2.969e-01 2.138e-03 1.443e-03 6.646e-03 -1.000 1.520e-02 -2.867 2.695 0.865 -0.706 -1.872 -3.187 -4.585 -5.466 -5.713
0.01500 5.00e+09 1.2634483576    1.172  3.168  3.5329  0.422    8  0.535  0.429    71.19    40.24  1 -4.61e-08      0.00 6.879e-01 2.969e-01 2.138e-03 1.443e-03 6.646e-03 -1.000 1.520e-02 -3.150 2.741 1.160 -0.335 -1.702 -3.294 -4.917 -5.821 -6.094
0.01500 5.00e+09 1.2634491920    1.170  3.317  3.5127  0.192    8  0.535  0.429   117.12    61.85  1 -8.41e-08      0.00 6.879e-01 2.969e-01 2.138e-03 1.443e-03 6.646e-03 -1.000 1.520e-02 -3.523 2.786 1.755 0.428 -1.326 -3.255 -5.359 -6.283 -6.592
0.01500 5.00e+09 1.2634502649    1.167  3.443  3.4956 -0.003    8  0.536  0.429   178.19    88.85  0 -1.44e-07      0.00 6.879e-01 2.969e-01 2.138e-03 1.443e-03 6.646e-03 -1.000 1.520e-02 -3.837 2.798 2.295 1.120 -0.971 -3.092 -5.726 -6.664 -7.003
0.01500 5.00e+09 1.2634513378    1.164  3.523  3.4845 -0.129    8  0.536  0.429   233.80   112.31  0 -2.07e-07      0.00 6.879e-01 2.969e-01 2.138e-03 1.443e-03 6.646e-03 -1.000 1.520e-02 -4.038 2.788 2.559 1.416 -0.824 -3.013 -5.964 -6.907 -7.261
0.01500 5.00e+09 1.2634527683    1.160  3.564  3.4786 -0.195    8  0.537  0.429   269.27   126.81  0  -2.5e-07      0.00 6.879e-01 2.969e-01 2.138e-03 1.443e-03 6.646e-03 -1.000 1.520e-02 -4.140 2.779 2.644 1.478 -0.798 -3.003 -6.084 -7.028 -7.389
0.01500 5.00e+09 1.2634541988    1.157  3.581  3.4759 -0.225    8  0.538  0.429   287.18   133.97  0 -2.71e-07      0.00 6.879e-01 2.969e-01 2.138e-03 1.443e-03 6.646e-03 -1.000 1.520e-02 -4.184 2.779 2.689 1.512 -0.780 -2.994 -6.136 -7.082 -7.445
0.01500 5.00e+09 1.2634558678    1.153  3.590  3.4742 -0.242    8  0.538  0.429   297.85   138.15  0 -2.84e-07      0.00 6.879e-01 2.969e-01 2.138e-03 1.443e-03 6.646e-03 -1.000 1.520e-02 -4.206 2.782 2.719 1.535 -0.766 -2.984 -6.164 -7.110 -7.475
0.01500 5.00e+09 1.2634559870    1.152  3.425  3.4968  0.013    8  0.538  0.429   171.70    85.81  0 -1.36e-07      0.00 6.879e-01 2.969e-01 2.138e-03 1.443e-03 6.646e-03 -1.000 1.520e-02 -3.793 2.818 2.286 1.108 -0.966 -3.079 -5.679 -6.616 -6.953
0.01500 5.00e+09 1.2634561062    1.151  3.265  3.5187  0.261    8  0.539  0.429   100.51    54.01  1  -6.9e-08      0.00 6.879e-01 2.969e-01 2.138e-03 1.443e-03 6.646e-03 -1.000 1.520e-02 -3.391 2.793 1.581 0.199 -1.430 -3.265 -5.207 -6.125 -6.424
0.01500 5.00e+09 1.2634565830    1.149  3.084  3.5434  0.540    8  0.539  0.429    55.09    32.11  1 -3.45e-08      0.00 6.879e-01 2.969e-01 2.138e-03 1.443e-03 6.646e-03 -1.000 1.520e-02 -2.940 2.729 0.949 -0.605 -1.821 -3.221 -4.672 -5.561 -5.817
0.01500 5.00e+09 1.2634570599    1.147  3.102  3.5407  0.510    8  0.539  0.429    58.77    33.94  1  -3.7e-08      0.00 6.879e-01 2.969e-01 2.138e-03 1.443e-03 6.646e-03 -1.000 1.520e-02 -2.986 2.740 1.000 -0.542 -1.791 -3.238 -4.726 -5.621 -5.880
0.01500 5.00e+09 1.2634577751    1.144  3.213  3.5254  0.337    8  0.539  0.429    85.26    46.78  1 -5.64e-08      0.00 6.879e-01 2.969e-01 2.138e-03 1.443e-03 6.646e-03 -1.000 1.520e-02 -3.262 2.786 1.379 -0.063 -1.558 -3.283 -5.054 -5.967 -6.253
0.01500 5.00e+09 1.2634586096    1.140  3.358  3.5052  0.110    8  0.540  0.429   139.11    71.38  0 -1.03e-07      0.00 6.879e-01 2.969e-01 2.138e-03 1.443e-03 6.646e-03 -1.000 1.520e-02 -3.624 2.826 2.040 0.792 -1.121 -3.145 -5.484 -6.414 -6.736
0.01500 5.00e+09 1.2634596825    1.136  3.479  3.4881 -0.081    8  0.540  0.429   210.23   101.92  0 -1.75e-07      0.00 6.879e-01 2.969e-01 2.138e-03 1.443e-03 6.646e-03 -1.000 1.520e-02 -3.928 2.831 2.523 1.379 -0.819 -2.988 -5.842 -6.783 -7.133
0.01500 5.00e+09 1.2634608746    1.130  3.557  3.4769 -0.206    8  0.541  0.429   274.81   128.35  0 -2.49e-07      0.00 6.879e-01 2.969e-01 2.138e-03 1.443e-03 6.646e-03 -1.000 1.520e-02 -4.122 2.817 2.711 1.540 -0.744 -2.954 -6.071 -7.016 -7.378
0.01500 5.00e+09 1.2634623051    1.124  3.596  3.4709 -0.271    8  0.542  0.429   316.21   144.74  0 -2.99e-07      0.00 6.879e-01 2.969e-01 2.138e-03 1.443e-03 6.646e-03 -1.000 1.520e-02 -4.219 2.814 2.800 1.605 -0.712 -2.940 -6.186 -7.134 -7.502
0.01500 5.00e+09 1.2634638548    1.118  3.612  3.4680 -0.302    8  0.543  0.429   337.67   152.99  0 -3.25e-07      0.00 6.879e-01 2.969e-01 2.138e-03 1.443e-03 6.646e-03 -1.000 1.520e-02 -4.261 2.815 2.835 1.631 -0.700 -2.938 -6.236 -7.184 -7.554
0.01500 5.00e+09 1.2634656429    1.110  3.620  3.4662 -0.320    8  0.544  0.429   351.01   157.98  0  -3.4e-07      0.00 6.879e-01 2.969e-01 2.138e-03 1.443e-03 6.646e-03 -1.000 1.520e-02 -4.281 2.820 2.862 1.653 -0.687 -2.932 -6.261 -7.210 -7.581
0.01500 5.00e+09 1.2634657621    1.109  3.469  3.4875 -0.084    8  0.544  0.429   210.83   101.66  0 -1.72e-07      0.00 6.879e-01 2.969e-01 2.138e-03 1.443e-03 6.646e-03 -1.000 1.520e-02 -3.902 2.863 2.572 1.431 -0.775 -2.947 -5.819 -6.761 -7.111
0.01500 5.00e+09 1.2634658813    1.107  3.310  3.5097  0.162    8  0.544  0.429   123.91    64.18  0 -8.74e-08      0.00 6.879e-01 2.969e-01 2.138e-03 1.443e-03 6.646e-03 -1.000 1.520e-02 -3.506 2.856 1.925 0.631 -1.187 -3.154 -5.352 -6.278 -6.593
0.01500 5.00e+09 1.2634663582    1.102  3.131  3.5348  0.441    8  0.544  0.429    67.89    38.12  1 -4.31e-08      0.00 6.879e-01 2.969e-01 2.138e-03 1.443e-03 6.646e-03 -1.000 1.520e-02 -3.057 2.796 1.174 -0.333 -1.671 -3.227 -4.817 -5.719 -5.988
0.01500 5.00e+09 1.2634668350    1.095  3.149  3.5319  0.408    8  0.544  0.429    72.79    40.44  1 -4.66e-08      0.00 6.879e-01 2.969e-01 2.138e-03 1.443e-03 6.646e-03 -1.000 1.520e-02 -3.103 2.811 1.248 -0.242 -1.624 -3.234 -4.873 -5.778 -6.053
0.01500 5.00e+09 1.2634675503    1.086  3.257  3.5164  0.235    8  0.545  0.429   105.62    55.70  1 -7.19e-08      0.00 6.879e-01 2.969e-01 2.138e-03 1.443e-03 6.646e-03 -1.000 1.520e-02 -3.371 2.862 1.719 0.357 -1.320 -3.193 -5.195 -6.115 -6.418
0.01500 5.00e+09 1.2634683847    1.076  3.397  3.4960  0.009    8  0.545  0.429   171.92    84.70  0 -1.31e-07      0.00 6.879e-01 2.969e-01 2.138e-03 1.443e-03 6.646e-03 -1.000 1.520e-02 -3.722 2.898 2.387 1.213 -0.871 -2.989 -5.611 -6.548 -6.886
0.01500 5.00e+09 1.2634694576    1.063  3.515  3.4786 -0.184    8  0.546  0.429   260.01   120.81  0 -2.25e-07      0.00 6.879e-01 2.969e-01 2.138e-03 1.443e-03 6.646e-03 -1.000 1.520e-02 -4.017 2.891 2.757 1.594 -0.679 -2.883 -5.961 -6.905 -7.265
0.01500 5.00e+09 1.2634706497    1.048  3.590  3.4671 -0.311    8  0.547  0.429   341.75   152.57  0 -3.23e-07      0.00 6.879e-01 2.969e-01 2.138e-03 1.443e-03 6.646e-03 -1.000 1.520e-02 -4.205 2.883 2.915 1.708 -0.627 -2.869 -6.183 -7.131 -7.502
0.01500 5.00e+09 1.2634720802    1.032  3.628  3.4607 -0.382    8  0.547  0.429   397.33   173.18  0 -5.65e-07      0.00 6.879e-01 2.969e-01 2.138e-03 1.443e-03 6.646e-03 -1.000 1.520e-02 -4.301 2.885 2.993 1.764 -0.601 -2.867 -6.295 -7.246 -7.623
0.01500 5.00e+09 1.2634736300    1.014  3.645  3.4572 -0.420    8  0.548  0.429   430.37   184.81  0 -9.79e-07      0.00 6.879e-01 2.969e-01 2.138e-03 1.443e-03 6.646e-03 -1.000 1.520e-02 -4.342 2.895 3.043 1.805 -0.578 -2.857 -6.345 -7.298 -7.677
0.01500 5.00e+09 1.2634754181    0.993  3.653  3.4548 -0.447    8  0.549  0.429   455.17   193.05  0 -1.43e-06      0.00 6.879e-01 2.969e-01 2.138e-03 1.443e-03 6.646e-03 -1.000 1.520e-02 -4.364 2.908 3.080 1.844 -0.556 -2.848 -6.373 -7.325 -7.706
0.01500 5.00e+09 1.2634755373    0.991  3.516  3.4749 -0.230    8  0.549  0.429   284.87   128.69  0 -2.52e-07      0.00 6.879e-01 2.969e-01 2.138e-03 1.443e-03 6.646e-03 -1.000 1.520e-02 -4.020 2.953 2.878 1.698 -0.597 -2.813 -5.975 -6.921 -7.285
0.01500 5.00e+09 1.2634756565    0.985  3.360  3.4982  0.017    8  0.550  0.429   167.21    81.06  0 -1.29e-07      0.00 6.879e-01 2.969e-01 2.138e-03 1.443e-03 6.646e-03 -1.000 1.520e-02 -3.629 2.969 2.399 1.212 -0.845 -2.950 -5.511 -6.447 -6.782
0.01500 5.00e+09 1.2634761333    0.973  3.180  3.5254  0.300    8  0.550  0.429    90.68    47.63  1 -6.33e-08      0.00 6.879e-01 2.969e-01 2.138e-03 1.443e-03 6.646e-03 -1.000 1.520e-02 -3.181 2.900 1.477 0.025 -1.474 -3.202 -4.974 -5.885 -6.172
0.01500 5.00e+09 1.2634766102    0.957  3.198  3.5244  0.271    8  0.550  0.429    96.38    50.00  1  -7.1e-08      0.00 6.879e-01 2.969e-01 2.138e-03 1.443e-03 6.646e-03 -1.000 1.520e-02 -3.226 2.891 1.488 0.040 -1.481 -3.226 -5.023 -5.934 -6.224
0.01500 5.00e+09 1.2634773254    0.937  3.302  3.5115  0.106    8  0.550  0.429   137.34    67.53  0 -1.15e-07      0.00 6.879e-01 2.969e-01 2.138e-03 1.443e-03 6.646e-03 -1.000 1.520e-02 -3.485 2.914 1.899 0.566 -1.227 -3.178 -5.325 -6.249 -6.564
0.01500 5.00e+09 1.2634781599    0.912  3.437  3.4943 -0.110    8  0.551  0.429   218.01    99.94  0  -2.2e-07      0.00 6.879e-01 2.969e-01 2.138e-03 1.443e-03 6.646e-03 -1.000 1.520e-02 -3.823 2.919 2.439 1.248 -0.890 -3.030 -5.720 -6.655 -7.000
0.01500 5.00e+09 1.2634792328    0.883  3.550  3.4809 -0.290    8  0.552  0.429   321.24   138.39  0 -3.97e-07      0.00 6.879e-01 2.969e-01 2.138e-03 1.443e-03 6.646e-03 -1.000 1.520e-02 -4.105 2.895 2.716 1.527 -0.769 -2.981 -6.046 -6.987 -7.353
0.01500 5.00e+09 1.2634804249    0.851  3.622  3.4738 -0.407    8  0.552  0.429   411.96   169.50  0 -7.62e-07      0.00 6.879e-01 2.969e-01 2.138e-03 1.443e-03 6.646e-03 -1.000 1.520e-02 -4.285 2.870 2.804 1.571 -0.773 -3.009 -6.248 -7.192 -7.571
0.01500 5.00e+09 1.2634818554    0.815  3.658  3.4725 -0.467    8  0.553  0.429   468.10   186.34  0 -1.74e-06      0.00 6.879e-01 2.969e-01 2.138e-03 1.443e-03 6.646e-03 -1.000 1.520e-02 -4.374 2.848 2.801 1.548 -0.814 -3.058 -6.343 -7.287 -7.672
0.01500 5.00e+09 1.2634834051    0.777  3.673  3.4747 -0.493    8  0.554  0.429   496.28   192.03  0 -2.45e-06      0.00 6.879e-01 2.969e-01 2.138e-03 1.443e-03 6.646e-03 -1.000 1.520e-02 -4.412 2.823 2.736 1.480 -0.884 -3.127 -6.375 -7.317 -7.702
0.01500 5.00e+09 1.2634850740    0.737  3.680  3.4786 -0.509    8  0.555  0.429   514.48   192.74  0 -2.93e-06      0.00 6.879e-01 2.969e-01 2.138e-03 1.443e-03 6.646e-03 -1.000 1.520e-02 -4.431 2.795 2.641 1.389 -0.972 -3.212 -6.384 -7.322 -7.706
0.01500 5.00e+09 1.2634850740    0.735  3.556  3.4977 -0.309    8  0.555  0.429   334.46   132.70  0  -6.6e-07      0.00 6.879e-01 2.969e-01 2.138e-03 1.443e-03 6.646e-03 -1.000 1.520e-02 -4.120 2.779 2.185 0.928 -1.233 -3.382 -6.016 -6.939 -7.292
0.01500 5.00e+09 1.2634851933    0.731  3.401  3.5226 -0.057    8  0.555  0.429   194.34    82.71  0 -3.41e-07      0.00 6.879e-01 2.969e-01 2.138e-03 1.443e-03 6.646e-03 -1.000 1.520e-02 -3.733 2.687 1.222 -0.291 -1.894 -3.692 -5.544 -6.445 -6.751
0.01500 5.00e+09 1.2634854317    0.723  3.221  3.5526  0.239    8  0.555  0.429   102.76    47.39  0 -1.68e-07      0.00 6.879e-01 2.969e-01 2.138e-03 1.443e-03 6.646e-03 -1.000 1.520e-02 -3.283 2.523 0.435 -1.262 -2.413 -3.645 -4.997 -5.851 -6.105
0.01500 5.00e+09 1.2634857893    0.713  3.237  3.5549  0.226    8  0.556  0.429   105.88    48.18  0 -1.91e-07      0.00 6.879e-01 2.969e-01 2.138e-03 1.443e-03 6.646e-03 -1.000 1.520e-02 -3.322 2.466 0.332 -1.384 -2.513 -3.703 -5.031 -5.877 -6.130
0.01500 5.00e+09 1.2634862661    0.699  3.335  3.5463  0.085    8  0.556  0.429   144.01    62.03  0 -3.12e-07      0.00 6.879e-01 2.969e-01 2.138e-03 1.443e-03 6.646e-03 -1.000 1.520e-02 -3.568 2.448 0.397 -1.301 -2.528 -3.881 -5.304 -6.165 -6.433
0.01500 5.00e+09 1.2634867430    0.682  3.463  3.5347 -0.100    8  0.556  0.429   215.53    86.31  0 -5.97e-07      0.00 6.879e-01 2.969e-01 2.138e-03 1.443e-03 6.646e-03 -1.000 1.520e-02 -3.887 2.423 0.569 -1.084 -2.486 -4.068 -5.664 -6.540 -6.830
0.01500 5.00e+09 1.2634874582    0.663  3.569  3.5279 -0.246    8  0.556  0.429   297.68   111.27  0 -1.08e-06      0.00 6.879e-01 2.969e-01 2.138e-03 1.443e-03 6.646e-03 -1.000 1.520e-02 -4.152 2.360 0.648 -0.979 -2.510 -4.239 -5.957 -6.837 -7.142
0.01500 5.00e+09 1.2634881735    0.641  3.634  3.5284 -0.324    8  0.557  0.429   357.06   125.63  0 -1.67e-06      0.00 6.879e-01 2.969e-01 2.138e-03 1.443e-03 6.646e-03 -1.000 1.520e-02 -4.316 2.252 0.498 -1.154 -2.690 -4.415 -6.123 -6.998 -7.305
0.01500 5.00e+09 1.2634890079    0.617  3.665  3.5357 -0.342    8  0.557  0.429   380.23   125.61  0 -2.24e-06      0.00 6.879e-01 2.969e-01 2.138e-03 1.443e-03 6.646e-03 -1.000 1.520e-02 -4.393 2.099 0.140 -1.589 -3.014 -4.595 -6.180 -7.038 -7.335
0.01500 5.00e+09 1.2634899616    0.591  3.675  3.5476 -0.323    8  0.558  0.429   383.36   114.79  0 -2.81e-06      0.00 6.879e-01 2.969e-01 2.138e-03 1.443e-03 6.646e-03 -1.000 1.520e-02 -4.418 1.915 -0.315 -2.138 -3.405 -4.753 -6.173 -7.003 -7.283
0.01500 5.00e+09 1.2634910345    0.563  3.677  3.5622 -0.288    8  0.558  0.429   429.58    91.23  0 -3.46e-06      0.00 6.879e-01 2.969e-01 2.138e-03 1.443e-03 6.646e-03 -1.000 1.520e-02 -4.422 1.704 -0.736 -2.622 -3.756 -4.854 -6.142 -6.933 -7.194
0.01500 5.00e+09 1.2634924650    0.563 -9.999  4.0809  1.966    9  0.564  0.000     0.00     0.00 -1         0      0.00 6.879e-01 2.969e-01 2.138e-03 1.443e-03 6.646e-03 -1.000 1.520e-02 29.767 29.832 30.330 30.431 30.450 30.488 30.626 30.656 30.690
#isochrone terminated
