# File generated by CMD 3.0 (http://stev.oapd.inaf.it/cmd) on Thu Jun  8 20:58:02 CEST 2017
# isochrones PARSEC release v1.2S + COLIBRI release PR16, as in Marigo et al. 2017
# Basic reference: Marigo et al. (2017), ApJ, 835, 77
# Photometric system: <i>UBVRIJHK</i> (cf. Maiz-Apellaniz 2006 + Bessell 1990)
# O-rich circumstellar dust ignored
# C-rich circumstellar dust ignored
# Kind of output: isochrone tables
# Zini Age Mini  Mass   logL    logTe  logg  label   McoreTP C_O  period0 period1 pmode  Mloss  tau1m   X   Y   Xc  Xn  Xo  Cexcess  Z 	 mbolmag  Umag    Bmag    Vmag    Rmag    Imag    Jmag    Hmag    Kmag
0.01500 1.00e+07 0.0900000036    0.090 -2.067  3.3982  4.004    0  0.000  0.463     0.00     0.00 -1  3.61e-15      0.00 7.000e-01 2.990e-01 1.100e-03 5.880e-04 3.170e-03 -1.000 9.999e-04 9.938 17.233 15.767 14.083 12.341 10.152 7.853 7.365 6.966
0.01500 1.00e+07 0.1000000089    0.100 -2.004  3.4049  4.014    0  0.000  0.463     0.00     0.00 -1  3.92e-15      0.00 7.000e-01 2.990e-01 1.100e-03 5.880e-04 3.170e-03 -1.000 1.000e-03 9.781 16.859 15.431 13.766 12.068 9.929 7.709 7.222 6.830
0.01500 1.00e+07 0.1032661945    0.103 -1.985  3.4070  4.016    0  0.000  0.463     0.00     0.00 -1  4.02e-15      0.00 7.000e-01 2.990e-01 1.100e-03 5.880e-04 3.170e-03 -1.000 1.000e-03 9.731 16.748 15.330 13.669 11.984 9.860 7.664 7.177 6.787
0.01500 1.00e+07 0.1238235012    0.124 -1.873  3.4187  4.030    0  0.000  0.463     0.00     0.00 -1  4.68e-15      0.00 7.000e-01 2.990e-01 1.100e-03 5.880e-04 3.170e-03 -1.000 1.000e-03 9.452 16.128 14.762 13.125 11.511 9.476 7.411 6.925 6.545
0.01500 1.00e+07 0.1371590048    0.137 -1.808  3.4254  4.037    0  0.000  0.463     0.00     0.00 -1  5.11e-15      0.00 7.000e-01 2.990e-01 1.100e-03 5.880e-04 3.170e-03 -1.000 1.000e-03 9.290 15.785 14.444 12.821 11.245 9.260 7.266 6.778 6.405
0.01500 1.00e+07 0.1430475563    0.143 -1.782  3.4284  4.041    0  0.000  0.463     0.00     0.00 -1  5.27e-15      0.00 7.000e-01 2.990e-01 1.100e-03 5.880e-04 3.170e-03 -1.000 1.000e-03 9.226 15.644 14.313 12.695 11.136 9.173 7.209 6.720 6.350
0.01500 1.00e+07 0.1469533890    0.147 -1.765  3.4304  4.044    0  0.000  0.463     0.00     0.00 -1   5.4e-15      0.00 7.000e-01 2.990e-01 1.100e-03 5.880e-04 3.170e-03 -1.000 1.000e-03 9.182 15.577 14.232 12.611 11.062 9.111 7.169 6.680 6.313
0.01500 1.00e+07 0.1492145061    0.149 -1.754  3.4316  4.044    0  0.000  0.463     0.00     0.00 -1   5.5e-15      0.00 7.000e-01 2.990e-01 1.100e-03 5.880e-04 3.170e-03 -1.000 1.000e-03 9.155 15.605 14.206 12.568 11.019 9.070 7.143 6.651 6.289
0.01500 1.00e+07 0.1684230417    0.168 -1.676  3.4404  4.054    0  0.000  0.463     0.00     0.00 -1  6.15e-15      0.00 7.000e-01 2.990e-01 1.100e-03 5.880e-04 3.170e-03 -1.000 1.000e-03 8.959 15.815 14.021 12.255 10.711 8.772 6.955 6.443 6.117
0.01500 1.00e+07 0.1818609536    0.182 -1.625  3.4464  4.060    0  0.000  0.463     0.00     0.00 -1   6.6e-15      0.00 7.000e-01 2.990e-01 1.100e-03 5.880e-04 3.170e-03 -1.000 1.000e-03 8.832 15.807 13.848 12.031 10.504 8.586 6.837 6.315 6.007
0.01500 1.00e+07 0.1964506507    0.196 -1.575  3.4523  4.067    0  0.000  0.463     0.00     0.00 -1  7.08e-15      0.00 7.000e-01 2.990e-01 1.100e-03 5.880e-04 3.170e-03 -1.000 1.000e-03 8.706 15.578 13.608 11.791 10.298 8.420 6.725 6.199 5.897
0.01500 1.00e+07 0.2090866566    0.209 -1.536  3.4567  4.073    0  0.000  0.463     0.00     0.00 -1  7.45e-15      0.00 7.000e-01 2.990e-01 1.100e-03 5.880e-04 3.170e-03 -1.000 1.000e-03 8.609 15.402 13.425 11.607 10.140 8.292 6.638 6.109 5.813
0.01500 1.00e+07 0.2275831401    0.228 -1.481  3.4629  4.080    0  0.000  0.463     0.00     0.00 -1  8.05e-15      0.00 7.000e-01 2.990e-01 1.100e-03 5.880e-04 3.170e-03 -1.000 1.000e-03 8.472 15.066 13.140 11.343 9.917 8.122 6.517 5.986 5.694
0.01500 1.00e+07 0.2477567643    0.248 -1.426  3.4692  4.087    0  0.000  0.463     0.00     0.00 -1  8.68e-15      0.00 7.000e-01 2.990e-01 1.100e-03 5.880e-04 3.170e-03 -1.000 1.000e-03 8.334 14.706 12.848 11.079 9.696 7.954 6.397 5.864 5.575
0.01500 1.00e+07 0.2679358721    0.268 -1.376  3.4751  4.094    0  0.000  0.463     0.00     0.00 -1  9.28e-15      0.00 7.000e-01 2.990e-01 1.100e-03 5.880e-04 3.170e-03 -1.000 1.000e-03 8.210 14.383 12.585 10.840 9.495 7.803 6.288 5.754 5.469
0.01500 1.00e+07 0.2970995903    0.297 -1.309  3.4831  4.104    0  0.000  0.463     0.00     0.00 -1  1.02e-14      0.00 7.000e-01 2.990e-01 1.100e-03 5.880e-04 3.170e-03 -1.000 9.999e-04 8.042 13.959 12.235 10.523 9.226 7.601 6.141 5.605 5.325
0.01500 1.00e+07 0.3000000119    0.300 -1.302  3.4839  4.105    0  0.000  0.463     0.00     0.00 -1  1.03e-14      0.00 7.000e-01 2.990e-01 1.100e-03 5.880e-04 3.170e-03 -1.000 9.999e-04 8.026 13.919 12.201 10.493 9.200 7.582 6.127 5.591 5.311
0.01500 1.00e+07 0.3184426427    0.318 -1.265  3.4884  4.112    0  0.000  0.463     0.00     0.00 -1  1.08e-14      0.00 7.000e-01 2.990e-01 1.100e-03 5.880e-04 3.170e-03 -1.000 9.999e-04 7.932 13.689 12.010 10.320 9.053 7.471 6.045 5.508 5.231
0.01500 1.00e+07 0.3500000238    0.350 -1.205  3.4959  4.122    0  0.000  0.463     0.00     0.00 -1  1.17e-14      0.00 7.000e-01 2.990e-01 1.100e-03 5.880e-04 3.170e-03 -1.000 1.000e-03 7.781 13.326 11.704 10.043 8.815 7.293 5.912 5.373 5.101
0.01500 1.00e+07 0.3578823507    0.358 -1.191  3.4975  4.125    0  0.000  0.463     0.00     0.00 -1  1.19e-14      0.00 7.000e-01 2.990e-01 1.100e-03 5.880e-04 3.170e-03 -1.000 1.000e-03 7.748 13.247 11.637 9.983 8.763 7.254 5.883 5.344 5.073
0.01500 1.00e+07 0.4000000358    0.400 -1.121  3.5058  4.137    0  0.000  0.463     0.00     0.00 -1   1.3e-14      0.00 7.000e-01 2.990e-01 1.100e-03 5.880e-04 3.170e-03 -1.000 1.000e-03 7.573 12.852 11.299 9.676 8.497 7.051 5.728 5.185 4.921
0.01500 1.00e+07 0.4167646766    0.417 -1.096  3.5091  4.142    0  0.000  0.463     0.00     0.00 -1  1.34e-14      0.00 7.000e-01 2.990e-01 1.100e-03 5.880e-04 3.170e-03 -1.000 1.000e-03 7.510 12.705 11.172 9.562 8.398 6.976 5.671 5.128 4.866
0.01500 1.00e+07 0.4500000477    0.450 -1.046  3.5155  4.151    0  0.000  0.463     0.00     0.00 -1  1.43e-14      0.00 7.000e-01 2.990e-01 1.100e-03 5.880e-04 3.170e-03 -1.000 1.000e-03 7.386 12.425 10.930 9.343 8.207 6.832 5.561 5.014 4.758
0.01500 1.00e+07 0.4737729132    0.474 -1.015  3.5199  4.160    0  0.000  0.463     0.00     0.00 -1  1.48e-14      0.00 7.000e-01 2.990e-01 1.100e-03 5.880e-04 3.170e-03 -1.000 1.000e-03 7.309 12.253 10.778 9.206 8.087 6.743 5.494 4.944 4.691
0.01500 1.00e+07 0.5000000000    0.500 -0.980  3.5246  4.168    0  0.000  0.463     0.00     0.00 -1  1.55e-14      0.00 7.000e-01 2.990e-01 1.100e-03 5.880e-04 3.170e-03 -1.000 1.000e-03 7.221 12.062 10.609 9.053 7.953 6.642 5.417 4.864 4.615
0.01500 1.00e+07 0.5142849684    0.514 -0.963  3.5275  4.174    0  0.000  0.463     0.00     0.00 -1  1.58e-14      0.00 7.000e-01 2.990e-01 1.100e-03 5.880e-04 3.170e-03 -1.000 1.000e-03 7.176 11.954 10.514 8.968 7.880 6.589 5.379 4.824 4.577
0.01500 1.00e+07 0.5446795821    0.544 -0.926  3.5326  4.182    0  0.000  0.463     0.00     0.00 -1  1.66e-14      0.00 7.000e-01 2.990e-01 1.100e-03 5.880e-04 3.170e-03 -1.000 1.000e-03 7.085 11.759 10.342 8.811 7.740 6.487 5.300 4.741 4.497
0.01500 1.00e+07 0.5500000119    0.550 -0.920  3.5333  4.183    0  0.000  0.463     0.00     0.00 -1  1.67e-14      0.00 7.000e-01 2.990e-01 1.100e-03 5.880e-04 3.170e-03 -1.000 1.000e-03 7.070 11.729 10.315 8.786 7.718 6.470 5.288 4.728 4.484
0.01500 1.00e+07 0.5581740737    0.558 -0.910  3.5350  4.187    0  0.000  0.463     0.00     0.00 -1  1.69e-14      0.00 7.000e-01 2.990e-01 1.100e-03 5.880e-04 3.170e-03 -1.000 1.000e-03 7.046 11.670 10.263 8.739 7.677 6.442 5.268 4.707 4.464
0.01500 1.00e+07 0.5883626342    0.588 -0.876  3.5403  4.196    0  0.000  0.463     0.00     0.00 -1  1.76e-14      0.00 7.000e-01 2.990e-01 1.100e-03 5.880e-04 3.170e-03 -1.000 1.000e-03 6.959 11.475 10.091 8.583 7.539 6.344 5.195 4.630 4.390
0.01500 1.00e+07 0.6000000238    0.600 -0.863  3.5420  4.199    0  0.000  0.463     0.00     0.00 -1  1.79e-14      0.00 7.000e-01 2.990e-01 1.100e-03 5.880e-04 3.170e-03 -1.000 1.000e-03 6.927 11.409 10.032 8.529 7.491 6.309 5.168 4.601 4.362
0.01500 1.00e+07 0.6228365898    0.623 -0.835  3.5470  4.208    0  0.000  0.463     0.00     0.00 -1  1.85e-14      0.00 7.000e-01 2.990e-01 1.100e-03 5.880e-04 3.170e-03 -1.000 1.000e-03 6.858 11.261 9.894 8.403 7.380 6.230 5.111 4.539 4.303
0.01500 1.00e+07 0.6499999762    0.650 -0.805  3.5520  4.216    0  0.000  0.463     0.00     0.00 -1  1.93e-14      0.00 7.000e-01 2.990e-01 1.100e-03 5.880e-04 3.170e-03 -1.000 1.000e-03 6.782 11.107 9.750 8.271 7.262 6.144 5.047 4.471 4.238
0.01500 1.00e+07 0.6689553857    0.669 -0.781  3.5563  4.222    0  0.000  0.463     0.00     0.00 -1  1.99e-14      0.00 7.000e-01 2.990e-01 1.100e-03 5.880e-04 3.170e-03 -1.000 1.000e-03 6.722 10.980 9.631 8.163 7.166 6.076 4.998 4.417 4.188
0.01500 1.00e+07 0.7000000477    0.700 -0.742  3.5631  4.229    0  0.000  0.463     0.00     0.00 -1  2.11e-14      0.00 7.000e-01 2.990e-01 1.100e-03 5.880e-04 3.170e-03 -1.000 1.000e-03 6.625 10.800 9.454 7.999 7.020 5.970 4.918 4.330 4.108
0.01500 1.00e+07 0.7500000000    0.750 -0.583  3.6181  4.321    0  0.000  0.463     0.00     0.00 -1  2.65e-14      0.00 7.000e-01 2.990e-01 1.100e-03 5.880e-04 3.170e-03 -1.000 1.000e-03 6.227 9.350 8.273 7.052 6.258 5.582 4.676 3.945 3.842
0.01500 1.00e+07 0.7713467479    0.772 -0.563  3.6206  4.323    0  0.000  0.463     0.00     0.00 -1  2.73e-14      0.00 7.000e-01 2.990e-01 1.100e-03 5.880e-04 3.170e-03 -1.000 1.000e-03 6.178 9.264 8.193 6.980 6.194 5.532 4.634 3.904 3.803
0.01500 1.00e+07 0.8000000715    0.800 -0.533  3.6239  4.321    0  0.000  0.463     0.00     0.00 -1  2.88e-14      0.00 7.000e-01 2.990e-01 1.100e-03 5.880e-04 3.170e-03 -1.000 1.000e-03 6.101 9.139 8.078 6.873 6.098 5.455 4.568 3.839 3.741
0.01500 1.00e+07 0.8300881982    0.830 -0.502  3.6279  4.323    0  0.000  0.463     0.00     0.00 -1  3.03e-14      0.00 7.000e-01 2.990e-01 1.100e-03 5.880e-04 3.170e-03 -1.000 1.000e-03 6.026 8.998 7.954 6.762 6.001 5.377 4.505 3.781 3.685
0.01500 1.00e+07 0.8500000238    0.850 -0.480  3.6306  4.321    0  0.000  0.463     0.00     0.00 -1  3.16e-14      0.00 7.000e-01 2.990e-01 1.100e-03 5.880e-04 3.170e-03 -1.000 1.000e-03 5.969 8.894 7.865 6.683 5.932 5.317 4.455 3.738 3.643
0.01500 1.00e+07 0.8932311535    0.893 -0.429  3.6373  4.319    0  0.000  0.463     0.00     0.00 -1  3.47e-14      0.00 7.000e-01 2.990e-01 1.100e-03 5.880e-04 3.170e-03 -1.000 1.000e-03 5.841 8.650 7.658 6.501 5.773 5.183 4.345 3.645 3.554
0.01500 1.00e+07 0.8999999762    0.900 -0.420  3.6384  4.318    0  0.000  0.463     0.00     0.00 -1  3.53e-14      0.00 7.000e-01 2.990e-01 1.100e-03 5.880e-04 3.170e-03 -1.000 1.000e-03 5.821 8.611 7.624 6.472 5.747 5.162 4.328 3.630 3.540
0.01500 1.00e+07 0.9302196503    0.930 -0.386  3.6432  4.317    0  0.000  0.463     0.00     0.00 -1  3.76e-14      0.00 7.000e-01 2.990e-01 1.100e-03 5.880e-04 3.170e-03 -1.000 1.000e-03 5.735 8.438 7.481 6.347 5.639 5.070 4.254 3.569 3.483
0.01500 1.00e+07 0.9499999881    0.950 -0.361  3.6466  4.315    0  0.000  0.463     0.00     0.00 -1  3.96e-14      0.00 7.000e-01 2.990e-01 1.100e-03 5.880e-04 3.170e-03 -1.000 1.000e-03 5.671 8.313 7.377 6.257 5.561 5.003 4.199 3.525 3.441
0.01500 1.00e+07 0.9921687245    0.993 -0.310  3.6541  4.313    0  0.000  0.463     0.00     0.00 -1  4.37e-14      0.00 7.000e-01 2.990e-01 1.100e-03 5.880e-04 3.170e-03 -1.000 1.000e-03 5.544 8.052 7.162 6.071 5.400 4.867 4.091 3.439 3.359
0.01500 1.00e+07 1.0000000000    1.000 -0.299  3.6556  4.312    0  0.000  0.463     0.00     0.00 -1  4.46e-14      0.00 7.000e-01 2.990e-01 1.100e-03 5.880e-04 3.170e-03 -1.000 9.999e-04 5.518 7.999 7.120 6.035 5.369 4.840 4.069 3.422 3.343
0.01500 1.00e+07 1.0499999523    1.050 -0.238  3.6651  4.310    0  0.000  0.463     0.00     0.00 -1  4.64e-14      0.00 7.000e-01 2.990e-01 1.100e-03 5.880e-04 3.170e-03 -1.000 1.000e-03 5.365 7.678 6.867 5.817 5.185 4.678 3.943 3.329 3.255
0.01500 1.00e+07 1.0643275976    1.064 -0.219  3.6681  4.308    0  0.000  0.463     0.00     0.00 -1   4.7e-14      0.00 7.000e-01 2.990e-01 1.100e-03 5.880e-04 3.170e-03 -1.000 1.000e-03 5.318 7.579 6.789 5.750 5.128 4.628 3.904 3.300 3.227
0.01500 1.00e+07 1.0966893435    1.096 -0.169  3.6758  4.302    0  0.000  0.463     0.00     0.00 -1  4.96e-14      0.00 7.000e-01 2.990e-01 1.100e-03 5.880e-04 3.170e-03 -1.000 1.000e-03 5.192 7.319 6.586 5.576 4.979 4.497 3.801 3.222 3.154
0.01500 1.00e+07 1.1000000238    1.100 -0.164  3.6766  4.301    0  0.000  0.463     0.00     0.00 -1  4.99e-14      0.00 7.000e-01 2.990e-01 1.100e-03 5.880e-04 3.170e-03 -1.000 1.000e-03 5.179 7.292 6.565 5.557 4.964 4.483 3.790 3.214 3.146
0.01500 1.00e+07 1.1489915848    1.149 -0.090  3.6881  4.293    0  0.000  0.463     0.00     0.00 -1  5.36e-14      0.00 7.000e-01 2.990e-01 1.100e-03 5.880e-04 3.170e-03 -1.000 1.000e-03 4.996 6.911 6.271 5.307 4.750 4.294 3.642 3.104 3.041
0.01500 1.00e+07 1.1499999762    1.150 -0.089  3.6883  4.292    0  0.000  0.463     0.00     0.00 -1  5.37e-14      0.00 7.000e-01 2.990e-01 1.100e-03 5.880e-04 3.170e-03 -1.000 1.000e-03 4.991 6.903 6.265 5.301 4.745 4.290 3.639 3.101 3.039
0.01500 1.00e+07 1.2000000477    1.200 -0.008  3.7007  4.280    0  0.000  0.463     0.00     0.00 -1  5.82e-14      0.00 7.000e-01 2.990e-01 1.100e-03 5.880e-04 3.170e-03 -1.000 1.000e-03 4.791 6.497 5.955 5.039 4.519 4.088 3.479 2.980 2.923
0.01500 1.00e+07 1.2148773670    1.215  0.016  3.7043  4.276    0  0.000  0.463     0.00     0.00 -1  5.94e-14      0.00 7.000e-01 2.990e-01 1.100e-03 5.880e-04 3.170e-03 -1.000 1.000e-03 4.730 6.378 5.865 4.963 4.453 4.028 3.432 2.943 2.888
0.01500 1.00e+07 1.2500000000    1.250  0.078  3.7136  4.263    0  0.000  0.463     0.00     0.00 -1  6.38e-14      0.00 7.000e-01 2.990e-01 1.100e-03 5.880e-04 3.170e-03 -1.000 1.000e-03 4.574 6.076 5.634 4.769 4.283 3.875 3.309 2.847 2.796
0.01500 1.00e+07 1.2749408484    1.275  0.124  3.7202  4.252    0  0.000  0.463     0.00     0.00 -1   6.7e-14      0.00 7.000e-01 2.990e-01 1.100e-03 5.880e-04 3.170e-03 -1.000 1.000e-03 4.459 5.859 5.467 4.629 4.159 3.763 3.218 2.775 2.726
0.01500 1.00e+07 1.2999999523    1.300  0.174  3.7271  4.239    0  0.000  0.463     0.00     0.00 -1  7.11e-14      0.00 7.000e-01 2.990e-01 1.100e-03 5.880e-04 3.170e-03 -1.000 1.000e-03 4.336 5.633 5.292 4.483 4.029 3.645 3.121 2.697 2.651
0.01500 1.00e+07 1.3281924725    1.329  0.232  3.7349  4.221    0  0.000  0.463     0.00     0.00 -1  7.62e-14      0.00 7.000e-01 2.990e-01 1.100e-03 5.880e-04 3.170e-03 -1.000 1.000e-03 4.189 5.373 5.088 4.313 3.877 3.506 3.007 2.603 2.559
0.01500 1.00e+07 1.3500000238    1.350  0.281  3.7412  4.204    0  0.000  0.463     0.00     0.00 -1  8.14e-14      0.00 7.000e-01 2.990e-01 1.100e-03 5.880e-04 3.170e-03 -1.000 1.000e-03 4.067 5.164 4.922 4.174 3.752 3.391 2.910 2.522 2.481
0.01500 1.00e+07 1.3734019995    1.374  0.337  3.7480  4.183    0  0.000  0.463     0.00     0.00 -1  8.74e-14      0.00 7.000e-01 2.990e-01 1.100e-03 5.880e-04 3.170e-03 -1.000 9.999e-04 3.927 4.934 4.735 4.018 3.611 3.260 2.799 2.427 2.388
0.01500 1.00e+07 1.3999999762    1.401  0.407  3.7561  4.154    0  0.000  0.463     0.00     0.00 -1  9.67e-14      0.00 7.000e-01 2.990e-01 1.100e-03 5.880e-04 3.170e-03 -1.000 9.999e-04 3.753 4.661 4.508 3.828 3.437 3.099 2.661 2.309 2.272
0.01500 1.00e+07 1.4089324474    1.410  0.431  3.7589  4.143    0  0.000  0.463     0.00     0.00 -1  9.98e-14      0.00 7.000e-01 2.990e-01 1.100e-03 5.880e-04 3.170e-03 -1.000 9.999e-04 3.692 4.568 4.430 3.761 3.376 3.043 2.613 2.266 2.231
0.01500 1.00e+07 1.4330987930    1.434  0.502  3.7667  4.111    0  0.000  0.463     0.00     0.00 -1  1.11e-13      0.00 7.000e-01 2.990e-01 1.100e-03 5.880e-04 3.170e-03 -1.000 1.000e-03 3.514 4.300 4.202 3.568 3.199 2.878 2.469 2.141 2.108
0.01500 1.00e+07 1.4500000477    1.451  0.555  3.7724  4.086    0  0.000  0.463     0.00     0.00 -1  1.21e-13      0.00 7.000e-01 2.990e-01 1.100e-03 5.880e-04 3.170e-03 -1.000 1.000e-03 3.382 4.110 4.036 3.427 3.069 2.757 2.364 2.049 2.017
0.01500 1.00e+07 1.4520161152    1.453  0.562  3.7731  4.083    0  0.000  0.463     0.00     0.00 -1  1.22e-13      0.00 7.000e-01 2.990e-01 1.100e-03 5.880e-04 3.170e-03 -1.000 1.000e-03 3.366 4.087 4.015 3.409 3.053 2.743 2.351 2.037 2.006
0.01500 1.00e+07 1.4718291759    1.472  0.625  3.7802  4.053    0  0.000  0.463     0.00     0.00 -1  1.32e-13      0.00 7.000e-01 2.990e-01 1.100e-03 5.880e-04 3.170e-03 -1.000 1.000e-03 3.207 3.858 3.814 3.239 2.897 2.598 2.225 1.927 1.898
0.01500 1.00e+07 1.4914997816    1.492  0.688  3.7875  4.026    0  0.000  0.463     0.00     0.00 -1  1.44e-13      0.00 7.000e-01 2.990e-01 1.100e-03 5.880e-04 3.170e-03 -1.000 1.000e-03 3.049 3.640 3.617 3.072 2.745 2.458 2.103 1.821 1.794
0.01500 1.00e+07 1.5000000000    1.500  0.715  3.7909  4.015    0  0.000  0.463     0.00     0.00 -1  1.49e-13      0.00 7.000e-01 2.990e-01 1.100e-03 5.880e-04 3.170e-03 -1.000 1.000e-03 2.983 3.546 3.532 3.001 2.681 2.399 2.053 1.778 1.752
0.01500 1.00e+07 1.5108985901    1.511  0.749  3.7953  4.001    0  0.000  0.463     0.00     0.00 -1  1.53e-13      0.00 7.000e-01 2.990e-01 1.100e-03 5.880e-04 3.170e-03 -1.000 1.000e-03 2.897 3.427 3.423 2.910 2.598 2.323 1.988 1.723 1.698
0.01500 1.00e+07 1.5319427252    1.532  0.813  3.8046  3.981    0  0.000  0.463     0.00     0.00 -1  1.59e-13      0.00 7.000e-01 2.990e-01 1.100e-03 5.880e-04 3.170e-03 -1.000 1.000e-03 2.738 3.209 3.217 2.741 2.447 2.187 1.875 1.630 1.606
0.01500 1.00e+07 1.5489747524    1.549  0.862  3.8129  3.970    0  0.000  0.463     0.00     0.00 -1  1.63e-13      0.00 7.000e-01 2.990e-01 1.100e-03 5.880e-04 3.170e-03 -1.000 1.000e-03 2.615 3.040 3.055 2.610 2.332 2.087 1.795 1.566 1.545
0.01500 1.00e+07 1.5499999523    1.550  0.865  3.8134  3.969    0  0.000  0.463     0.00     0.00 -1  1.64e-13      0.00 7.000e-01 2.990e-01 1.100e-03 5.880e-04 3.170e-03 -1.000 1.000e-03 2.608 3.030 3.046 2.603 2.326 2.081 1.790 1.563 1.542
0.01500 1.00e+07 1.5665990114    1.567  0.908  3.8229  3.968    0  0.000  0.463     0.00     0.00 -1  1.57e-13      0.00 7.000e-01 2.990e-01 1.100e-03 5.880e-04 3.170e-03 -1.000 1.000e-03 2.499 2.874 2.894 2.485 2.227 1.998 1.729 1.522 1.502
0.01500 1.00e+07 1.5821005106    1.582  0.944  3.8332  3.978    0  0.000  0.463     0.00     0.00 -1  1.49e-13      0.00 7.000e-01 2.990e-01 1.100e-03 5.880e-04 3.170e-03 -1.000 1.000e-03 2.410 2.744 2.765 2.389 2.150 1.939 1.695 1.507 1.489
0.01500 1.00e+07 1.6000001431    1.600  0.977  3.8467  4.004    0  0.000  0.463     0.00     0.00 -1  1.34e-13      0.00 7.000e-01 2.990e-01 1.100e-03 5.880e-04 3.170e-03 -1.000 1.000e-03 2.327 2.617 2.632 2.297 2.085 1.898 1.683 1.522 1.506
0.01500 1.00e+07 1.6048935652    1.605  0.985  3.8508  4.013    0  0.000  0.463     0.00     0.00 -1         0      0.00 7.000e-01 2.990e-01 1.100e-03 5.880e-04 3.170e-03 -1.000 1.000e-03 2.306 2.584 2.597 2.274 2.070 1.890 1.685 1.532 1.516
0.01500 1.00e+07 1.6091845036    1.609  0.992  3.8544  4.023    0  0.000  0.463     0.00     0.00 -1         0      0.00 7.000e-01 2.990e-01 1.100e-03 5.880e-04 3.170e-03 -1.000 9.999e-04 2.291 2.560 2.571 2.258 2.060 1.887 1.689 1.543 1.528
0.01500 1.00e+07 1.6232186556    1.623  0.995  3.8630  4.058    0  0.000  0.463     0.00     0.00 -1         0      0.00 7.000e-01 2.990e-01 1.100e-03 5.880e-04 3.170e-03 -1.000 1.000e-03 2.283 2.531 2.537 2.247 2.066 1.908 1.729 1.598 1.585
0.01500 1.00e+07 1.6456788778    1.646  0.980  3.8723  4.115    0  0.000  0.463     0.00     0.00 -1         0      0.00 7.000e-01 2.990e-01 1.100e-03 5.880e-04 3.170e-03 -1.000 1.000e-03 2.319 2.548 2.550 2.283 2.119 1.976 1.817 1.701 1.690
0.01500 1.00e+07 1.6499999762    1.650  0.976  3.8736  4.126    0  0.000  0.463     0.00     0.00 -1         0      0.00 7.000e-01 2.990e-01 1.100e-03 5.880e-04 3.170e-03 -1.000 1.000e-03 2.330 2.556 2.557 2.294 2.133 1.992 1.836 1.723 1.711
0.01500 1.00e+07 1.6636593342    1.663  0.951  3.8745  4.158    0  0.000  0.463     0.00     0.00 -1         0      0.00 7.000e-01 2.990e-01 1.100e-03 5.880e-04 3.170e-03 -1.000 1.000e-03 2.392 2.615 2.619 2.357 2.196 2.057 1.902 1.790 1.778
0.01500 1.00e+07 1.6760339737    1.676  0.927  3.8736  4.181    0  0.000  0.463     0.00     0.00 -1         0      0.00 7.000e-01 2.990e-01 1.100e-03 5.880e-04 3.170e-03 -1.000 1.000e-03 2.452 2.675 2.685 2.418 2.256 2.114 1.957 1.843 1.832
0.01500 1.00e+07 1.6890467405    1.689  0.906  3.8722  4.200    0  0.000  0.463     0.00     0.00 -1         0      0.00 7.000e-01 2.990e-01 1.100e-03 5.880e-04 3.170e-03 -1.000 1.000e-03 2.504 2.728 2.742 2.472 2.306 2.161 2.002 1.884 1.873
0.01500 1.00e+07 1.7000000477    1.700  0.899  3.8719  4.209    0  0.000  0.463     0.00     0.00 -1         0      0.00 7.000e-01 2.990e-01 1.100e-03 5.880e-04 3.170e-03 -1.000 1.000e-03 2.523 2.747 2.763 2.491 2.324 2.178 2.018 1.900 1.889
0.01500 1.00e+07 1.7107377052    1.710  0.892  3.8716  4.217    0  0.000  0.463     0.00     0.00 -1         0      0.00 7.000e-01 2.990e-01 1.100e-03 5.880e-04 3.170e-03 -1.000 1.000e-03 2.540 2.764 2.781 2.508 2.340 2.194 2.034 1.915 1.904
0.01500 1.00e+07 1.7339254618    1.733  0.899  3.8735  4.224    0  0.000  0.463     0.00     0.00 -1         0      0.00 7.000e-01 2.990e-01 1.100e-03 5.880e-04 3.170e-03 -1.000 1.000e-03 2.524 2.745 2.760 2.492 2.328 2.185 2.029 1.913 1.902
0.01500 1.00e+07 1.7500000000    1.749  0.924  3.8787  4.224    0  0.000  0.463     0.00     0.00 -1         0      0.00 7.000e-01 2.990e-01 1.100e-03 5.880e-04 3.170e-03 -1.000 1.000e-03 2.459 2.672 2.680 2.426 2.272 2.139 1.994 1.887 1.877
0.01500 1.00e+07 1.7697120905    1.769  0.955  3.8851  4.223    0  0.000  0.463     0.00     0.00 -1         0      0.00 7.000e-01 2.990e-01 1.100e-03 5.880e-04 3.170e-03 -1.000 1.000e-03 2.381 2.586 2.586 2.348 2.207 2.085 1.953 1.857 1.847
0.01500 1.00e+07 1.7999997139    1.799  1.011  3.8980  4.226    0  0.000  0.463     0.00     0.00 -1         0      0.00 7.000e-01 2.990e-01 1.100e-03 5.880e-04 3.170e-03 -1.000 1.000e-03 2.241 2.431 2.414 2.209 2.094 1.996 1.888 1.814 1.805
0.01500 1.00e+07 1.8018773794    1.801  1.015  3.8989  4.226    0  0.000  0.463     0.00     0.00 -1         0      0.00 7.000e-01 2.990e-01 1.100e-03 5.880e-04 3.170e-03 -1.000 1.000e-03 2.232 2.421 2.403 2.201 2.087 1.991 1.885 1.811 1.802
0.01500 1.00e+07 1.8373467922    1.837  1.087  3.9185  4.241    0  0.000  0.463     0.00     0.00 -1         0      0.00 7.000e-01 2.990e-01 1.100e-03 5.880e-04 3.170e-03 -1.000 1.000e-03 2.052 2.222 2.184 2.035 1.959 1.896 1.825 1.779 1.772
0.01500 1.00e+07 1.8499999046    1.849  1.114  3.9267  4.250    0  0.000  0.463     0.00     0.00 -1         0      0.00 7.000e-01 2.990e-01 1.100e-03 5.880e-04 3.170e-03 -1.000 1.000e-03 1.984 2.146 2.107 1.980 1.918 1.866 1.809 1.772 1.766
0.01500 1.00e+07 1.8574755192    1.857  1.131  3.9317  4.255    0  0.000  0.463     0.00     0.00 -1         0      0.00 7.000e-01 2.990e-01 1.100e-03 5.880e-04 3.170e-03 -1.000 1.000e-03 1.944 2.101 2.061 1.947 1.894 1.850 1.800 1.769 1.763
0.01500 1.00e+07 1.8861342669    1.886  1.184  3.9499  4.281    0  0.000  0.463     0.00     0.00 -1         0      0.00 7.000e-01 2.990e-01 1.100e-03 5.880e-04 3.170e-03 -1.000 1.000e-03 1.811 1.954 1.931 1.858 1.830 1.808 1.786 1.771 1.768
0.01500 1.00e+07 1.8999999762    1.900  1.193  3.9543  4.293    0  0.000  0.463     0.00     0.00 -1         0      0.00 7.000e-01 2.990e-01 1.100e-03 5.880e-04 3.170e-03 -1.000 1.000e-03 1.788 1.929 1.913 1.849 1.825 1.808 1.792 1.781 1.778
0.01500 1.00e+07 1.9239604473    1.924  1.210  3.9628  4.315    0  0.000  0.463     0.00     0.00 -1         0      0.00 7.000e-01 2.990e-01 1.100e-03 5.880e-04 3.170e-03 -1.000 1.000e-03 1.745 1.882 1.882 1.833 1.819 1.810 1.806 1.800 1.799
0.01500 1.00e+07 1.9500000477    1.950  1.224  3.9700  4.336    0  0.000  0.463     0.00     0.00 -1         0      0.00 7.000e-01 2.990e-01 1.100e-03 5.880e-04 3.170e-03 -1.000 1.000e-03 1.711 1.848 1.864 1.826 1.818 1.816 1.821 1.820 1.820
0.01500 1.00e+07 2.0000000000    2.001  1.250  3.9777  4.352    0  0.000  0.463     0.00     0.00 -1         0      0.00 7.000e-01 2.990e-01 1.100e-03 5.880e-04 3.170e-03 -1.000 1.000e-03 1.644 1.782 1.815 1.790 1.789 1.793 1.808 1.811 1.813
0.01500 1.00e+07 2.0499999523    2.050  1.278  3.9845  4.361    0  0.000  0.463     0.00     0.00 -1         0      0.00 7.000e-01 2.990e-01 1.100e-03 5.880e-04 3.170e-03 -1.000 1.000e-03 1.575 1.715 1.764 1.749 1.752 1.762 1.785 1.791 1.795
0.01500 1.00e+07 2.0619771481    2.062  1.287  3.9863  4.363    0  0.000  0.463     0.00     0.00 -1         0      0.00 7.000e-01 2.990e-01 1.100e-03 5.880e-04 3.170e-03 -1.000 1.000e-03 1.553 1.693 1.747 1.735 1.739 1.750 1.775 1.783 1.787
0.01500 1.00e+07 2.0999999046    2.100  1.319  3.9925  4.363    0  0.000  0.463     0.00     0.00 -1         0      0.00 7.000e-01 2.990e-01 1.100e-03 5.880e-04 3.170e-03 -1.000 1.000e-03 1.473 1.616 1.684 1.683 1.691 1.706 1.738 1.748 1.754
0.01500 1.00e+07 2.1500000954    2.149  1.360  4.0004  4.364    0  0.000  0.463     0.00     0.00 -1         0      0.00 7.000e-01 2.990e-01 1.100e-03 5.880e-04 3.170e-03 -1.000 1.000e-03 1.370 1.517 1.607 1.617 1.630 1.650 1.691 1.705 1.713
0.01500 1.00e+07 2.2000000477    2.199  1.400  4.0081  4.365    0  0.000  0.463     0.00     0.00 -1         0      0.00 7.000e-01 2.990e-01 1.100e-03 5.880e-04 3.170e-03 -1.000 1.000e-03 1.270 1.421 1.533 1.553 1.570 1.595 1.644 1.661 1.671
0.01500 1.00e+07 2.2500000000    2.249  1.439  4.0155  4.365    0  0.000  0.463     0.00     0.00 -1         0      0.00 7.000e-01 2.990e-01 1.100e-03 5.880e-04 3.170e-03 -1.000 1.000e-03 1.172 1.328 1.462 1.491 1.512 1.540 1.598 1.618 1.630
0.01500 1.00e+07 2.2999999523    2.299  1.477  4.0226  4.365    0  0.000  0.463     0.00     0.00 -1         0      0.00 7.000e-01 2.990e-01 1.100e-03 5.880e-04 3.170e-03 -1.000 1.000e-03 1.078 1.239 1.394 1.432 1.455 1.488 1.553 1.575 1.589
0.01500 1.00e+07 2.4000000954    2.400  1.549  4.0361  4.365    0  0.000  0.463     0.00     0.00 -1         0      0.00 7.000e-01 2.990e-01 1.100e-03 5.880e-04 3.170e-03 -1.000 1.000e-03 0.897 1.070 1.267 1.319 1.347 1.386 1.466 1.492 1.510
0.01500 1.00e+07 2.5999999046    2.601  1.684  4.0608  4.364    0  0.000  0.463     0.00     0.00 -1         0      0.00 7.000e-01 2.990e-01 1.100e-03 5.880e-04 3.170e-03 -1.000 1.000e-03 0.559 0.762 1.037 1.110 1.145 1.194 1.299 1.333 1.357
0.01500 1.00e+07 2.7999999523    2.801  1.809  4.0830  4.361    0  0.000  0.463     0.00     0.00 -1         0      0.00 7.000e-01 2.990e-01 1.100e-03 5.880e-04 3.170e-03 -1.000 1.000e-03 0.248 0.485 0.829 0.917 0.958 1.014 1.141 1.180 1.210
0.01500 1.00e+07 3.0000000000    3.001  1.924  4.1031  4.356    0  0.000  0.463     0.00     0.00 -1         0      0.00 7.000e-01 2.990e-01 1.100e-03 5.880e-04 3.170e-03 -1.000 1.000e-03 -0.039 0.236 0.639 0.739 0.784 0.848 0.992 1.037 1.071
0.01500 1.00e+07 3.2000002861    3.200  2.030  4.1214  4.350    0  0.000  0.463     0.00     0.00 -1         0      0.00 7.000e-01 2.990e-01 1.100e-03 5.880e-04 3.170e-03 -1.000 1.000e-03 -0.306 0.012 0.465 0.575 0.624 0.693 0.853 0.901 0.939
0.01500 1.00e+07 3.4000000954    3.399  2.131  4.1384  4.344    0  0.000  0.463     0.00     0.00 -1         0      0.00 7.000e-01 2.990e-01 1.100e-03 5.880e-04 3.170e-03 -1.000 1.000e-03 -0.557 -0.195 0.303 0.421 0.474 0.549 0.722 0.774 0.815
0.01500 1.00e+07 3.5999999046    3.599  2.224  4.1541  4.338    0  0.000  0.463     0.00     0.00 -1         0      0.00 7.000e-01 2.990e-01 1.100e-03 5.880e-04 3.170e-03 -1.000 1.000e-03 -0.791 -0.385 0.151 0.278 0.334 0.414 0.598 0.654 0.698
0.01500 1.00e+07 3.7999999523    3.799  2.313  4.1686  4.331    0  0.000  0.463     0.00     0.00 -1         0      0.00 7.000e-01 2.990e-01 1.100e-03 5.880e-04 3.170e-03 -1.000 1.000e-03 -1.012 -0.562 0.008 0.142 0.201 0.285 0.480 0.539 0.586
0.01500 1.00e+07 3.9709193707    3.972  2.384  4.1799  4.325    0  0.000  0.463     0.00     0.00 -1         0      0.00 7.000e-01 2.990e-01 1.100e-03 5.880e-04 3.170e-03 -1.000 1.000e-03 -1.189 -0.703 -0.109 0.031 0.093 0.181 0.384 0.445 0.494
0.01500 1.00e+07 4.0000000000    4.002  2.396  4.1818  4.324    0  0.000  0.463     0.00     0.00 -1         0      0.00 7.000e-01 2.990e-01 1.100e-03 5.880e-04 3.170e-03 -1.000 1.000e-03 -1.219 -0.726 -0.128 0.013 0.075 0.164 0.368 0.430 0.478
0.01500 1.00e+07 4.1999998093    4.199  2.475  4.1949  4.318    0  0.000  0.463     0.00     0.00 -1         0      0.00 7.000e-01 2.990e-01 1.100e-03 5.880e-04 3.170e-03 -1.000 1.000e-03 -1.418 -0.880 -0.255 -0.108 -0.042 0.050 0.263 0.328 0.379
0.01500 1.00e+07 4.4000000954    4.398  2.550  4.2070  4.311    0  0.000  0.463     0.00     0.00 -1         0      0.00 7.000e-01 2.990e-01 1.100e-03 5.880e-04 3.170e-03 -1.000 1.000e-03 -1.606 -1.027 -0.378 -0.224 -0.156 -0.060 0.162 0.228 0.282
0.01500 1.00e+07 4.5999999046    4.599  2.622  4.2184  4.304    0  0.000  0.463     0.00     0.00 -1         0      0.00 7.000e-01 2.990e-01 1.100e-03 5.880e-04 3.170e-03 -1.000 9.999e-04 -1.785 -1.166 -0.494 -0.335 -0.264 -0.165 0.065 0.134 0.189
0.01500 1.00e+07 4.8000001907    4.799  2.691  4.2292  4.297    0  0.000  0.463     0.00     0.00 -1         0      0.00 7.000e-01 2.990e-01 1.100e-03 5.880e-04 3.170e-03 -1.000 1.000e-03 -1.956 -1.299 -0.607 -0.442 -0.368 -0.266 -0.029 0.041 0.099
0.01500 1.00e+07 5.0000000000    5.000  2.756  4.2394  4.290    0  0.000  0.463     0.00     0.00 -1         0      0.00 7.000e-01 2.990e-01 1.100e-03 5.880e-04 3.170e-03 -1.000 1.000e-03 -2.120 -1.425 -0.715 -0.545 -0.468 -0.363 -0.120 -0.047 0.012
0.01500 1.00e+07 5.1999998093    5.201  2.819  4.2491  4.284    0  0.000  0.463     0.00     0.00 -1         0      0.00 7.000e-01 2.990e-01 1.100e-03 5.880e-04 3.170e-03 -1.000 1.000e-03 -2.277 -1.546 -0.818 -0.644 -0.565 -0.456 -0.207 -0.132 -0.071
0.01500 1.00e+07 5.3999996185    5.402  2.879  4.2584  4.277    0  0.000  0.463     0.00     0.00 -1         0      0.00 7.000e-01 2.990e-01 1.100e-03 5.880e-04 3.170e-03 -1.000 1.000e-03 -2.428 -1.664 -0.919 -0.740 -0.659 -0.547 -0.292 -0.215 -0.153
0.01500 1.00e+07 5.5999994278    5.602  2.938  4.2673  4.270    0  0.000  0.463     0.00     0.00 -1         0      0.00 7.000e-01 2.990e-01 1.100e-03 5.880e-04 3.170e-03 -1.000 1.000e-03 -2.574 -1.777 -1.017 -0.833 -0.750 -0.635 -0.375 -0.296 -0.232
0.01500 1.00e+07 5.8000001907    5.802  2.994  4.2757  4.263    0  0.000  0.463     0.00     0.00 -1         0      0.00 7.000e-01 2.990e-01 1.100e-03 5.880e-04 3.170e-03 -1.000 1.000e-03 -2.714 -1.886 -1.111 -0.924 -0.838 -0.721 -0.455 -0.375 -0.309
0.01500 1.00e+07 5.8354721069    5.838  3.003  4.2772  4.262    0  0.000  0.463     0.00     0.00 -1         0      0.00 7.000e-01 2.990e-01 1.100e-03 5.880e-04 3.170e-03 -1.000 1.000e-03 -2.739 -1.905 -1.127 -0.939 -0.853 -0.736 -0.469 -0.388 -0.323
0.01500 1.00e+07 6.0000000000    6.002  3.048  4.2840  4.256    0  0.000  0.463     0.00     0.00 -1         0      0.00 7.000e-01 2.990e-01 1.100e-03 5.880e-04 3.170e-03 -1.000 1.000e-03 -2.850 -1.991 -1.202 -1.011 -0.923 -0.804 -0.533 -0.451 -0.383
0.01500 1.00e+07 6.1474533081    6.149  3.087  4.2897  4.251    0  0.000  0.463     0.00     0.00 -1         0      0.00 7.000e-01 2.990e-01 1.100e-03 5.880e-04 3.170e-03 -1.000 1.000e-03 -2.947 -2.067 -1.268 -1.074 -0.985 -0.864 -0.589 -0.506 -0.438
0.01500 1.00e+07 6.1999998093    6.201  3.100  4.2918  4.249    0  0.000  0.463     0.00     0.00 -1         0      0.00 7.000e-01 2.990e-01 1.100e-03 5.880e-04 3.170e-03 -1.000 9.999e-04 -2.981 -2.094 -1.291 -1.096 -1.007 -0.885 -0.609 -0.525 -0.457
0.01500 1.00e+07 6.4000005722    6.400  3.151  4.2992  4.242    0  0.000  0.463     0.00     0.00 -1         0      0.00 7.000e-01 2.990e-01 1.100e-03 5.880e-04 3.170e-03 -1.000 1.000e-03 -3.107 -2.193 -1.378 -1.179 -1.088 -0.964 -0.683 -0.598 -0.528
0.01500 1.00e+07 7.0000000000    6.998  3.294  4.3201  4.221    0  0.000  0.463     0.00     0.00 -1         0      0.00 7.000e-01 2.990e-01 1.100e-03 5.880e-04 3.170e-03 -1.000 1.000e-03 -3.466 -2.476 -1.624 -1.417 -1.320 -1.190 -0.896 -0.806 -0.733
0.01500 1.00e+07 7.4738440514    7.474  3.398  4.3349  4.205    0  0.000  0.463     0.00     0.00 -1         0      0.00 7.000e-01 2.990e-01 1.100e-03 5.880e-04 3.170e-03 -1.000 1.000e-03 -3.726 -2.683 -1.807 -1.593 -1.493 -1.358 -1.055 -0.962 -0.885
0.01500 1.00e+07 8.0000000000    8.003  3.508  4.3502  4.186    0  0.000  0.463     0.00     0.00 -1         0      0.00 7.000e-01 2.990e-01 1.100e-03 5.880e-04 3.170e-03 -1.000 1.000e-03 -4.000 -2.902 -2.001 -1.781 -1.678 -1.538 -1.226 -1.129 -1.049
0.01500 1.00e+07 8.0897359848    8.092  3.526  4.3526  4.183    0  0.000  0.463     0.00     0.00 -1         0      0.00 7.000e-01 2.990e-01 1.100e-03 5.880e-04 3.170e-03 -1.000 1.000e-03 -4.044 -2.938 -2.032 -1.812 -1.708 -1.568 -1.254 -1.157 -1.077
0.01500 1.00e+07 8.6645908356    8.663  3.637  4.3673  4.161    0  0.000  0.463     0.00     0.00 -1         0      0.00 7.000e-01 2.990e-01 1.100e-03 5.880e-04 3.170e-03 -1.000 1.000e-03 -4.321 -3.164 -2.234 -2.007 -1.900 -1.756 -1.434 -1.333 -1.250
0.01500 1.00e+07 9.0000000000    8.997  3.699  4.3754  4.147    0  0.000  0.463     0.00     0.00 -1         0      0.00 7.000e-01 2.990e-01 1.100e-03 5.880e-04 3.170e-03 -1.000 9.999e-04 -4.477 -3.292 -2.349 -2.119 -2.011 -1.865 -1.538 -1.435 -1.350
0.01500 1.00e+07 9.4219951630    9.420  3.773  4.3846  4.129    0  0.000  0.463     0.00     0.00 -1         0      0.00 7.000e-01 2.990e-01 1.100e-03 5.880e-04 3.170e-03 -1.000 1.000e-03 -4.663 -3.445 -2.488 -2.255 -2.145 -1.996 -1.664 -1.559 -1.472
0.01500 1.00e+07 9.8946409225    9.895  3.854  4.3942  4.108    1  0.000  0.463     0.00     0.00 -1         0      0.00 7.000e-01 2.990e-01 1.100e-03 5.880e-04 3.170e-03 -1.000 1.000e-03 -4.865 -3.614 -2.641 -2.405 -2.293 -2.142 -1.804 -1.697 -1.608
0.01500 1.00e+07 10.0000000000   10.000  3.872  4.3963  4.104    1  0.000  0.463     0.00     0.00 -1         0      0.00 7.000e-01 2.990e-01 1.100e-03 5.880e-04 3.170e-03 -1.000 1.000e-03 -4.909 -3.651 -2.675 -2.438 -2.326 -2.174 -1.835 -1.728 -1.639
0.01500 1.00e+07 10.0148477554   10.015  3.874  4.3966  4.103    1  0.000  0.463     0.00     0.00 -1         0      0.00 7.000e-01 2.990e-01 1.100e-03 5.880e-04 3.170e-03 -1.000 1.000e-03 -4.915 -3.656 -2.680 -2.443 -2.330 -2.178 -1.839 -1.732 -1.643
0.01500 1.00e+07 10.4700374603   10.473  3.947  4.4048  4.082    1  0.000  0.463     0.00     0.00 -1         0      0.00 7.000e-01 2.990e-01 1.100e-03 5.880e-04 3.170e-03 -1.000 1.000e-03 -5.098 -3.811 -2.822 -2.581 -2.467 -2.313 -1.970 -1.861 -1.770
0.01500 1.00e+07 10.8939037323   10.898  4.014  4.4119  4.061    1  0.000  0.463     0.00     0.00 -1         0      0.00 7.000e-01 2.990e-01 1.100e-03 5.880e-04 3.170e-03 -1.000 1.000e-03 -5.264 -3.954 -2.954 -2.710 -2.595 -2.439 -2.092 -1.982 -1.889
0.01500 1.00e+07 11.0000000000   11.004  4.030  4.4135  4.055    1  0.000  0.463     0.00     0.00 -1         0      0.00 7.000e-01 2.990e-01 1.100e-03 5.880e-04 3.170e-03 -1.000 1.000e-03 -5.306 -3.990 -2.988 -2.743 -2.627 -2.471 -2.123 -2.013 -1.920
0.01500 1.00e+07 11.1746892929   11.179  4.057  4.4161  4.046    1  0.000  0.463     0.00     0.00 -1         0      0.00 7.000e-01 2.990e-01 1.100e-03 5.880e-04 3.170e-03 -1.000 1.000e-03 -5.371 -4.047 -3.042 -2.795 -2.679 -2.522 -2.173 -2.062 -1.969
0.01500 1.00e+07 11.5681171417   11.572  4.115  4.4215  4.024    1  0.000  0.463     0.00     0.00 -1         0      0.00 7.000e-01 2.990e-01 1.100e-03 5.880e-04 3.170e-03 -1.000 1.000e-03 -5.518 -4.177 -3.163 -2.915 -2.797 -2.639 -2.286 -2.175 -2.080
0.01500 1.00e+07 12.0000000000   12.004  4.179  4.4267  3.998    1  0.000  0.463     0.00     0.00 -1         0      0.00 7.000e-01 2.990e-01 1.100e-03 5.880e-04 3.170e-03 -1.000 1.000e-03 -5.676 -4.319 -3.298 -3.047 -2.929 -2.769 -2.413 -2.300 -2.205
0.01500 1.00e+07 12.4051265717   12.401  4.234  4.4308  3.973    1  0.000  0.463     0.00     0.00 -1         0      0.00 7.000e-01 2.990e-01 1.100e-03 5.880e-04 3.170e-03 -1.000 9.999e-04 -5.815 -4.447 -3.419 -3.166 -3.047 -2.886 -2.528 -2.414 -2.317
0.01500 1.00e+07 12.9363908768   12.919  4.305  4.4353  3.937    1  0.000  0.463     0.00     0.00 -1         0      0.00 7.000e-01 2.990e-01 1.100e-03 5.880e-04 3.170e-03 -1.000 9.999e-04 -5.993 -4.615 -3.579 -3.324 -3.204 -3.042 -2.681 -2.566 -2.469
0.01500 1.00e+07 13.3924989700   13.362  4.366  4.4380  3.902    1  0.000  0.463     0.00     0.00 -1         0      0.00 7.000e-01 2.990e-01 1.100e-03 5.880e-04 3.170e-03 -1.000 1.000e-03 -6.145 -4.763 -3.722 -3.465 -3.345 -3.182 -2.820 -2.704 -2.606
0.01500 1.00e+07 13.8481225967   13.802  4.426  4.4395  3.862    1  0.000  0.463     0.00     0.00 -1         0      0.00 7.000e-01 2.990e-01 1.100e-03 5.880e-04 3.170e-03 -1.000 1.000e-03 -6.295 -4.914 -3.868 -3.611 -3.491 -3.328 -2.964 -2.848 -2.750
0.01500 1.00e+07 14.0000000000   13.950  4.446  4.4397  3.848    0  0.000  0.463     0.00     0.00 -1         0      0.00 7.000e-01 2.990e-01 1.100e-03 5.880e-04 3.170e-03 -1.000 1.000e-03 -6.344 -4.965 -3.918 -3.661 -3.541 -3.377 -3.013 -2.897 -2.799
0.01500 1.00e+07 14.0684547424   14.017  4.454  4.4398  3.842    0  0.000  0.463     0.00     0.00 -1         0      0.00 7.000e-01 2.990e-01 1.100e-03 5.880e-04 3.170e-03 -1.000 1.000e-03 -6.365 -4.987 -3.939 -3.682 -3.562 -3.398 -3.034 -2.918 -2.820
0.01500 1.00e+07 14.4948673248   14.432  4.506  4.4398  3.802    0  0.000  0.463     0.00     0.00 -1         0      0.00 7.000e-01 2.990e-01 1.100e-03 5.880e-04 3.170e-03 -1.000 1.000e-03 -6.496 -5.123 -4.073 -3.816 -3.696 -3.533 -3.169 -3.052 -2.954
0.01500 1.00e+07 14.8781595230   14.803  4.553  4.4384  3.760    0  0.000  0.463     0.00     0.00 -1         0      0.00 7.000e-01 2.990e-01 1.100e-03 5.880e-04 3.170e-03 -1.000 1.000e-03 -6.614 -5.252 -4.201 -3.945 -3.825 -3.662 -3.298 -3.182 -3.084
0.01500 1.00e+07 15.3486232758   15.257  4.611  4.4349  3.702    0  0.000  0.463     0.00     0.00 -1         0      0.00 7.000e-01 2.990e-01 1.100e-03 5.880e-04 3.170e-03 -1.000 1.000e-03 -6.757 -5.416 -4.366 -4.111 -3.992 -3.830 -3.468 -3.353 -3.255
0.01500 1.00e+07 15.7943572998   15.686  4.665  4.4297  3.640    0  0.000  0.463     0.00     0.00 -1         0      0.00 7.000e-01 2.990e-01 1.100e-03 5.880e-04 3.170e-03 -1.000 9.999e-04 -6.892 -5.577 -4.530 -4.277 -4.159 -4.000 -3.640 -3.525 -3.428
0.01500 1.00e+07 16.0000000000   15.882  4.690  4.4264  3.607    0  0.000  0.463     0.00     0.00 -1         0      0.00 7.000e-01 2.990e-01 1.100e-03 5.880e-04 3.170e-03 -1.000 1.000e-03 -6.954 -5.654 -4.611 -4.359 -4.242 -4.083 -3.725 -3.611 -3.514
0.01500 1.00e+07 16.0745296478   15.952  4.698  4.4252  3.596    0  0.000  0.463     0.00     0.00 -1         0      0.00 7.000e-01 2.990e-01 1.100e-03 5.880e-04 3.170e-03 -1.000 1.000e-03 -6.975 -5.681 -4.638 -4.386 -4.270 -4.111 -3.754 -3.640 -3.544
0.01500 1.00e+07 16.4298553467   16.284  4.739  4.4176  3.533    0  0.000  0.463     0.00     0.00 -1         0      0.00 7.000e-01 2.990e-01 1.100e-03 5.880e-04 3.170e-03 -1.000 9.999e-04 -7.078 -5.817 -4.780 -4.532 -4.417 -4.261 -3.907 -3.795 -3.700
0.01500 1.00e+07 16.7735290527   16.604  4.778  4.4086  3.466    0  0.000  0.463     0.00     0.00 -1         0      0.00 7.000e-01 2.990e-01 1.100e-03 5.880e-04 3.170e-03 -1.000 9.999e-04 -7.176 -5.957 -4.926 -4.682 -4.570 -4.417 -4.068 -3.958 -3.865
0.01500 1.00e+07 17.0946712494   16.902  4.815  4.3982  3.396    0  0.000  0.463     0.00     0.00 -1         0      0.00 7.000e-01 2.990e-01 1.100e-03 5.880e-04 3.170e-03 -1.000 1.000e-03 -7.268 -6.097 -5.073 -4.834 -4.726 -4.576 -4.232 -4.125 -4.034
0.01500 1.00e+07 17.2870445251   17.080  4.838  4.3905  3.347    0  0.000  0.463     0.00     0.00 -1         0      0.00 7.000e-01 2.990e-01 1.100e-03 5.880e-04 3.170e-03 -1.000 1.000e-03 -7.324 -6.188 -5.171 -4.935 -4.829 -4.682 -4.342 -4.236 -4.146
0.01500 1.00e+07 17.4756946564   17.254  4.860  4.3819  3.294    0  0.000  0.463     0.00     0.00 -1         0      0.00 7.000e-01 2.990e-01 1.100e-03 5.880e-04 3.170e-03 -1.000 1.000e-03 -7.381 -6.283 -5.273 -5.041 -4.937 -4.792 -4.457 -4.353 -4.264
0.01500 1.00e+07 17.7230052948   17.474  4.891  4.3736  3.236    0  0.000  0.463     0.00     0.00 -1         0      0.00 7.000e-01 2.990e-01 1.100e-03 5.880e-04 3.170e-03 -1.000 1.000e-03 -7.458 -6.398 -5.394 -5.166 -5.065 -4.923 -4.591 -4.489 -4.402
0.01500 1.00e+07 17.9868087769   17.694  4.930  4.3800  3.228    0  0.000  0.463     0.00     0.00 -1         0      0.00 7.000e-01 2.990e-01 1.100e-03 5.880e-04 3.170e-03 -1.000 1.000e-03 -7.555 -6.474 -5.460 -5.229 -5.127 -4.984 -4.648 -4.545 -4.457
0.01500 1.00e+07 18.0000000000   17.706  4.932  4.3808  3.229    0  0.000  0.463     0.00     0.00 -1         0      0.00 7.000e-01 2.990e-01 1.100e-03 5.880e-04 3.170e-03 -1.000 1.000e-03 -7.560 -6.476 -5.462 -5.231 -5.128 -4.985 -4.649 -4.545 -4.457
0.01500 1.00e+07 18.0219688416   17.726  4.941  4.3912  3.262    0  0.000  0.463     0.00     0.00 -1         0      0.00 7.000e-01 2.990e-01 1.100e-03 5.880e-04 3.170e-03 -1.000 1.000e-03 -7.583 -6.459 -5.432 -5.197 -5.093 -4.946 -4.605 -4.499 -4.409
0.01500 1.00e+07 18.0309963226   17.734  4.952  4.4017  3.293    0  0.000  0.463     0.00     0.00 -1         0      0.00 7.000e-01 2.990e-01 1.100e-03 5.880e-04 3.170e-03 -1.000 1.000e-03 -7.611 -6.447 -5.407 -5.168 -5.061 -4.912 -4.566 -4.458 -4.366
0.01500 1.00e+07 18.0355396271   17.739  4.967  4.4128  3.323    0  0.000  0.463     0.00     0.00 -1         0      0.00 7.000e-01 2.990e-01 1.100e-03 5.880e-04 3.170e-03 -1.000 1.000e-03 -7.649 -6.439 -5.389 -5.146 -5.036 -4.884 -4.531 -4.421 -4.327
0.01500 1.00e+07 18.0372714996   17.740  4.978  4.4197  3.339    0  0.000  0.463     0.00     0.00 -1         0      0.00 7.000e-01 2.990e-01 1.100e-03 5.880e-04 3.170e-03 -1.000 1.000e-03 -7.676 -6.433 -5.380 -5.133 -5.020 -4.865 -4.509 -4.397 -4.301
0.01500 1.00e+07 18.0382213593   17.741  4.978  4.4200  3.341    0  0.000  0.463     0.00     0.00 -1         0      0.00 7.000e-01 2.990e-01 1.100e-03 5.880e-04 3.170e-03 -1.000 1.000e-03 -7.675 -6.430 -5.377 -5.130 -5.017 -4.862 -4.506 -4.394 -4.298
0.01500 1.00e+07 18.0424461365   17.744  4.966  4.4132  3.326    1  0.000  0.463     0.00     0.00 -1         0      0.00 7.000e-01 2.990e-01 1.100e-03 5.880e-04 3.170e-03 -1.000 1.000e-03 -7.646 -6.434 -5.384 -5.141 -5.030 -4.878 -4.525 -4.415 -4.320
0.01500 1.00e+07 18.0437030792   17.746  4.964  4.4031  3.287    1  0.000  0.463     0.00     0.00 -1         0      0.00 7.000e-01 2.990e-01 1.100e-03 5.880e-04 3.170e-03 -1.000 1.000e-03 -7.640 -6.473 -5.431 -5.192 -5.084 -4.935 -4.588 -4.480 -4.387
0.01500 1.00e+07 18.0448474884   17.747  4.964  4.3917  3.242    1  0.000  0.463     0.00     0.00 -1         0      0.00 7.000e-01 2.990e-01 1.100e-03 5.880e-04 3.170e-03 -1.000 1.000e-03 -7.639 -6.518 -5.488 -5.253 -5.148 -5.002 -4.661 -4.555 -4.464
0.01500 1.00e+07 18.0458507538   17.747  4.965  4.3801  3.195    1  0.000  0.463     0.00     0.00 -1         0      0.00 7.000e-01 2.990e-01 1.100e-03 5.880e-04 3.170e-03 -1.000 1.000e-03 -7.642 -6.567 -5.550 -5.319 -5.217 -5.074 -4.739 -4.635 -4.547
0.01500 1.00e+07 18.0466976166   17.748  4.966  4.3692  3.150    1  0.000  0.463     0.00     0.00 -1         0      0.00 7.000e-01 2.990e-01 1.100e-03 5.880e-04 3.170e-03 -1.000 1.000e-03 -7.646 -6.614 -5.609 -5.383 -5.284 -5.144 -4.814 -4.713 -4.627
0.01500 1.00e+07 18.0475444794   17.749  4.968  4.3573  3.101    1  0.000  0.463     0.00     0.00 -1         0      0.00 7.000e-01 2.990e-01 1.100e-03 5.880e-04 3.170e-03 -1.000 1.000e-03 -7.650 -6.665 -5.675 -5.453 -5.357 -5.220 -4.896 -4.798 -4.713
0.01500 1.00e+07 18.0484142303   17.749  4.970  4.3444  3.047    1  0.000  0.463     0.00     0.00 -1         0      0.00 7.000e-01 2.990e-01 1.100e-03 5.880e-04 3.170e-03 -1.000 1.000e-03 -7.655 -6.722 -5.748 -5.531 -5.437 -5.304 -4.986 -4.890 -4.808
0.01500 1.00e+07 18.0491142273   17.750  4.971  4.3333  3.001    1  0.000  0.463     0.00     0.00 -1         0      0.00 7.000e-01 2.990e-01 1.100e-03 5.880e-04 3.170e-03 -1.000 1.000e-03 -7.659 -6.768 -5.809 -5.596 -5.504 -5.374 -5.063 -4.968 -4.888
0.01500 1.00e+07 18.0498218536   17.750  4.973  4.3215  2.953    1  0.000  0.463     0.00     0.00 -1         0      0.00 7.000e-01 2.990e-01 1.100e-03 5.880e-04 3.170e-03 -1.000 1.000e-03 -7.662 -6.809 -5.872 -5.662 -5.572 -5.445 -5.140 -5.048 -4.970
0.01500 1.00e+07 18.0505352020   17.750  4.974  4.3089  2.901    1  0.000  0.463     0.00     0.00 -1         0      0.00 7.000e-01 2.990e-01 1.100e-03 5.880e-04 3.170e-03 -1.000 1.000e-03 -7.664 -6.851 -5.938 -5.732 -5.644 -5.519 -5.223 -5.134 -5.058
0.01500 1.00e+07 18.0510768890   17.751  4.974  4.2989  2.860    1  0.000  0.463     0.00     0.00 -1         0      0.00 7.000e-01 2.990e-01 1.100e-03 5.880e-04 3.170e-03 -1.000 9.999e-04 -7.666 -6.886 -5.990 -5.787 -5.702 -5.581 -5.290 -5.204 -5.130
0.01500 1.00e+07 18.0516262054   17.751  4.975  4.2883  2.818    1  0.000  0.463     0.00     0.00 -1         0      0.00 7.000e-01 2.990e-01 1.100e-03 5.880e-04 3.170e-03 -1.000 9.999e-04 -7.667 -6.935 -6.045 -5.849 -5.768 -5.651 -5.367 -5.283 -5.211
0.01500 1.00e+07 18.0521697998   17.752  4.975  4.2773  2.773    1  0.000  0.463     0.00     0.00 -1         0      0.00 7.000e-01 2.990e-01 1.100e-03 5.880e-04 3.170e-03 -1.000 1.000e-03 -7.668 -6.986 -6.103 -5.913 -5.838 -5.725 -5.447 -5.366 -5.296
0.01500 1.00e+07 18.0527210236   17.752  4.976  4.2657  2.726    1  0.000  0.463     0.00     0.00 -1         0      0.00 7.000e-01 2.990e-01 1.100e-03 5.880e-04 3.170e-03 -1.000 1.000e-03 -7.669 -7.035 -6.164 -5.980 -5.908 -5.800 -5.529 -5.451 -5.383
0.01500 1.00e+07 18.0532779694   17.752  4.976  4.2535  2.677    1  0.000  0.463     0.00     0.00 -1         0      0.00 7.000e-01 2.990e-01 1.100e-03 5.880e-04 3.170e-03 -1.000 1.000e-03 -7.669 -7.079 -6.227 -6.049 -5.980 -5.876 -5.612 -5.538 -5.472
0.01500 1.00e+07 18.0538387299   17.752  4.976  4.2405  2.626    1  0.000  0.463     0.00     0.00 -1         0      0.00 7.000e-01 2.990e-01 1.100e-03 5.880e-04 3.170e-03 -1.000 1.000e-03 -7.669 -7.125 -6.294 -6.121 -6.055 -5.956 -5.701 -5.630 -5.566
0.01500 1.00e+07 18.0544052124   17.753  4.975  4.2269  2.572    1  0.000  0.463     0.00     0.00 -1         0      0.00 7.000e-01 2.990e-01 1.100e-03 5.880e-04 3.170e-03 -1.000 1.000e-03 -7.668 -7.172 -6.364 -6.195 -6.134 -6.040 -5.794 -5.726 -5.665
0.01500 1.00e+07 18.0547828674   17.753  4.975  4.2174  2.534    1  0.000  0.463     0.00     0.00 -1         0      0.00 7.000e-01 2.990e-01 1.100e-03 5.880e-04 3.170e-03 -1.000 1.000e-03 -7.667 -7.205 -6.412 -6.248 -6.190 -6.099 -5.859 -5.794 -5.735
0.01500 1.00e+07 18.0551681519   17.753  4.974  4.2073  2.494    1  0.000  0.463     0.00     0.00 -1         0      0.00 7.000e-01 2.990e-01 1.100e-03 5.880e-04 3.170e-03 -1.000 1.000e-03 -7.666 -7.237 -6.463 -6.303 -6.248 -6.161 -5.927 -5.865 -5.808
0.01500 1.00e+07 18.0555534363   17.754  4.974  4.1969  2.453    1  0.000  0.463     0.00     0.00 -1         0      0.00 7.000e-01 2.990e-01 1.100e-03 5.880e-04 3.170e-03 -1.000 1.000e-03 -7.664 -7.267 -6.515 -6.359 -6.307 -6.224 -5.997 -5.938 -5.883
0.01500 1.00e+07 18.0559444427   17.754  4.973  4.1858  2.410    1  0.000  0.463     0.00     0.00 -1         0      0.00 7.000e-01 2.990e-01 1.100e-03 5.880e-04 3.170e-03 -1.000 1.000e-03 -7.662 -7.298 -6.571 -6.419 -6.369 -6.290 -6.072 -6.015 -5.962
0.01500 1.00e+07 18.0563430786   17.754  4.972  4.1741  2.364    1  0.000  0.463     0.00     0.00 -1         0      0.00 7.000e-01 2.990e-01 1.100e-03 5.880e-04 3.170e-03 -1.000 1.000e-03 -7.659 -7.332 -6.628 -6.482 -6.435 -6.361 -6.151 -6.097 -6.046
0.01500 1.00e+07 18.0567550659   17.754  4.970  4.1614  2.314    1  0.000  0.463     0.00     0.00 -1         0      0.00 7.000e-01 2.990e-01 1.100e-03 5.880e-04 3.170e-03 -1.000 1.000e-03 -7.656 -7.374 -6.685 -6.547 -6.506 -6.438 -6.237 -6.187 -6.138
0.01500 1.00e+07 18.0571804047   17.755  4.969  4.1476  2.261    1  0.000  0.463     0.00     0.00 -1         0      0.00 7.000e-01 2.990e-01 1.100e-03 5.880e-04 3.170e-03 -1.000 1.000e-03 -7.652 -7.421 -6.743 -6.617 -6.583 -6.522 -6.330 -6.284 -6.239
0.01500 1.00e+07 18.0576248169   17.755  4.967  4.1323  2.202    1  0.000  0.463     0.00     0.00 -1         0      0.00 7.000e-01 2.990e-01 1.100e-03 5.880e-04 3.170e-03 -1.000 1.000e-03 -7.647 -7.457 -6.821 -6.699 -6.668 -6.612 -6.432 -6.390 -6.347
0.01500 1.00e+07 18.0580940247   17.755  4.964  4.1151  2.135    1  0.000  0.463     0.00     0.00 -1         0      0.00 7.000e-01 2.990e-01 1.100e-03 5.880e-04 3.170e-03 -1.000 1.000e-03 -7.641 -7.486 -6.916 -6.795 -6.764 -6.711 -6.546 -6.507 -6.466
0.01500 1.00e+07 18.0583438873   17.755  4.963  4.1055  2.098    1  0.000  0.463     0.00     0.00 -1         0      0.00 7.000e-01 2.990e-01 1.100e-03 5.880e-04 3.170e-03 -1.000 1.000e-03 -7.638 -7.506 -6.962 -6.845 -6.816 -6.766 -6.609 -6.572 -6.533
0.01500 1.00e+07 18.0586090088   17.755  4.961  4.0948  2.057    1  0.000  0.463     0.00     0.00 -1         0      0.00 7.000e-01 2.990e-01 1.100e-03 5.880e-04 3.170e-03 -1.000 1.000e-03 -7.634 -7.528 -7.013 -6.900 -6.874 -6.827 -6.679 -6.645 -6.608
0.01500 1.00e+07 18.0588932037   17.755  4.960  4.0830  2.012    1  0.000  0.463     0.00     0.00 -1         0      0.00 7.000e-01 2.990e-01 1.100e-03 5.880e-04 3.170e-03 -1.000 1.000e-03 -7.629 -7.557 -7.060 -6.956 -6.936 -6.896 -6.756 -6.726 -6.691
0.01500 1.00e+07 18.0592136383   17.755  4.957  4.0689  1.958    1  0.000  0.463     0.00     0.00 -1         0      0.00 7.000e-01 2.990e-01 1.100e-03 5.880e-04 3.170e-03 -1.000 1.000e-03 -7.623 -7.599 -7.104 -7.016 -7.006 -6.977 -6.847 -6.823 -6.791
0.01500 1.00e+07 18.0595703125   17.755  4.955  4.0521  1.893    1  0.000  0.463     0.00     0.00 -1         0      0.00 7.000e-01 2.990e-01 1.100e-03 5.880e-04 3.170e-03 -1.000 1.000e-03 -7.617 -7.631 -7.168 -7.093 -7.090 -7.070 -6.955 -6.937 -6.907
0.01500 1.00e+07 18.0599689484   17.754  4.952  4.0320  1.816    1  0.000  0.463     0.00     0.00 -1         0      0.00 7.000e-01 2.990e-01 1.100e-03 5.880e-04 3.170e-03 -1.000 1.000e-03 -7.609 -7.649 -7.255 -7.188 -7.189 -7.176 -7.081 -7.068 -7.042
0.01500 1.00e+07 18.0604152679   17.754  4.948  4.0074  1.721    1  0.000  0.463     0.00     0.00 -1         0      0.00 7.000e-01 2.990e-01 1.100e-03 5.880e-04 3.170e-03 -1.000 1.000e-03 -7.599 -7.655 -7.353 -7.297 -7.302 -7.298 -7.231 -7.226 -7.205
0.01500 1.00e+07 18.0609130859   17.753  4.943  3.9772  1.605    1  0.000  0.463     0.00     0.00 -1         0      0.00 7.000e-01 2.990e-01 1.100e-03 5.880e-04 3.170e-03 -1.000 1.000e-03 -7.588 -7.645 -7.468 -7.423 -7.433 -7.442 -7.414 -7.419 -7.405
0.01500 1.00e+07 18.0614681244   17.753  4.938  3.9397  1.460    1  0.000  0.463     0.00     0.00 -1         0      0.00 7.000e-01 2.990e-01 1.100e-03 5.880e-04 3.170e-03 -1.000 9.999e-04 -7.575 -7.629 -7.540 -7.544 -7.578 -7.615 -7.634 -7.659 -7.655
0.01500 1.00e+07 18.0620803833   17.752  4.931  3.8934  1.282    1  0.000  0.463     0.00     0.00 -1         0      0.00 7.000e-01 2.990e-01 1.100e-03 5.880e-04 3.170e-03 -1.000 1.000e-03 -7.558 -7.491 -7.595 -7.652 -7.715 -7.790 -7.894 -7.950 -7.962
0.01500 1.00e+07 18.0626754761   17.752  4.922  3.8424  1.087    1  0.000  0.463     0.00     0.00 -1         0      0.00 7.000e-01 2.990e-01 1.100e-03 5.880e-04 3.170e-03 -1.000 1.000e-03 -7.534 -7.191 -7.441 -7.651 -7.803 -7.956 -8.170 -8.292 -8.320
0.01500 1.00e+07 18.0629501343   17.752  4.915  3.8176  0.994    1  0.000  0.463     0.00     0.00 -1         0      0.00 7.000e-01 2.990e-01 1.100e-03 5.880e-04 3.170e-03 -1.000 1.000e-03 -7.518 -6.989 -7.289 -7.619 -7.830 -8.029 -8.300 -8.464 -8.499
0.01500 1.00e+07 18.0631027222   17.752  4.911  3.8037  0.943    1  0.000  0.463     0.00     0.00 -1         0      0.00 7.000e-01 2.990e-01 1.100e-03 5.880e-04 3.170e-03 -1.000 1.000e-03 -7.508 -6.861 -7.185 -7.592 -7.839 -8.064 -8.368 -8.559 -8.597
0.01500 1.00e+07 18.0632743835   17.751  4.905  3.7869  0.882    1  0.000  0.463     0.00     0.00 -1         0      0.00 7.000e-01 2.990e-01 1.100e-03 5.880e-04 3.170e-03 -1.000 1.000e-03 -7.492 -6.685 -7.047 -7.550 -7.840 -8.099 -8.445 -8.671 -8.714
0.01500 1.00e+07 18.0634670258   17.751  4.897  3.7674  0.812    1  0.000  0.463     0.00     0.00 -1         0      0.00 7.000e-01 2.990e-01 1.100e-03 5.880e-04 3.170e-03 -1.000 1.000e-03 -7.473 -6.443 -6.872 -7.489 -7.831 -8.128 -8.526 -8.797 -8.845
0.01500 1.00e+07 18.0636825562   17.751  4.888  3.7452  0.732    1  0.000  0.463     0.00     0.00 -1         0      0.00 7.000e-01 2.990e-01 1.100e-03 5.880e-04 3.170e-03 -1.000 9.999e-04 -7.450 -6.108 -6.650 -7.406 -7.808 -8.149 -8.610 -8.935 -8.988
0.01500 1.00e+07 18.0639228821   17.751  4.875  3.7210  0.649    1  0.000  0.463     0.00     0.00 -1         0      0.00 7.000e-01 2.990e-01 1.100e-03 5.880e-04 3.170e-03 -1.000 1.000e-03 -7.416 -5.659 -6.373 -7.290 -7.758 -8.147 -8.682 -9.071 -9.128
0.01500 1.00e+07 18.0641899109   17.751  4.855  3.6962  0.569    1  0.000  0.463     0.00     0.00 -1         0      0.00 7.000e-01 2.990e-01 1.100e-03 5.880e-04 3.170e-03 -1.000 1.000e-03 -7.367 -5.120 -6.056 -7.139 -7.672 -8.106 -8.727 -9.186 -9.249
0.01500 1.00e+07 18.0644893646   17.752  4.827  3.6702  0.493    1  0.000  0.463     0.00     0.00 -1         0      0.00 7.000e-01 2.990e-01 1.100e-03 5.880e-04 3.170e-03 -1.000 1.000e-03 -7.298 -4.454 -5.679 -6.933 -7.537 -8.021 -8.746 -9.276 -9.358
0.01500 1.00e+07 18.0648155212   17.752  4.802  3.6449  0.417    1  0.000  0.463     0.00     0.00 -1         0      0.00 7.000e-01 2.990e-01 1.100e-03 5.880e-04 3.170e-03 -1.000 1.000e-03 -7.236 -3.668 -5.260 -6.684 -7.374 -7.921 -8.761 -9.348 -9.467
0.01500 1.00e+07 18.0655059814   17.752  4.745  3.6112  0.339    1  0.000  0.463     0.00     0.00 -1         0      0.00 7.000e-01 2.990e-01 1.100e-03 5.880e-04 3.170e-03 -1.000 1.000e-03 -7.093 -2.466 -4.566 -6.197 -7.029 -7.695 -8.694 -9.364 -9.542
0.01500 1.00e+07 18.0658740997   17.752  4.745  3.6022  0.303    1  0.000  0.463     0.00     0.00 -1         0      0.00 7.000e-01 2.990e-01 1.100e-03 5.880e-04 3.170e-03 -1.000 1.000e-03 -7.093 -2.212 -4.406 -6.083 -6.955 -7.666 -8.709 -9.407 -9.598
0.01500 1.00e+07 18.0662670135   17.752  4.763  3.5925  0.247    1  0.000  0.463     0.00     0.00 -1         0      0.00 7.000e-01 2.990e-01 1.100e-03 5.880e-04 3.170e-03 -1.000 1.000e-03 -7.137 -1.990 -4.268 -5.990 -6.909 -7.680 -8.771 -9.499 -9.704
0.01500 1.00e+07 18.0665836334   17.753  4.817  3.5840  0.158    1  0.000  0.463     0.00     0.00 -1         0      0.00 7.000e-01 2.990e-01 1.100e-03 5.880e-04 3.170e-03 -1.000 1.000e-03 -7.273 -1.872 -4.227 -5.995 -6.957 -7.788 -8.925 -9.676 -9.895
0.01500 1.00e+07 18.0668029785   17.753  4.849  3.5785  0.104    1  0.000  0.463     0.00     0.00 -1         0      0.00 7.000e-01 2.990e-01 1.100e-03 5.880e-04 3.170e-03 -1.000 1.000e-03 -7.354 -1.812 -4.182 -5.968 -6.962 -7.848 -9.018 -9.784 -10.011
0.01500 1.00e+07 18.0672225952   17.753  4.903  3.5696  0.014    1  0.000  0.463     0.00     0.00 -1         0      0.00 7.000e-01 2.990e-01 1.100e-03 5.880e-04 3.170e-03 -1.000 1.000e-03 -7.488 -1.720 -4.109 -5.923 -6.971 -7.949 -9.173 -9.963 -10.205
0.01500 1.00e+07 18.0873641968   17.751  5.014  3.5568 -0.147    1  0.000  0.463     0.00     0.00 -1         0      0.00 7.000e-01 2.990e-01 1.100e-03 5.880e-04 3.170e-03 -1.000 9.999e-04 -7.764 -1.687 -4.015 -5.846 -6.998 -8.165 -9.486 -10.304 -10.567
0.01500 1.00e+07 18.1183795929   17.752  4.977  3.5616 -0.092    1  0.000  0.463     0.00     0.00 -1         0      0.00 7.000e-01 2.990e-01 1.100e-03 5.880e-04 3.170e-03 -1.000 1.000e-03 -7.674 -1.706 -4.061 -5.888 -7.000 -8.097 -9.382 -10.189 -10.444
0.01500 1.00e+07 18.1685066223   17.760  4.941  3.5674 -0.032    1  0.000  0.463     0.00     0.00 -1         0      0.00 7.000e-01 2.990e-01 1.100e-03 5.880e-04 3.170e-03 -1.000 1.000e-03 -7.582 -1.743 -4.132 -5.955 -7.022 -8.032 -9.274 -10.067 -10.313
0.01500 1.00e+07 18.2977046967   17.793  4.932  3.5751  0.009    1  0.000  0.463     0.00     0.00 -1         0      0.00 7.000e-01 2.990e-01 1.100e-03 5.880e-04 3.170e-03 -1.000 1.000e-03 -7.559 -1.875 -4.287 -6.100 -7.119 -8.041 -9.234 -10.006 -10.240
0.01500 1.00e+07 18.3496189117   17.804  4.984  3.5827 -0.012    1  0.000  0.463     0.00     0.00 -1         0      0.00 7.000e-01 2.990e-01 1.100e-03 5.880e-04 3.170e-03 -1.000 1.000e-03 -7.690 -2.112 -4.560 -6.372 -7.355 -8.203 -9.353 -10.097 -10.323
0.01500 1.00e+07 18.3579692841   17.803  5.052  3.6590  0.225    1  0.000  0.463     0.00     0.00 -1         0      0.00 7.000e-01 2.990e-01 1.100e-03 5.880e-04 3.170e-03 -1.000 1.000e-03 -7.860 -4.589 -6.049 -7.413 -8.063 -8.575 -9.353 -9.898 -9.997
0.01500 1.00e+07 18.3620243073   17.798  5.058  3.8022  0.791    1  0.000  0.463     0.00     0.00 -1         0      0.00 7.000e-01 2.990e-01 1.100e-03 5.880e-04 3.170e-03 -1.000 9.999e-04 -7.874 -7.212 -7.549 -7.960 -8.207 -8.434 -8.740 -8.930 -8.970
0.01500 1.00e+07 18.3641262054   17.794  5.061  3.8398  0.939    1  0.000  0.463     0.00     0.00 -1         0      0.00 7.000e-01 2.990e-01 1.100e-03 5.880e-04 3.170e-03 -1.000 1.000e-03 -7.882 -7.528 -7.784 -8.000 -8.155 -8.311 -8.529 -8.653 -8.682
0.01500 1.00e+07 18.3650722504   17.792  5.064  3.8542  0.993    1  0.000  0.463     0.00     0.00 -1         0      0.00 7.000e-01 2.990e-01 1.100e-03 5.880e-04 3.170e-03 -1.000 1.000e-03 -7.890 -7.631 -7.854 -8.013 -8.136 -8.267 -8.453 -8.555 -8.580
0.01500 1.00e+07 18.3655204773   17.791  5.066  3.8616  1.021    1  0.000  0.463     0.00     0.00 -1         0      0.00 7.000e-01 2.990e-01 1.100e-03 5.880e-04 3.170e-03 -1.000 1.000e-03 -7.894 -7.681 -7.884 -8.017 -8.125 -8.243 -8.412 -8.505 -8.527
0.01500 1.00e+07 18.3659458160   17.790  5.067  3.8707  1.056    1  0.000  0.463     0.00     0.00 -1         0      0.00 7.000e-01 2.990e-01 1.100e-03 5.880e-04 3.170e-03 -1.000 1.000e-03 -7.898 -7.735 -7.910 -8.016 -8.109 -8.214 -8.363 -8.444 -8.463
0.01500 1.00e+07 18.3661212921   17.790  5.068  3.8752  1.073    1  0.000  0.463     0.00     0.00 -1         0      0.00 7.000e-01 2.990e-01 1.100e-03 5.880e-04 3.170e-03 -1.000 1.000e-03 -7.899 -7.761 -7.921 -8.015 -8.101 -8.198 -8.338 -8.413 -8.431
0.01500 1.00e+07 18.3663177490   17.790  5.068  3.8807  1.095    1  0.000  0.463     0.00     0.00 -1         0      0.00 7.000e-01 2.990e-01 1.100e-03 5.880e-04 3.170e-03 -1.000 1.000e-03 -7.900 -7.789 -7.929 -8.011 -8.089 -8.179 -8.307 -8.376 -8.392
0.01500 1.00e+07 18.3665390015   17.790  5.068  3.8884  1.126    1  0.000  0.463     0.00     0.00 -1         0      0.00 7.000e-01 2.990e-01 1.100e-03 5.880e-04 3.170e-03 -1.000 1.000e-03 -7.900 -7.822 -7.933 -8.002 -8.071 -8.152 -8.263 -8.324 -8.337
0.01500 1.00e+07 18.3667850494   17.790  5.067  3.8990  1.169    1  0.000  0.463     0.00     0.00 -1         0      0.00 7.000e-01 2.990e-01 1.100e-03 5.880e-04 3.170e-03 -1.000 1.000e-03 -7.897 -7.860 -7.923 -7.980 -8.041 -8.111 -8.199 -8.251 -8.260
0.01500 1.00e+07 18.3670597076   17.790  5.066  3.9108  1.218    1  0.000  0.463     0.00     0.00 -1         0      0.00 7.000e-01 2.990e-01 1.100e-03 5.880e-04 3.170e-03 -1.000 1.000e-03 -7.895 -7.894 -7.905 -7.949 -8.003 -8.063 -8.127 -8.170 -8.175
0.01500 1.00e+07 18.3673686981   17.790  5.065  3.9221  1.264    1  0.000  0.463     0.00     0.00 -1         0      0.00 7.000e-01 2.990e-01 1.100e-03 5.880e-04 3.170e-03 -1.000 1.000e-03 -7.892 -7.918 -7.889 -7.916 -7.962 -8.013 -8.058 -8.093 -8.095
0.01500 1.00e+07 18.3677120209   17.790  5.064  3.9328  1.307    1  0.000  0.463     0.00     0.00 -1         0      0.00 7.000e-01 2.990e-01 1.100e-03 5.880e-04 3.170e-03 -1.000 1.000e-03 -7.890 -7.934 -7.879 -7.885 -7.921 -7.961 -7.992 -8.020 -8.018
0.01500 1.00e+07 18.3680973053   17.790  5.063  3.9435  1.351    1  0.000  0.463     0.00     0.00 -1         0      0.00 7.000e-01 2.990e-01 1.100e-03 5.880e-04 3.170e-03 -1.000 1.000e-03 -7.889 -7.948 -7.840 -7.842 -7.877 -7.912 -7.924 -7.948 -7.942
0.01500 1.00e+07 18.3685283661   17.789  5.063  3.9544  1.395    1  0.000  0.463     0.00     0.00 -1         0      0.00 7.000e-01 2.990e-01 1.100e-03 5.880e-04 3.170e-03 -1.000 1.000e-03 -7.887 -7.949 -7.813 -7.801 -7.829 -7.857 -7.854 -7.872 -7.864
0.01500 1.00e+07 18.3690090179   17.789  5.062  3.9651  1.439    1  0.000  0.463     0.00     0.00 -1         0      0.00 7.000e-01 2.990e-01 1.100e-03 5.880e-04 3.170e-03 -1.000 1.000e-03 -7.884 -7.943 -7.794 -7.764 -7.782 -7.799 -7.786 -7.798 -7.786
0.01500 1.00e+07 18.3695468903   17.789  5.061  3.9758  1.483    1  0.000  0.463     0.00     0.00 -1         0      0.00 7.000e-01 2.990e-01 1.100e-03 5.880e-04 3.170e-03 -1.000 1.000e-03 -7.882 -7.938 -7.766 -7.722 -7.733 -7.742 -7.716 -7.721 -7.708
0.01500 1.00e+07 18.3701457977   17.788  5.059  3.9869  1.529    1  0.000  0.463     0.00     0.00 -1         0      0.00 7.000e-01 2.990e-01 1.100e-03 5.880e-04 3.170e-03 -1.000 1.000e-03 -7.878 -7.937 -7.718 -7.670 -7.679 -7.683 -7.641 -7.644 -7.626
0.01500 1.00e+07 18.3708209991   17.788  5.058  3.9970  1.570    1  0.000  0.463     0.00     0.00 -1         0      0.00 7.000e-01 2.990e-01 1.100e-03 5.880e-04 3.170e-03 -1.000 1.000e-03 -7.875 -7.934 -7.673 -7.621 -7.628 -7.628 -7.574 -7.572 -7.553
0.01500 1.00e+07 18.3715724945   17.787  5.057  4.0067  1.610    1  0.000  0.463     0.00     0.00 -1         0      0.00 7.000e-01 2.990e-01 1.100e-03 5.880e-04 3.170e-03 -1.000 1.000e-03 -7.872 -7.928 -7.629 -7.572 -7.578 -7.574 -7.508 -7.503 -7.482
0.01500 1.00e+07 18.3724136353   17.786  5.055  4.0160  1.649    1  0.000  0.463     0.00     0.00 -1         0      0.00 7.000e-01 2.990e-01 1.100e-03 5.880e-04 3.170e-03 -1.000 1.000e-03 -7.867 -7.920 -7.584 -7.524 -7.529 -7.521 -7.444 -7.436 -7.413
0.01500 1.00e+07 18.3733501434   17.786  5.053  4.0248  1.686    1  0.000  0.463     0.00     0.00 -1         0      0.00 7.000e-01 2.990e-01 1.100e-03 5.880e-04 3.170e-03 -1.000 1.000e-03 -7.863 -7.909 -7.541 -7.477 -7.479 -7.469 -7.382 -7.371 -7.347
0.01500 1.00e+07 18.3744029999   17.785  5.051  4.0322  1.718    1  0.000  0.463     0.00     0.00 -1         0      0.00 7.000e-01 2.990e-01 1.100e-03 5.880e-04 3.170e-03 -1.000 1.000e-03 -7.858 -7.899 -7.503 -7.436 -7.437 -7.424 -7.329 -7.316 -7.291
0.01500 1.00e+07 18.3755760193   17.783  5.050  4.0377  1.741    1  0.000  0.463     0.00     0.00 -1         0      0.00 7.000e-01 2.990e-01 1.100e-03 5.880e-04 3.170e-03 -1.000 1.000e-03 -7.855 -7.889 -7.474 -7.405 -7.405 -7.390 -7.289 -7.275 -7.248
0.01500 1.00e+07 18.3768901825   17.782  5.048  4.0423  1.761    1  0.000  0.463     0.00     0.00 -1         0      0.00 7.000e-01 2.990e-01 1.100e-03 5.880e-04 3.170e-03 -1.000 1.000e-03 -7.851 -7.880 -7.449 -7.378 -7.377 -7.360 -7.255 -7.239 -7.212
0.01500 1.00e+07 18.3783550262   17.783  5.047  4.0461  1.777    1  0.000  0.463     0.00     0.00 -1         0      0.00 7.000e-01 2.990e-01 1.100e-03 5.880e-04 3.170e-03 -1.000 1.000e-03 -7.848 -7.872 -7.429 -7.356 -7.355 -7.336 -7.227 -7.211 -7.182
0.01500 1.00e+07 18.3799972534   17.783  5.046  4.0490  1.790    1  0.000  0.463     0.00     0.00 -1         0      0.00 7.000e-01 2.990e-01 1.100e-03 5.880e-04 3.170e-03 -1.000 1.000e-03 -7.845 -7.865 -7.412 -7.338 -7.336 -7.316 -7.204 -7.187 -7.158
0.01500 1.00e+07 18.3838844299   17.785  5.044  4.0526  1.806    1  0.000  0.463     0.00     0.00 -1         0      0.00 7.000e-01 2.990e-01 1.100e-03 5.880e-04 3.170e-03 -1.000 1.000e-03 -7.841 -7.855 -7.390 -7.315 -7.312 -7.291 -7.175 -7.158 -7.128
0.01500 1.00e+07 18.4754047394   17.821  5.043  4.0259  1.701    1  0.000  0.463     0.00     0.00 -1         0      0.00 7.000e-01 2.990e-01 1.100e-03 5.880e-04 3.170e-03 -1.000 1.000e-03 -7.838 -7.884 -7.511 -7.447 -7.449 -7.439 -7.350 -7.339 -7.315
0.01500 1.00e+07 18.6893367767   17.914  5.045  3.9530  1.410    1  0.000  0.463     0.00     0.00 -1         0      0.00 7.000e-01 2.990e-01 1.100e-03 5.880e-04 3.170e-03 -1.000 1.000e-03 -7.843 -7.906 -7.771 -7.762 -7.792 -7.821 -7.820 -7.838 -7.830
0.01500 1.00e+07 18.6983146667   17.921  5.045  3.9500  1.398    1  0.000  0.463     0.00     0.00 -1         0      0.00 7.000e-01 2.990e-01 1.100e-03 5.880e-04 3.170e-03 -1.000 1.000e-03 -7.844 -7.908 -7.775 -7.772 -7.805 -7.837 -7.839 -7.859 -7.852
0.01500 1.00e+07 18.7792167664   17.947  5.047  3.9203  1.278    2  0.000  0.463     0.00     0.00 -1         0      0.00 7.000e-01 2.990e-01 1.100e-03 5.880e-04 3.170e-03 -1.000 1.000e-03 -7.849 -7.871 -7.848 -7.878 -7.925 -7.977 -8.026 -8.062 -8.064
0.01500 1.00e+07 18.8311023712   17.975  5.049  3.8999  1.195    2  0.000  0.463     0.00     0.00 -1         0      0.00 7.000e-01 2.990e-01 1.100e-03 5.880e-04 3.170e-03 -1.000 1.000e-03 -7.852 -7.816 -7.878 -7.933 -7.993 -8.062 -8.149 -8.200 -8.209
0.01500 1.00e+07 18.8729858398   18.001  5.050  3.8828  1.126    2  0.000  0.463     0.00     0.00 -1         0      0.00 7.000e-01 2.990e-01 1.100e-03 5.880e-04 3.170e-03 -1.000 1.000e-03 -7.855 -7.751 -7.885 -7.963 -8.039 -8.127 -8.250 -8.318 -8.332
0.01500 1.00e+07 18.8963031769   18.007  5.050  3.8723  1.085    2  0.000  0.463     0.00     0.00 -1         0      0.00 7.000e-01 2.990e-01 1.100e-03 5.880e-04 3.170e-03 -1.000 1.000e-03 -7.855 -7.700 -7.870 -7.973 -8.063 -8.165 -8.311 -8.390 -8.409
0.01500 1.00e+07 18.9104785919   18.005  5.050  3.8649  1.055    2  0.000  0.463     0.00     0.00 -1         0      0.00 7.000e-01 2.990e-01 1.100e-03 5.880e-04 3.170e-03 -1.000 1.000e-03 -7.855 -7.659 -7.854 -7.977 -8.079 -8.192 -8.355 -8.443 -8.464
0.01500 1.00e+07 18.9235172272   18.003  5.050  3.8579  1.027    2  0.000  0.463     0.00     0.00 -1         0      0.00 7.000e-01 2.990e-01 1.100e-03 5.880e-04 3.170e-03 -1.000 1.000e-03 -7.855 -7.617 -7.831 -7.977 -8.093 -8.218 -8.396 -8.494 -8.517
0.01500 1.00e+07 18.9335536957   18.013  5.050  3.8524  1.005    2  0.000  0.463     0.00     0.00 -1         0      0.00 7.000e-01 2.990e-01 1.100e-03 5.880e-04 3.170e-03 -1.000 1.000e-03 -7.856 -7.584 -7.813 -7.977 -8.104 -8.238 -8.429 -8.534 -8.559
0.01500 1.00e+07 18.9363975525   18.002  5.050  3.8509  0.999    2  0.000  0.463     0.00     0.00 -1         0      0.00 7.000e-01 2.990e-01 1.100e-03 5.880e-04 3.170e-03 -1.000 1.000e-03 -7.856 -7.575 -7.808 -7.978 -8.107 -8.244 -8.438 -8.545 -8.571
0.01500 1.00e+07 18.9510688782   17.999  5.051  3.8427  0.965    2  0.000  0.463     0.00     0.00 -1         0      0.00 7.000e-01 2.990e-01 1.100e-03 5.880e-04 3.170e-03 -1.000 1.000e-03 -7.857 -7.522 -7.772 -7.976 -8.124 -8.275 -8.487 -8.607 -8.635
0.01500 1.00e+07 18.9627208710   17.998  5.051  3.8361  0.939    3  0.000  0.463     0.00     0.00 -1         0      0.00 7.000e-01 2.990e-01 1.100e-03 5.880e-04 3.170e-03 -1.000 1.000e-03 -7.858 -7.478 -7.743 -7.975 -8.137 -8.300 -8.527 -8.656 -8.687
0.01500 1.00e+07 18.9718799591   17.997  5.051  3.8309  0.918    3  0.000  0.463     0.00     0.00 -1         0      0.00 7.000e-01 2.990e-01 1.100e-03 5.880e-04 3.170e-03 -1.000 1.000e-03 -7.859 -7.439 -7.715 -7.972 -8.147 -8.320 -8.558 -8.696 -8.728
0.01500 1.00e+07 18.9831295013   17.996  5.052  3.8245  0.891    2  0.000  0.463     0.00     0.00 -1         0      0.00 7.000e-01 2.990e-01 1.100e-03 5.880e-04 3.170e-03 -1.000 1.000e-03 -7.859 -7.391 -7.680 -7.969 -8.159 -8.344 -8.597 -8.746 -8.779
0.01500 1.00e+07 18.9919719696   17.997  5.052  3.8192  0.870    2  0.000  0.463     0.00     0.00 -1         0      0.00 7.000e-01 2.990e-01 1.100e-03 5.880e-04 3.170e-03 -1.000 1.000e-03 -7.860 -7.348 -7.649 -7.965 -8.169 -8.363 -8.629 -8.787 -8.822
0.01500 1.00e+07 19.0006675720   17.998  5.052  3.8138  0.848    3  0.000  0.463     0.00     0.00 -1         0      0.00 7.000e-01 2.990e-01 1.100e-03 5.880e-04 3.170e-03 -1.000 1.000e-03 -7.861 -7.303 -7.615 -7.960 -8.178 -8.383 -8.661 -8.828 -8.865
0.01500 1.00e+07 19.0092182159   18.000  5.053  3.8084  0.826    3  0.000  0.463     0.00     0.00 -1         0      0.00 7.000e-01 2.990e-01 1.100e-03 5.880e-04 3.170e-03 -1.000 1.000e-03 -7.862 -7.258 -7.581 -7.956 -8.187 -8.402 -8.693 -8.870 -8.908
0.01500 1.00e+07 19.0176258087   18.001  5.053  3.8030  0.804    3  0.000  0.463     0.00     0.00 -1         0      0.00 7.000e-01 2.990e-01 1.100e-03 5.880e-04 3.170e-03 -1.000 1.000e-03 -7.862 -7.209 -7.543 -7.949 -8.194 -8.420 -8.724 -8.912 -8.952
0.01500 1.00e+07 19.0238304138   18.003  5.053  3.7990  0.788    3  0.000  0.463     0.00     0.00 -1         0      0.00 7.000e-01 2.990e-01 1.100e-03 5.880e-04 3.170e-03 -1.000 1.000e-03 -7.863 -7.170 -7.515 -7.944 -8.200 -8.433 -8.747 -8.944 -8.984
0.01500 1.00e+07 19.0299568176   18.004  5.053  3.7948  0.771    3  0.000  0.463     0.00     0.00 -1         0      0.00 7.000e-01 2.990e-01 1.100e-03 5.880e-04 3.170e-03 -1.000 1.000e-03 -7.863 -7.131 -7.485 -7.939 -8.206 -8.447 -8.772 -8.976 -9.018
0.01500 1.00e+07 19.0359954834   18.006  5.054  3.7906  0.754    3  0.000  0.463     0.00     0.00 -1         0      0.00 7.000e-01 2.990e-01 1.100e-03 5.880e-04 3.170e-03 -1.000 1.000e-03 -7.864 -7.087 -7.454 -7.932 -8.210 -8.460 -8.795 -9.009 -9.052
0.01500 1.00e+07 19.0419464111   18.009  5.054  3.7863  0.737    3  0.000  0.463     0.00     0.00 -1         0      0.00 7.000e-01 2.990e-01 1.100e-03 5.880e-04 3.170e-03 -1.000 1.000e-03 -7.864 -7.043 -7.422 -7.925 -8.214 -8.472 -8.818 -9.041 -9.085
0.01500 1.00e+07 19.0478115082   18.010  5.054  3.7821  0.720    3  0.000  0.463     0.00     0.00 -1         0      0.00 7.000e-01 2.990e-01 1.100e-03 5.880e-04 3.170e-03 -1.000 1.000e-03 -7.865 -6.999 -7.389 -7.918 -8.218 -8.485 -8.842 -9.074 -9.119
0.01500 1.00e+07 19.0535907745   18.013  5.054  3.7777  0.702    3  0.000  0.463     0.00     0.00 -1         0      0.00 7.000e-01 2.990e-01 1.100e-03 5.880e-04 3.170e-03 -1.000 1.000e-03 -7.865 -6.948 -7.354 -7.909 -8.221 -8.497 -8.865 -9.107 -9.153
0.01500 1.00e+07 19.0592803955   18.016  5.054  3.7731  0.684    3  0.000  0.463     0.00     0.00 -1         0      0.00 7.000e-01 2.990e-01 1.100e-03 5.880e-04 3.170e-03 -1.000 1.000e-03 -7.865 -6.891 -7.316 -7.899 -8.223 -8.508 -8.889 -9.141 -9.189
0.01500 1.00e+07 19.0648784637   18.021  5.054  3.7685  0.666    3  0.000  0.463     0.00     0.00 -1         0      0.00 7.000e-01 2.990e-01 1.100e-03 5.880e-04 3.170e-03 -1.000 1.000e-03 -7.865 -6.833 -7.277 -7.888 -8.225 -8.519 -8.913 -9.176 -9.225
0.01500 1.00e+07 19.0669403076   18.004  5.054  3.7665  0.657    3  0.000  0.463     0.00     0.00 -1         0      0.00 7.000e-01 2.990e-01 1.100e-03 5.880e-04 3.170e-03 -1.000 1.000e-03 -7.865 -6.809 -7.260 -7.884 -8.226 -8.524 -8.923 -9.191 -9.240
0.01500 1.00e+07 19.0779190063   17.984  5.054  3.7551  0.611    3  0.000  0.463     0.00     0.00 -1         0      0.00 7.000e-01 2.990e-01 1.100e-03 5.880e-04 3.170e-03 -1.000 1.000e-03 -7.866 -6.651 -7.159 -7.854 -8.229 -8.549 -8.980 -9.276 -9.328
0.01500 1.00e+07 19.0900516510   17.964  5.055  3.7397  0.549    3  0.000  0.463     0.00     0.00 -1         0      0.00 7.000e-01 2.990e-01 1.100e-03 5.880e-04 3.170e-03 -1.000 1.000e-03 -7.867 -6.413 -7.013 -7.809 -8.227 -8.578 -9.054 -9.388 -9.443
0.01500 1.00e+07 19.0995693207   17.949  5.054  3.7231  0.482    3  0.000  0.463     0.00     0.00 -1         0      0.00 7.000e-01 2.990e-01 1.100e-03 5.880e-04 3.170e-03 -1.000 1.000e-03 -7.865 -6.111 -6.838 -7.749 -8.213 -8.598 -9.125 -9.503 -9.560
0.01500 1.00e+07 19.1090240479   17.937  5.048  3.7023  0.405    3  0.000  0.463     0.00     0.00 -1         0      0.00 7.000e-01 2.990e-01 1.100e-03 5.880e-04 3.170e-03 -1.000 1.000e-03 -7.849 -5.676 -6.592 -7.647 -8.168 -8.591 -9.190 -9.625 -9.687
0.01500 1.00e+07 19.1180915833   17.926  5.039  3.6920  0.373    3  0.000  0.463     0.00     0.00 -1         0      0.00 7.000e-01 2.990e-01 1.100e-03 5.880e-04 3.170e-03 -1.000 1.000e-03 -7.826 -5.432 -6.452 -7.577 -8.126 -8.568 -9.205 -9.669 -9.735
0.01500 1.00e+07 19.1247730255   17.917  5.046  3.6867  0.344    3  0.000  0.463     0.00     0.00 -1         0      0.00 7.000e-01 2.990e-01 1.100e-03 5.880e-04 3.170e-03 -1.000 1.000e-03 -7.844 -5.325 -6.406 -7.569 -8.132 -8.584 -9.242 -9.720 -9.789
0.01500 1.00e+07 19.1324005127   17.908  5.047  3.6818  0.323    3  0.000  0.463     0.00     0.00 -1         0      0.00 7.000e-01 2.990e-01 1.100e-03 5.880e-04 3.170e-03 -1.000 1.000e-03 -7.848 -5.214 -6.350 -7.548 -8.125 -8.586 -9.263 -9.754 -9.827
0.01500 1.00e+07 19.1400356293   17.900  5.049  3.6766  0.301    3  0.000  0.463     0.00     0.00 -1         0      0.00 7.000e-01 2.990e-01 1.100e-03 5.880e-04 3.170e-03 -1.000 1.000e-03 -7.851 -5.082 -6.286 -7.521 -8.113 -8.585 -9.284 -9.789 -9.866
0.01500 1.00e+07 19.1473522186   17.892  5.050  3.6713  0.278    3  0.000  0.463     0.00     0.00 -1         0      0.00 7.000e-01 2.990e-01 1.100e-03 5.880e-04 3.170e-03 -1.000 1.000e-03 -7.855 -4.944 -6.219 -7.492 -8.101 -8.584 -9.306 -9.824 -9.907
0.01500 1.00e+07 19.1542739868   17.885  5.051  3.6659  0.255    3  0.000  0.463     0.00     0.00 -1         0      0.00 7.000e-01 2.990e-01 1.100e-03 5.880e-04 3.170e-03 -1.000 1.000e-03 -7.858 -4.796 -6.148 -7.461 -8.087 -8.582 -9.328 -9.859 -9.947
0.01500 1.00e+07 19.1607894897   17.878  5.052  3.6604  0.231    3  0.000  0.463     0.00     0.00 -1         0      0.00 7.000e-01 2.990e-01 1.100e-03 5.880e-04 3.170e-03 -1.000 1.000e-03 -7.861 -4.634 -6.071 -7.425 -8.070 -8.578 -9.350 -9.892 -9.989
0.01500 1.00e+07 19.1669158936   17.872  5.053  3.6548  0.208    3  0.000  0.463     0.00     0.00 -1         0      0.00 7.000e-01 2.990e-01 1.100e-03 5.880e-04 3.170e-03 -1.000 1.000e-03 -7.864 -4.467 -5.992 -7.388 -8.052 -8.574 -9.371 -9.925 -10.030
0.01500 1.00e+07 19.1726589203   17.866  5.054  3.6491  0.184    3  0.000  0.463     0.00     0.00 -1         0      0.00 7.000e-01 2.990e-01 1.100e-03 5.880e-04 3.170e-03 -1.000 1.000e-03 -7.866 -4.277 -5.903 -7.341 -8.027 -8.566 -9.391 -9.957 -10.072
0.01500 1.00e+07 19.1780414581   17.862  5.055  3.6432  0.159    3  0.000  0.463     0.00     0.00 -1         0      0.00 7.000e-01 2.990e-01 1.100e-03 5.880e-04 3.170e-03 -1.000 1.000e-03 -7.868 -4.075 -5.809 -7.291 -8.000 -8.556 -9.410 -9.988 -10.114
0.01500 1.00e+07 19.1806030273   17.859  5.055  3.6401  0.147    3  0.000  0.463     0.00     0.00 -1         0      0.00 7.000e-01 2.990e-01 1.100e-03 5.880e-04 3.170e-03 -1.000 1.000e-03 -7.869 -3.968 -5.759 -7.264 -7.986 -8.551 -9.420 -10.004 -10.136
0.01500 1.00e+07 19.1830806732   17.857  5.056  3.6369  0.134    3  0.000  0.463     0.00     0.00 -1         0      0.00 7.000e-01 2.990e-01 1.100e-03 5.880e-04 3.170e-03 -1.000 1.000e-03 -7.869 -3.856 -5.705 -7.233 -7.969 -8.545 -9.428 -10.020 -10.157
0.01500 1.00e+07 19.1854763031   17.855  5.056  3.6336  0.120    3  0.000  0.463     0.00     0.00 -1         0      0.00 7.000e-01 2.990e-01 1.100e-03 5.880e-04 3.170e-03 -1.000 1.000e-03 -7.870 -3.738 -5.649 -7.200 -7.950 -8.538 -9.438 -10.036 -10.180
0.01500 1.00e+07 19.1877918243   17.853  5.056  3.6301  0.106    3  0.000  0.463     0.00     0.00 -1         0      0.00 7.000e-01 2.990e-01 1.100e-03 5.880e-04 3.170e-03 -1.000 1.000e-03 -7.871 -3.613 -5.589 -7.165 -7.931 -8.530 -9.447 -10.053 -10.203
0.01500 1.00e+07 19.1900272369   17.852  5.056  3.6264  0.091    3  0.000  0.463     0.00     0.00 -1         0      0.00 7.000e-01 2.990e-01 1.100e-03 5.880e-04 3.170e-03 -1.000 1.000e-03 -7.871 -3.481 -5.525 -7.128 -7.910 -8.522 -9.457 -10.070 -10.228
0.01500 1.00e+07 19.1921920776   17.852  5.056  3.6225  0.075    3  0.000  0.463     0.00     0.00 -1         0      0.00 7.000e-01 2.990e-01 1.100e-03 5.880e-04 3.170e-03 -1.000 1.000e-03 -7.871 -3.348 -5.455 -7.084 -7.884 -8.511 -9.465 -10.088 -10.253
0.01500 1.00e+07 19.1942787170   17.853  5.056  3.6184  0.059    3  0.000  0.463     0.00     0.00 -1         0      0.00 7.000e-01 2.990e-01 1.100e-03 5.880e-04 3.170e-03 -1.000 1.000e-03 -7.871 -3.205 -5.380 -7.036 -7.855 -8.499 -9.474 -10.107 -10.279
0.01500 1.00e+07 19.1962966919   17.854  5.056  3.6138  0.041    3  0.000  0.463     0.00     0.00 -1         0      0.00 7.000e-01 2.990e-01 1.100e-03 5.880e-04 3.170e-03 -1.000 1.000e-03 -7.870 -3.050 -5.297 -6.983 -7.823 -8.486 -9.483 -10.127 -10.308
0.01500 1.00e+07 19.1982440948   17.855  5.056  3.6088  0.021    3  0.000  0.463     0.00     0.00 -1         0      0.00 7.000e-01 2.990e-01 1.100e-03 5.880e-04 3.170e-03 -1.000 1.000e-03 -7.870 -2.895 -5.206 -6.920 -7.783 -8.470 -9.492 -10.150 -10.339
0.01500 1.00e+07 19.2001228333   17.857  5.055  3.6031 -0.001    3  0.000  0.463     0.00     0.00 -1         0      0.00 7.000e-01 2.990e-01 1.100e-03 5.880e-04 3.170e-03 -1.000 1.000e-03 -7.868 -2.732 -5.101 -6.846 -7.735 -8.451 -9.500 -10.176 -10.373
0.01500 1.00e+07 19.2010307312   17.857  5.055  3.6002 -0.012    3  0.000  0.463     0.00     0.00 -1         0      0.00 7.000e-01 2.990e-01 1.100e-03 5.880e-04 3.170e-03 -1.000 1.000e-03 -7.867 -2.648 -5.047 -6.807 -7.710 -8.441 -9.505 -10.188 -10.391
0.01500 1.00e+07 19.2021045685   17.858  5.054  3.5964 -0.027    3  0.000  0.463     0.00     0.00 -1         0      0.00 7.000e-01 2.990e-01 1.100e-03 5.880e-04 3.170e-03 -1.000 1.000e-03 -7.866 -2.546 -4.976 -6.754 -7.674 -8.427 -9.510 -10.205 -10.413
0.01500 1.00e+07 19.2030944824   17.859  5.054  3.5926 -0.041    3  0.000  0.463     0.00     0.00 -1         0      0.00 7.000e-01 2.990e-01 1.100e-03 5.880e-04 3.170e-03 -1.000 1.000e-03 -7.864 -2.455 -4.902 -6.695 -7.634 -8.413 -9.514 -10.222 -10.436
0.01500 1.00e+07 19.2039585114   17.859  5.053  3.5891 -0.055    3  0.000  0.463     0.00     0.00 -1         0      0.00 7.000e-01 2.990e-01 1.100e-03 5.880e-04 3.170e-03 -1.000 1.000e-03 -7.862 -2.370 -4.832 -6.639 -7.596 -8.399 -9.518 -10.237 -10.456
0.01500 1.00e+07 19.2045440674   17.860  5.052  3.5865 -0.064    3  0.000  0.463     0.00     0.00 -1         0      0.00 7.000e-01 2.990e-01 1.100e-03 5.880e-04 3.170e-03 -1.000 1.000e-03 -7.860 -2.306 -4.780 -6.597 -7.567 -8.388 -9.521 -10.248 -10.471
0.01500 1.00e+07 19.2052803040   17.860  5.051  3.5831 -0.077    3  0.000  0.463     0.00     0.00 -1         0      0.00 7.000e-01 2.990e-01 1.100e-03 5.880e-04 3.170e-03 -1.000 1.000e-03 -7.858 -2.227 -4.710 -6.539 -7.527 -8.374 -9.525 -10.263 -10.490
0.01500 1.00e+07 19.2061958313   17.861  5.050  3.5788 -0.092    3  0.000  0.463     0.00     0.00 -1         0      0.00 7.000e-01 2.990e-01 1.100e-03 5.880e-04 3.170e-03 -1.000 1.000e-03 -7.854 -2.139 -4.614 -6.452 -7.463 -8.354 -9.529 -10.280 -10.514
0.01500 1.00e+07 19.2070369720   17.862  5.048  3.5751 -0.105    3  0.000  0.463     0.00     0.00 -1         0      0.00 7.000e-01 2.990e-01 1.100e-03 5.880e-04 3.170e-03 -1.000 1.000e-03 -7.849 -2.063 -4.530 -6.375 -7.407 -8.335 -9.532 -10.294 -10.533
0.01500 1.00e+07 19.2077560425   17.862  5.045  3.5725 -0.113    3  0.000  0.463     0.00     0.00 -1         0      0.00 7.000e-01 2.990e-01 1.100e-03 5.880e-04 3.170e-03 -1.000 1.000e-03 -7.843 -2.007 -4.467 -6.318 -7.365 -8.319 -9.531 -10.302 -10.544
0.01500 1.00e+07 19.2086791992   17.863  5.042  3.5697 -0.121    3  0.000  0.463     0.00     0.00 -1         0      0.00 7.000e-01 2.990e-01 1.100e-03 5.880e-04 3.170e-03 -1.000 1.000e-03 -7.834 -1.949 -4.399 -6.253 -7.316 -8.299 -9.527 -10.307 -10.553
0.01500 1.00e+07 19.2100868225   17.865  5.036  3.5672 -0.125    3  0.000  0.463     0.00     0.00 -1         0      0.00 7.000e-01 2.990e-01 1.100e-03 5.880e-04 3.170e-03 -1.000 1.000e-03 -7.821 -1.898 -4.325 -6.175 -7.255 -8.273 -9.520 -10.307 -10.556
0.01500 1.00e+07 19.2116413116   17.866  5.029  3.5656 -0.125    3  0.000  0.463     0.00     0.00 -1         0      0.00 7.000e-01 2.990e-01 1.100e-03 5.880e-04 3.170e-03 -1.000 1.000e-03 -7.803 -1.860 -4.270 -6.115 -7.206 -8.247 -9.505 -10.297 -10.548
0.01500 1.00e+07 19.2135734558   17.868  5.020  3.5635 -0.124    3  0.000  0.463     0.00     0.00 -1         0      0.00 7.000e-01 2.990e-01 1.100e-03 5.880e-04 3.170e-03 -1.000 1.000e-03 -7.780 -1.810 -4.198 -6.039 -7.143 -8.214 -9.487 -10.285 -10.539
0.01500 1.00e+07 19.2149982452   17.869  5.025  3.5613 -0.138    3  0.000  0.463     0.00     0.00 -1         0      0.00 7.000e-01 2.990e-01 1.100e-03 5.880e-04 3.170e-03 -1.000 1.000e-03 -7.793 -1.782 -4.153 -5.992 -7.113 -8.216 -9.505 -10.309 -10.566
0.01500 1.00e+07 19.2164382935   17.870  5.037  3.5594 -0.157    3  0.000  0.463     0.00     0.00 -1         0      0.00 7.000e-01 2.990e-01 1.100e-03 5.880e-04 3.170e-03 -1.000 1.000e-03 -7.822 -1.770 -4.129 -5.970 -7.105 -8.236 -9.539 -10.348 -10.608
0.01500 1.00e+07 19.2191238403   17.873  5.047  3.5579 -0.174    3  0.000  0.463     0.00     0.00 -1         0      0.00 7.000e-01 2.990e-01 1.100e-03 5.880e-04 3.170e-03 -1.000 1.000e-03 -7.848 -1.763 -4.113 -5.955 -7.103 -8.256 -9.569 -10.382 -10.644
0.01500 1.00e+07 19.2279510498   17.883  5.055  3.5569 -0.185    3  0.000  0.463     0.00     0.00 -1         0      0.00 7.000e-01 2.990e-01 1.100e-03 5.880e-04 3.170e-03 -1.000 1.000e-03 -7.866 -1.759 -4.102 -5.945 -7.101 -8.269 -9.590 -10.405 -10.669
0.01500 1.00e+07 19.2513866425   17.692  5.097  3.5510 -0.255    3  0.000  0.463     0.00     0.00 -1         0      0.00 7.000e-01 2.990e-01 1.100e-03 5.880e-04 3.170e-03 -1.000 1.000e-03 -7.973 -1.737 -4.006 -5.833 -7.056 -8.334 -9.716 -10.542 -10.815
0.01500 1.00e+07 19.2549724579   17.674  5.111  3.5491 -0.278    3  0.000  0.463     0.00     0.00 -1         0      0.00 7.000e-01 2.990e-01 1.100e-03 5.880e-04 3.170e-03 -1.000 1.000e-03 -8.009 -1.731 -3.973 -5.794 -7.039 -8.355 -9.757 -10.587 -10.863
0.01500 1.00e+07 19.2603435516   17.666  5.151  3.5443 -0.337    3  0.000  0.463     0.00     0.00 -1         0      0.00 7.000e-01 2.990e-01 1.100e-03 5.880e-04 3.170e-03 -1.000 1.000e-03 -8.107 -1.724 -3.896 -5.700 -7.004 -8.416 -9.871 -10.710 -10.995
0.01500 1.00e+07 19.2649841309   17.662  5.180  3.5407 -0.380    3  0.000  0.463     0.00     0.00 -1         0      0.00 7.000e-01 2.990e-01 1.100e-03 5.880e-04 3.170e-03 -1.000 1.000e-03 -8.180 -1.720 -3.829 -5.618 -6.971 -8.454 -9.956 -10.800 -11.091
0.01500 1.00e+07 19.2679939270   17.658  5.200  3.5383 -0.411    3  0.000  0.463     0.00     0.00 -1         0      0.00 7.000e-01 2.990e-01 1.100e-03 5.880e-04 3.170e-03 -1.000 1.000e-03 -8.231 -1.716 -3.767 -5.540 -6.936 -8.471 -10.016 -10.863 -11.159
0.01500 1.00e+07 19.2717266083   17.654  5.241  3.5335 -0.470    3  0.000  0.463     0.00     0.00 -1         0      0.00 7.000e-01 2.990e-01 1.100e-03 5.880e-04 3.170e-03 -1.000 1.000e-03 -8.332 -1.709 -3.649 -5.390 -6.871 -8.506 -10.133 -10.987 -11.292
0.01500 1.00e+07 19.2758789062   17.653  5.276  3.5293 -0.522    3  0.000  0.463     0.00     0.00 -1         0      0.00 7.000e-01 2.990e-01 1.100e-03 5.880e-04 3.170e-03 -1.000 1.000e-03 -8.420 -1.704 -3.542 -5.255 -6.812 -8.537 -10.236 -11.096 -11.408
#isochrone terminated
