# File generated by CMD 3.0 (http://stev.oapd.inaf.it/cmd) on Thu Jun  8 20:55:25 CEST 2017
# isochrones PARSEC release v1.2S + COLIBRI release PR16, as in Marigo et al. 2017
# Basic reference: Marigo et al. (2017), ApJ, 835, 77
# Photometric system: <i>UBVRIJHK</i> (cf. Maiz-Apellaniz 2006 + Bessell 1990)
# O-rich circumstellar dust ignored
# C-rich circumstellar dust ignored
# Kind of output: isochrone tables
# Zini Age Mini  Mass   logL    logTe  logg  label   McoreTP C_O  period0 period1 pmode  Mloss  tau1m   X   Y   Xc  Xn  Xo  Cexcess  Z 	 mbolmag  Umag    Bmag    Vmag    Rmag    Imag    Jmag    Hmag    Kmag
0.00010 1.00e+07 0.1000000015    0.100 -1.742  3.5833  4.465    0  0.000  0.463     0.00     0.00 -1  4.27e-15      0.00 7.000e-01 2.990e-01 1.100e-03 5.880e-04 3.170e-03 -1.000 1.000e-03 9.125 13.174 11.745 10.217 9.245 8.464 7.481 6.928 6.743
0.00010 1.00e+07 0.1053765640    0.105 -1.711  3.5856  4.465    0  0.000  0.463     0.00     0.00 -1  4.47e-15      0.00 7.000e-01 2.990e-01 1.100e-03 5.880e-04 3.170e-03 -1.000 1.000e-03 9.047 12.959 11.606 10.107 9.154 8.383 7.411 6.856 6.674
0.00010 1.00e+07 0.1098214313    0.109 -1.686  3.5873  4.464    0  0.000  0.463     0.00     0.00 -1  4.65e-15      0.00 7.000e-01 2.990e-01 1.100e-03 5.880e-04 3.170e-03 -1.000 1.000e-03 8.985 12.755 11.477 10.009 9.076 8.317 7.357 6.799 6.618
0.00010 1.00e+07 0.1209945008    0.121 -1.629  3.5917  4.467    0  0.000  0.463     0.00     0.00 -1  5.03e-15      0.00 7.000e-01 2.990e-01 1.100e-03 5.880e-04 3.170e-03 -1.000 1.000e-03 8.842 12.258 11.166 9.779 8.897 8.166 7.237 6.671 6.493
0.00010 1.00e+07 0.1294642836    0.129 -1.588  3.5948  4.468    0  0.000  0.463     0.00     0.00 -1  5.34e-15      0.00 7.000e-01 2.990e-01 1.100e-03 5.880e-04 3.170e-03 -1.000 1.000e-03 8.740 11.902 10.944 9.614 8.768 8.057 7.150 6.579 6.404
0.00010 1.00e+07 0.1386716068    0.138 -1.547  3.5978  4.469    0  0.000  0.463     0.00     0.00 -1  5.66e-15      0.00 7.000e-01 2.990e-01 1.100e-03 5.880e-04 3.170e-03 -1.000 1.000e-03 8.638 11.553 10.725 9.452 8.640 7.949 7.064 6.488 6.314
0.00010 1.00e+07 0.1491071582    0.149 -1.503  3.6010  4.469    0  0.000  0.463     0.00     0.00 -1  6.04e-15      0.00 7.000e-01 2.990e-01 1.100e-03 5.880e-04 3.170e-03 -1.000 9.999e-04 8.527 11.371 10.572 9.317 8.520 7.837 6.962 6.387 6.213
0.00010 1.00e+07 0.1687500030    0.168 -1.430  3.6065  4.472    0  0.000  0.463     0.00     0.00 -1   6.7e-15      0.00 7.000e-01 2.990e-01 1.100e-03 5.880e-04 3.170e-03 -1.000 1.000e-03 8.346 11.087 10.328 9.101 8.324 7.654 6.796 6.223 6.050
0.00010 1.00e+07 0.2080357224    0.207 -1.303  3.6161  4.474    0  0.000  0.463     0.00     0.00 -1  8.05e-15      0.00 7.000e-01 2.990e-01 1.100e-03 5.880e-04 3.170e-03 -1.000 9.999e-04 8.028 10.585 9.898 8.720 7.980 7.334 6.504 5.937 5.765
0.00010 1.00e+07 0.2458894700    0.245 -1.201  3.6247  4.480    0  0.000  0.463     0.00     0.00 -1  9.31e-15      0.00 7.000e-01 2.990e-01 1.100e-03 5.880e-04 3.170e-03 -1.000 1.000e-03 7.773 10.168 9.544 8.408 7.701 7.075 6.272 5.712 5.542
0.00010 1.00e+07 0.2571428716    0.257 -1.173  3.6270  4.481    0  0.000  0.463     0.00     0.00 -1  9.69e-15      0.00 7.000e-01 2.990e-01 1.100e-03 5.880e-04 3.170e-03 -1.000 1.000e-03 7.703 10.056 9.450 8.324 7.625 7.005 6.209 5.651 5.483
0.00010 1.00e+07 0.2855480909    0.285 -1.109  3.6330  4.486    0  0.000  0.463     0.00     0.00 -1  1.06e-14      0.00 7.000e-01 2.990e-01 1.100e-03 5.880e-04 3.170e-03 -1.000 1.000e-03 7.543 9.788 9.227 8.128 7.449 6.843 6.065 5.515 5.352
0.00010 1.00e+07 0.3352551758    0.335 -1.010  3.6428  4.496    0  0.000  0.463     0.00     0.00 -1  1.21e-14      0.00 7.000e-01 2.990e-01 1.100e-03 5.880e-04 3.170e-03 -1.000 1.000e-03 7.296 9.364 8.877 7.822 7.176 6.592 5.844 5.308 5.154
0.00010 1.00e+07 0.3540153503    0.354 -0.977  3.6463  4.501    0  0.000  0.463     0.00     0.00 -1  1.26e-14      0.00 7.000e-01 2.990e-01 1.100e-03 5.880e-04 3.170e-03 -1.000 1.000e-03 7.212 9.217 8.757 7.718 7.083 6.507 5.771 5.240 5.090
0.00010 1.00e+07 0.3553571403    0.355 -0.974  3.6466  4.501    0  0.000  0.463     0.00     0.00 -1  1.26e-14      0.00 7.000e-01 2.990e-01 1.100e-03 5.880e-04 3.170e-03 -1.000 1.000e-03 7.206 9.206 8.748 7.711 7.076 6.501 5.765 5.235 5.085
0.00010 1.00e+07 0.3868498504    0.387 -0.919  3.6527  4.507    0  0.000  0.463     0.00     0.00 -1  1.38e-14      0.00 7.000e-01 2.990e-01 1.100e-03 5.880e-04 3.170e-03 -1.000 9.999e-04 7.066 8.957 8.545 7.535 6.920 6.360 5.642 5.121 4.977
0.00010 1.00e+07 0.4044643044    0.404 -0.890  3.6560  4.510    0  0.000  0.463     0.00     0.00 -1  1.43e-14      0.00 7.000e-01 2.990e-01 1.100e-03 5.880e-04 3.170e-03 -1.000 1.000e-03 6.995 8.828 8.441 7.447 6.841 6.288 5.580 5.064 4.924
0.00010 1.00e+07 0.4193291068    0.419 -0.865  3.6589  4.513    0  0.000  0.463     0.00     0.00 -1  1.48e-14      0.00 7.000e-01 2.990e-01 1.100e-03 5.880e-04 3.170e-03 -1.000 1.000e-03 6.934 8.716 8.353 7.372 6.775 6.228 5.529 5.017 4.879
0.00010 1.00e+07 0.4535714388    0.453 -0.811  3.6653  4.519    0  0.000  0.463     0.00     0.00 -1   1.6e-14      0.00 7.000e-01 2.990e-01 1.100e-03 5.880e-04 3.170e-03 -1.000 1.000e-03 6.798 8.469 8.158 7.207 6.627 6.094 5.414 4.912 4.781
0.00010 1.00e+07 0.5026785731    0.503 -0.731  3.6747  4.521    0  0.000  0.463     0.00     0.00 -1  1.83e-14      0.00 7.000e-01 2.990e-01 1.100e-03 5.880e-04 3.170e-03 -1.000 9.999e-04 6.597 8.108 7.872 6.965 6.410 5.897 5.243 4.757 4.634
0.00010 1.00e+07 0.5517857671    0.552 -0.654  3.6820  4.514    0  0.000  0.463     0.00     0.00 -1   2.1e-14      0.00 7.000e-01 2.990e-01 1.100e-03 5.880e-04 3.170e-03 -1.000 1.000e-03 6.405 7.793 7.615 6.742 6.208 5.709 5.076 4.600 4.486
0.00010 1.00e+07 0.5819629431    0.582 -0.605  3.6871  4.509    0  0.000  0.463     0.00     0.00 -1   2.3e-14      0.00 7.000e-01 2.990e-01 1.100e-03 5.880e-04 3.170e-03 -1.000 1.000e-03 6.284 7.590 7.451 6.603 6.082 5.593 4.974 4.505 4.396
0.00010 1.00e+07 0.6008928418    0.601 -0.576  3.6899  4.505    0  0.000  0.463     0.00     0.00 -1  2.43e-14      0.00 7.000e-01 2.990e-01 1.100e-03 5.880e-04 3.170e-03 -1.000 1.000e-03 6.211 7.473 7.356 6.521 6.006 5.523 4.911 4.447 4.340
0.00010 1.00e+07 0.6091828346    0.609 -0.564  3.6913  4.504    0  0.000  0.463     0.00     0.00 -1  2.49e-14      0.00 7.000e-01 2.990e-01 1.100e-03 5.880e-04 3.170e-03 -1.000 1.000e-03 6.180 7.419 7.312 6.485 5.973 5.493 4.885 4.423 4.317
0.00010 1.00e+07 0.6435077190    0.644 -0.502  3.6981  4.493    0  0.000  0.463     0.00     0.00 -1  2.83e-14      0.00 7.000e-01 2.990e-01 1.100e-03 5.880e-04 3.170e-03 -1.000 1.000e-03 6.024 7.159 7.102 6.307 5.812 5.346 4.755 4.303 4.204
0.00010 1.00e+07 0.6499999762    0.650 -0.489  3.6996  4.490    0  0.000  0.463     0.00     0.00 -1  2.91e-14      0.00 7.000e-01 2.990e-01 1.100e-03 5.880e-04 3.170e-03 -1.000 1.000e-03 5.993 7.107 7.060 6.272 5.781 5.317 4.729 4.280 4.182
0.00010 1.00e+07 0.6514105797    0.652 -0.486  3.6999  4.490    0  0.000  0.463     0.00     0.00 -1  2.92e-14      0.00 7.000e-01 2.990e-01 1.100e-03 5.880e-04 3.170e-03 -1.000 1.000e-03 5.986 7.096 7.051 6.265 5.774 5.311 4.724 4.275 4.177
0.00010 1.00e+07 0.6999999881    0.700 -0.380  3.7125  4.465    0  0.000  0.463     0.00     0.00 -1  3.69e-14      0.00 7.000e-01 2.990e-01 1.100e-03 5.880e-04 3.170e-03 -1.000 1.000e-03 5.719 6.655 6.692 5.967 5.504 5.064 4.508 4.077 3.990
0.00010 1.00e+07 0.7181035280    0.718 -0.339  3.7209  4.469    0  0.000  0.463     0.00     0.00 -1  3.97e-14      0.00 7.000e-01 2.990e-01 1.100e-03 5.880e-04 3.170e-03 -1.000 1.000e-03 5.618 6.447 6.533 5.847 5.403 4.978 4.442 4.022 3.943
0.00010 1.00e+07 0.7459789515    0.746 -0.261  3.7355  4.466    0  0.000  0.463     0.00     0.00 -1  4.67e-14      0.00 7.000e-01 2.990e-01 1.100e-03 5.880e-04 3.170e-03 -1.000 1.000e-03 5.423 6.090 6.250 5.629 5.214 4.814 4.312 3.912 3.845
0.00010 1.00e+07 0.7500000000    0.750 -0.250  3.7375  4.465    0  0.000  0.463     0.00     0.00 -1  4.78e-14      0.00 7.000e-01 2.990e-01 1.100e-03 5.880e-04 3.170e-03 -1.000 1.000e-03 5.395 6.039 6.209 5.598 5.188 4.791 4.294 3.896 3.831
0.00010 1.00e+07 0.7560219765    0.756 -0.234  3.7396  4.461    0  0.000  0.463     0.00     0.00 -1  4.96e-14      0.00 7.000e-01 2.990e-01 1.100e-03 5.880e-04 3.170e-03 -1.000 1.000e-03 5.355 5.981 6.159 5.556 5.149 4.756 4.264 3.868 3.805
0.00010 1.00e+07 0.7872810364    0.787 -0.143  3.7515  4.435    0  0.000  0.463     0.00     0.00 -1  6.17e-14      0.00 7.000e-01 2.990e-01 1.100e-03 5.880e-04 3.170e-03 -1.000 1.000e-03 5.127 5.650 5.871 5.314 4.931 4.557 4.091 3.712 3.659
0.00010 1.00e+07 0.8000000119    0.800 -0.103  3.7568  4.424    0  0.000  0.463     0.00     0.00 -1  6.79e-14      0.00 7.000e-01 2.990e-01 1.100e-03 5.880e-04 3.170e-03 -1.000 1.000e-03 5.028 5.514 5.748 5.211 4.837 4.472 4.018 3.646 3.597
0.00010 1.00e+07 0.8072504997    0.807 -0.081  3.7597  4.417    0  0.000  0.463     0.00     0.00 -1  7.17e-14      0.00 7.000e-01 2.990e-01 1.100e-03 5.880e-04 3.170e-03 -1.000 1.000e-03 4.972 5.437 5.679 5.152 4.784 4.423 3.975 3.608 3.562
0.00010 1.00e+07 0.8341882825    0.834  0.006  3.7713  4.391    0  0.000  0.463     0.00     0.00 -1  8.87e-14      0.00 7.000e-01 2.990e-01 1.100e-03 5.880e-04 3.170e-03 -1.000 1.000e-03 4.755 5.148 5.413 4.925 4.578 4.236 3.814 3.465 3.427
0.00010 1.00e+07 0.8500000238    0.850  0.057  3.7784  4.376    0  0.000  0.463     0.00     0.00 -1     1e-13      0.00 7.000e-01 2.990e-01 1.100e-03 5.880e-04 3.170e-03 -1.000 1.000e-03 4.628 4.983 5.258 4.793 4.458 4.127 3.721 3.384 3.350
0.00010 1.00e+07 0.8558432460    0.856  0.075  3.7810  4.371    0  0.000  0.463     0.00     0.00 -1  1.05e-13      0.00 7.000e-01 2.990e-01 1.100e-03 5.880e-04 3.170e-03 -1.000 1.000e-03 4.582 4.924 5.202 4.744 4.414 4.087 3.687 3.355 3.323
0.00010 1.00e+07 0.8862055540    0.886  0.165  3.7946  4.351    0  0.000  0.463     0.00     0.00 -1   1.3e-13      0.00 7.000e-01 2.990e-01 1.100e-03 5.880e-04 3.170e-03 -1.000 1.000e-03 4.359 4.649 4.930 4.510 4.203 3.898 3.530 3.222 3.198
0.00010 1.00e+07 0.8999999762    0.900  0.202  3.8010  4.346    0  0.000  0.463     0.00     0.00 -1  1.42e-13      0.00 7.000e-01 2.990e-01 1.100e-03 5.880e-04 3.170e-03 -1.000 1.000e-03 4.265 4.539 4.815 4.411 4.115 3.820 3.467 3.172 3.150
0.00010 1.00e+07 0.9137614369    0.913  0.238  3.8076  4.343    0  0.000  0.463     0.00     0.00 -1  1.53e-13      0.00 7.000e-01 2.990e-01 1.100e-03 5.880e-04 3.170e-03 -1.000 1.000e-03 4.175 4.431 4.703 4.316 4.031 3.746 3.409 3.127 3.107
0.00010 1.00e+07 0.9478586912    0.948  0.318  3.8247  4.348    0  0.000  0.463     0.00     0.00 -1   1.8e-13      0.00 7.000e-01 2.990e-01 1.100e-03 5.880e-04 3.170e-03 -1.000 1.000e-03 3.975 4.198 4.448 4.101 3.846 3.590 3.293 3.046 3.032
0.00010 1.00e+07 0.9499999881    0.950  0.323  3.8258  4.348    0  0.000  0.463     0.00     0.00 -1  1.82e-13      0.00 7.000e-01 2.990e-01 1.100e-03 5.880e-04 3.170e-03 -1.000 1.000e-03 3.963 4.185 4.433 4.088 3.835 3.581 3.286 3.042 3.028
0.00010 1.00e+07 0.9578540325    0.958  0.340  3.8302  4.352    0  0.000  0.463     0.00     0.00 -1  1.88e-13      0.00 7.000e-01 2.990e-01 1.100e-03 5.880e-04 3.170e-03 -1.000 1.000e-03 3.920 4.135 4.376 4.041 3.795 3.548 3.264 3.029 3.016
0.00010 1.00e+07 0.9655166268    0.965  0.357  3.8346  4.356    0  0.000  0.463     0.00     0.00 -1  1.94e-13      0.00 7.000e-01 2.990e-01 1.100e-03 5.880e-04 3.170e-03 -1.000 1.000e-03 3.878 4.087 4.321 3.996 3.758 3.518 3.244 3.018 3.006
0.00010 1.00e+07 0.9926138520    0.993  0.401  3.8487  4.381    0  0.000  0.463     0.00     0.00 -1  2.06e-13      0.00 7.000e-01 2.990e-01 1.100e-03 5.880e-04 3.170e-03 -1.000 9.999e-04 3.769 3.963 4.169 3.874 3.661 3.446 3.205 3.009 2.999
0.00010 1.00e+07 1.0000000000    1.000  0.412  3.8528  4.389    0  0.000  0.463     0.00     0.00 -1  2.09e-13      0.00 7.000e-01 2.990e-01 1.100e-03 5.880e-04 3.170e-03 -1.000 1.000e-03 3.739 3.931 4.128 3.842 3.635 3.428 3.196 3.009 3.000
0.00010 1.00e+07 1.0042675734    1.005  0.419  3.8553  4.395    0  0.000  0.463     0.00     0.00 -1  2.09e-13      0.00 7.000e-01 2.990e-01 1.100e-03 5.880e-04 3.170e-03 -1.000 1.000e-03 3.723 3.914 4.105 3.824 3.622 3.419 3.193 3.011 3.002
0.00010 1.00e+07 1.0448205471    1.045  0.458  3.8751  4.452    0  0.000  0.463     0.00     0.00 -1  1.98e-13      0.00 7.000e-01 2.990e-01 1.100e-03 5.880e-04 3.170e-03 -1.000 1.000e-03 3.626 3.808 3.955 3.712 3.545 3.378 3.197 3.054 3.048
0.00010 1.00e+07 1.0499999523    1.050  0.462  3.8776  4.460    0  0.000  0.463     0.00     0.00 -1  1.97e-13      0.00 7.000e-01 2.990e-01 1.100e-03 5.880e-04 3.170e-03 -1.000 1.000e-03 3.615 3.797 3.937 3.699 3.537 3.374 3.199 3.062 3.056
0.00010 1.00e+07 1.0535492897    1.053  0.465  3.8796  4.466    0  0.000  0.463     0.00     0.00 -1  1.95e-13      0.00 7.000e-01 2.990e-01 1.100e-03 5.880e-04 3.170e-03 -1.000 1.000e-03 3.608 3.789 3.925 3.691 3.533 3.373 3.202 3.068 3.063
0.00010 1.00e+07 1.1000000238    1.100  0.498  3.8982  4.526    0  0.000  0.463     0.00     0.00 -1  1.78e-13      0.00 7.000e-01 2.990e-01 1.100e-03 5.880e-04 3.170e-03 -1.000 1.000e-03 3.526 3.706 3.801 3.601 3.476 3.350 3.220 3.122 3.117
0.00010 1.00e+07 1.1060844660    1.106  0.503  3.9004  4.533    0  0.000  0.463     0.00     0.00 -1  1.77e-13      0.00 7.000e-01 2.990e-01 1.100e-03 5.880e-04 3.170e-03 -1.000 1.000e-03 3.514 3.694 3.784 3.588 3.467 3.346 3.220 3.126 3.121
0.00010 1.00e+07 1.1499999762    1.150  0.553  3.9157  4.561    0  0.000  0.463     0.00     0.00 -1  1.74e-13      0.00 7.000e-01 2.990e-01 1.100e-03 5.880e-04 3.170e-03 -1.000 1.000e-03 3.389 3.572 3.629 3.463 3.369 3.276 3.181 3.113 3.109
0.00010 1.00e+07 1.1965683699    1.196  0.603  3.9318  4.592    0  0.000  0.463     0.00     0.00 -1  1.69e-13      0.00 7.000e-01 2.990e-01 1.100e-03 5.880e-04 3.170e-03 -1.000 1.000e-03 3.262 3.453 3.483 3.349 3.284 3.217 3.152 3.107 3.103
0.00010 1.00e+07 1.2000000477    1.200  0.608  3.9330  4.593    0  0.000  0.463     0.00     0.00 -1   1.7e-13      0.00 7.000e-01 2.990e-01 1.100e-03 5.880e-04 3.170e-03 -1.000 1.000e-03 3.250 3.441 3.469 3.338 3.274 3.210 3.147 3.104 3.100
0.00010 1.00e+07 1.2285790443    1.229  0.647  3.9424  4.602    0  0.000  0.463     0.00     0.00 -1  1.71e-13      0.00 7.000e-01 2.990e-01 1.100e-03 5.880e-04 3.170e-03 -1.000 1.000e-03 3.151 3.351 3.370 3.258 3.209 3.158 3.110 3.077 3.073
0.00010 1.00e+07 1.2500000000    1.250  0.676  3.9493  4.608    0  0.000  0.463     0.00     0.00 -1  1.71e-13      0.00 7.000e-01 2.990e-01 1.100e-03 5.880e-04 3.170e-03 -1.000 1.000e-03 3.079 3.284 3.299 3.201 3.161 3.120 3.082 3.057 3.053
0.00010 1.00e+07 1.2999999523    1.300  0.742  3.9647  4.621    0  0.000  0.463     0.00     0.00 -1  1.71e-13      0.00 7.000e-01 2.990e-01 1.100e-03 5.880e-04 3.170e-03 -1.000 1.000e-03 2.915 3.133 3.152 3.081 3.060 3.037 3.022 3.009 3.007
0.00010 1.00e+07 1.3472667933    1.348  0.799  3.9782  4.634    0  0.000  0.463     0.00     0.00 -1  1.66e-13      0.00 7.000e-01 2.990e-01 1.100e-03 5.880e-04 3.170e-03 -1.000 1.000e-03 2.773 3.002 3.036 2.986 2.978 2.969 2.972 2.968 2.969
0.00010 1.00e+07 1.3500000238    1.350  0.803  3.9791  4.634    0  0.000  0.463     0.00     0.00 -1  1.66e-13      0.00 7.000e-01 2.990e-01 1.100e-03 5.880e-04 3.170e-03 -1.000 1.000e-03 2.764 2.993 3.029 2.980 2.973 2.964 2.968 2.965 2.966
0.00010 1.00e+07 1.3999999762    1.401  0.868  3.9937  4.643    0  0.000  0.463     0.00     0.00 -1  1.61e-13      0.00 7.000e-01 2.990e-01 1.100e-03 5.880e-04 3.170e-03 -1.000 1.000e-03 2.600 2.842 2.904 2.876 2.880 2.884 2.905 2.911 2.914
0.00010 1.00e+07 1.4500000477    1.451  0.931  4.0077  4.651    0  0.000  0.463     0.00     0.00 -1  1.51e-13      0.00 7.000e-01 2.990e-01 1.100e-03 5.880e-04 3.170e-03 -1.000 1.000e-03 2.443 2.700 2.793 2.784 2.795 2.809 2.846 2.858 2.865
0.00010 1.00e+07 1.5000000000    1.500  0.992  4.0213  4.659    0  0.000  0.463     0.00     0.00 -1  1.35e-13      0.00 7.000e-01 2.990e-01 1.100e-03 5.880e-04 3.170e-03 -1.000 1.000e-03 2.289 2.563 2.690 2.697 2.715 2.737 2.789 2.807 2.817
0.00010 1.00e+07 1.5499999523    1.550  1.050  4.0340  4.667    0  0.000  0.463     0.00     0.00 -1  1.13e-13      0.00 7.000e-01 2.990e-01 1.100e-03 5.880e-04 3.170e-03 -1.000 1.000e-03 2.146 2.439 2.599 2.620 2.643 2.672 2.737 2.759 2.772
0.00010 1.00e+07 1.6000000238    1.600  1.105  4.0462  4.674    0  0.000  0.463     0.00     0.00 -1         0      0.00 7.000e-01 2.990e-01 1.100e-03 5.880e-04 3.170e-03 -1.000 1.000e-03 2.008 2.320 2.513 2.547 2.574 2.608 2.686 2.711 2.727
0.00010 1.00e+07 1.6499999762    1.650  1.158  4.0577  4.680    0  0.000  0.463     0.00     0.00 -1         0      0.00 7.000e-01 2.990e-01 1.100e-03 5.880e-04 3.170e-03 -1.000 1.000e-03 1.876 2.209 2.435 2.478 2.509 2.548 2.636 2.665 2.684
0.00010 1.00e+07 1.7000000477    1.700  1.210  4.0691  4.687    0  0.000  0.463     0.00     0.00 -1         0      0.00 7.000e-01 2.990e-01 1.100e-03 5.880e-04 3.170e-03 -1.000 1.000e-03 1.746 2.102 2.359 2.411 2.445 2.489 2.588 2.620 2.641
0.00010 1.00e+07 1.7500000000    1.749  1.260  4.0799  4.693    0  0.000  0.463     0.00     0.00 -1         0      0.00 7.000e-01 2.990e-01 1.100e-03 5.880e-04 3.170e-03 -1.000 1.000e-03 1.621 2.000 2.287 2.347 2.385 2.433 2.541 2.576 2.600
0.00010 1.00e+07 1.7999999523    1.799  1.307  4.0901  4.699    0  0.000  0.463     0.00     0.00 -1         0      0.00 7.000e-01 2.990e-01 1.100e-03 5.880e-04 3.170e-03 -1.000 1.000e-03 1.503 1.906 2.219 2.288 2.327 2.379 2.497 2.534 2.560
0.00010 1.00e+07 1.8500000238    1.849  1.353  4.1001  4.704    0  0.000  0.463     0.00     0.00 -1         0      0.00 7.000e-01 2.990e-01 1.100e-03 5.880e-04 3.170e-03 -1.000 1.000e-03 1.387 1.814 2.154 2.229 2.272 2.327 2.454 2.493 2.521
0.00010 1.00e+07 1.8999999762    1.900  1.399  4.1100  4.710    0  0.000  0.463     0.00     0.00 -1         0      0.00 7.000e-01 2.990e-01 1.100e-03 5.880e-04 3.170e-03 -1.000 1.000e-03 1.274 1.726 2.092 2.172 2.218 2.277 2.411 2.453 2.483
0.00010 1.00e+07 1.9500000477    1.950  1.442  4.1193  4.716    0  0.000  0.463     0.00     0.00 -1         0      0.00 7.000e-01 2.990e-01 1.100e-03 5.880e-04 3.170e-03 -1.000 1.000e-03 1.166 1.643 2.032 2.118 2.166 2.228 2.370 2.414 2.446
0.00010 1.00e+07 2.0000000000    2.001  1.484  4.1284  4.721    0  0.000  0.463     0.00     0.00 -1         0      0.00 7.000e-01 2.990e-01 1.100e-03 5.880e-04 3.170e-03 -1.000 1.000e-03 1.060 1.563 1.974 2.065 2.115 2.181 2.330 2.376 2.410
0.00010 1.00e+07 2.0499999523    2.050  1.526  4.1375  4.725    0  0.000  0.463     0.00     0.00 -1         0      0.00 7.000e-01 2.990e-01 1.100e-03 5.880e-04 3.170e-03 -1.000 9.999e-04 0.955 1.484 1.916 2.013 2.065 2.134 2.290 2.338 2.374
0.00010 1.00e+07 2.0999999046    2.100  1.565  4.1456  4.730    0  0.000  0.463     0.00     0.00 -1         0      0.00 7.000e-01 2.990e-01 1.100e-03 5.880e-04 3.170e-03 -1.000 1.000e-03 0.858 1.411 1.863 1.964 2.018 2.090 2.253 2.302 2.340
0.00010 1.00e+07 2.1500000954    2.149  1.603  4.1537  4.734    0  0.000  0.463     0.00     0.00 -1         0      0.00 7.000e-01 2.990e-01 1.100e-03 5.880e-04 3.170e-03 -1.000 1.000e-03 0.762 1.339 1.810 1.915 1.971 2.046 2.215 2.266 2.305
0.00010 1.00e+07 2.2000000477    2.199  1.641  4.1617  4.738    0  0.000  0.463     0.00     0.00 -1         0      0.00 7.000e-01 2.990e-01 1.100e-03 5.880e-04 3.170e-03 -1.000 1.000e-03 0.666 1.269 1.758 1.867 1.926 2.003 2.178 2.231 2.272
0.00010 1.00e+07 2.2500000000    2.249  1.678  4.1694  4.742    0  0.000  0.463     0.00     0.00 -1         0      0.00 7.000e-01 2.990e-01 1.100e-03 5.880e-04 3.170e-03 -1.000 1.000e-03 0.575 1.202 1.708 1.822 1.882 1.961 2.142 2.197 2.239
0.00010 1.00e+07 2.2999999523    2.299  1.713  4.1768  4.745    0  0.000  0.463     0.00     0.00 -1         0      0.00 7.000e-01 2.990e-01 1.100e-03 5.880e-04 3.170e-03 -1.000 1.000e-03 0.487 1.137 1.659 1.776 1.838 1.920 2.106 2.163 2.207
0.00010 1.00e+07 2.4000000954    2.400  1.782  4.1908  4.752    0  0.000  0.463     0.00     0.00 -1         0      0.00 7.000e-01 2.990e-01 1.100e-03 5.880e-04 3.170e-03 -1.000 1.000e-03 0.316 1.012 1.564 1.689 1.754 1.841 2.036 2.097 2.143
0.00010 1.00e+07 2.5999999046    2.601  1.909  4.2156  4.759    0  0.000  0.463     0.00     0.00 -1         0      0.00 7.000e-01 2.990e-01 1.100e-03 5.880e-04 3.170e-03 -1.000 1.000e-03 -0.002 0.779 1.381 1.519 1.591 1.685 1.899 1.964 2.014
0.00010 1.00e+07 2.6330366135    2.634  1.928  4.2193  4.759    0  0.000  0.463     0.00     0.00 -1         0      0.00 7.000e-01 2.990e-01 1.100e-03 5.880e-04 3.170e-03 -1.000 1.000e-03 -0.051 0.742 1.352 1.492 1.564 1.660 1.876 1.942 1.993
0.00010 1.00e+07 2.7999999523    2.801  2.025  4.2369  4.760    0  0.000  0.463     0.00     0.00 -1         0      0.00 7.000e-01 2.990e-01 1.100e-03 5.880e-04 3.170e-03 -1.000 1.000e-03 -0.292 0.563 1.207 1.356 1.433 1.534 1.762 1.832 1.886
0.00010 1.00e+07 2.8641710281    2.865  2.059  4.2433  4.761    0  0.000  0.463     0.00     0.00 -1         0      0.00 7.000e-01 2.990e-01 1.100e-03 5.880e-04 3.170e-03 -1.000 1.000e-03 -0.379 0.499 1.155 1.307 1.385 1.489 1.721 1.792 1.847
0.00010 1.00e+07 3.0000000000    3.001  2.131  4.2564  4.762    0  0.000  0.463     0.00     0.00 -1         0      0.00 7.000e-01 2.990e-01 1.100e-03 5.880e-04 3.170e-03 -1.000 1.000e-03 -0.557 0.367 1.049 1.208 1.289 1.396 1.637 1.711 1.769
0.00010 1.00e+07 3.2000000477    3.200  2.230  4.2734  4.759    0  0.000  0.463     0.00     0.00 -1         0      0.00 7.000e-01 2.990e-01 1.100e-03 5.880e-04 3.170e-03 -1.000 1.000e-03 -0.806 0.179 0.893 1.061 1.145 1.258 1.510 1.587 1.648
0.00010 1.00e+07 3.3756005764    3.375  2.312  4.2868  4.754    0  0.000  0.463     0.00     0.00 -1         0      0.00 7.000e-01 2.990e-01 1.100e-03 5.880e-04 3.170e-03 -1.000 1.000e-03 -1.009 0.025 0.763 0.937 1.025 1.141 1.402 1.482 1.545
0.00010 1.00e+07 3.4000003338    3.399  2.322  4.2887  4.754    0  0.000  0.463     0.00     0.00 -1         0      0.00 7.000e-01 2.990e-01 1.100e-03 5.880e-04 3.170e-03 -1.000 1.000e-03 -1.036 0.004 0.745 0.921 1.009 1.126 1.387 1.468 1.531
0.00010 1.00e+07 3.5999999046    3.599  2.408  4.3027  4.749    0  0.000  0.463     0.00     0.00 -1         0      0.00 7.000e-01 2.990e-01 1.100e-03 5.880e-04 3.170e-03 -1.000 1.000e-03 -1.251 -0.160 0.607 0.789 0.880 1.001 1.272 1.355 1.422
0.00010 1.00e+07 3.8000001907    3.799  2.490  4.3156  4.742    0  0.000  0.463     0.00     0.00 -1         0      0.00 7.000e-01 2.990e-01 1.100e-03 5.880e-04 3.170e-03 -1.000 1.000e-03 -1.454 -0.316 0.473 0.662 0.756 0.880 1.159 1.245 1.314
0.00010 1.00e+07 3.8633253574    3.863  2.514  4.3195  4.741    0  0.000  0.463     0.00     0.00 -1         0      0.00 7.000e-01 2.990e-01 1.100e-03 5.880e-04 3.170e-03 -1.000 1.000e-03 -1.516 -0.364 0.433 0.623 0.718 0.844 1.125 1.211 1.281
0.00010 1.00e+07 4.0000000000    4.002  2.566  4.3278  4.737    0  0.000  0.463     0.00     0.00 -1         0      0.00 7.000e-01 2.990e-01 1.100e-03 5.880e-04 3.170e-03 -1.000 1.000e-03 -1.646 -0.463 0.347 0.542 0.639 0.766 1.052 1.140 1.212
0.00010 1.00e+07 4.1999998093    4.199  2.639  4.3390  4.730    0  0.000  0.463     0.00     0.00 -1         0      0.00 7.000e-01 2.990e-01 1.100e-03 5.880e-04 3.170e-03 -1.000 1.000e-03 -1.829 -0.605 0.224 0.425 0.524 0.655 0.947 1.037 1.110
0.00010 1.00e+07 4.3999996185    4.398  2.709  4.3493  4.722    0  0.000  0.463     0.00     0.00 -1         0      0.00 7.000e-01 2.990e-01 1.100e-03 5.880e-04 3.170e-03 -1.000 9.999e-04 -2.002 -0.739 0.107 0.312 0.414 0.548 0.846 0.938 1.013
0.00010 1.00e+07 4.5999999046    4.599  2.774  4.3592  4.715    0  0.000  0.463     0.00     0.00 -1         0      0.00 7.000e-01 2.990e-01 1.100e-03 5.880e-04 3.170e-03 -1.000 1.000e-03 -2.166 -0.867 -0.005 0.205 0.308 0.445 0.749 0.844 0.920
0.00010 1.00e+07 4.8000001907    4.799  2.837  4.3685  4.708    0  0.000  0.463     0.00     0.00 -1         0      0.00 7.000e-01 2.990e-01 1.100e-03 5.880e-04 3.170e-03 -1.000 1.000e-03 -2.324 -0.990 -0.113 0.102 0.207 0.346 0.656 0.752 0.830
0.00010 1.00e+07 5.0000000000    5.000  2.898  4.3773  4.700    0  0.000  0.463     0.00     0.00 -1         0      0.00 7.000e-01 2.990e-01 1.100e-03 5.880e-04 3.170e-03 -1.000 1.000e-03 -2.474 -1.108 -0.218 0.002 0.109 0.251 0.565 0.663 0.744
0.00010 1.00e+07 5.1999998093    5.201  2.956  4.3856  4.693    0  0.000  0.463     0.00     0.00 -1         0      0.00 7.000e-01 2.990e-01 1.100e-03 5.880e-04 3.170e-03 -1.000 1.000e-03 -2.620 -1.222 -0.319 -0.096 0.013 0.157 0.477 0.577 0.659
0.00010 1.00e+07 5.4000000954    5.402  3.011  4.3934  4.685    0  0.000  0.463     0.00     0.00 -1         0      0.00 7.000e-01 2.990e-01 1.100e-03 5.880e-04 3.170e-03 -1.000 1.000e-03 -2.759 -1.331 -0.417 -0.190 -0.080 0.067 0.391 0.492 0.576
0.00010 1.00e+07 5.5999999046    5.602  3.065  4.4009  4.677    0  0.000  0.463     0.00     0.00 -1         0      0.00 7.000e-01 2.990e-01 1.100e-03 5.880e-04 3.170e-03 -1.000 1.000e-03 -2.892 -1.437 -0.512 -0.281 -0.169 -0.020 0.309 0.412 0.497
0.00010 1.00e+07 5.8000001907    5.802  3.116  4.4081  4.670    0  0.000  0.463     0.00     0.00 -1         0      0.00 7.000e-01 2.990e-01 1.100e-03 5.880e-04 3.170e-03 -1.000 1.000e-03 -3.021 -1.540 -0.604 -0.370 -0.256 -0.105 0.227 0.332 0.418
0.00010 1.00e+07 6.0000000000    6.002  3.167  4.4149  4.661    0  0.000  0.463     0.00     0.00 -1         0      0.00 7.000e-01 2.990e-01 1.100e-03 5.880e-04 3.170e-03 -1.000 1.000e-03 -3.146 -1.641 -0.696 -0.458 -0.342 -0.189 0.147 0.253 0.341
0.00010 1.00e+07 6.1999998093    6.201  3.215  4.4215  4.654    0  0.000  0.463     0.00     0.00 -1         0      0.00 7.000e-01 2.990e-01 1.100e-03 5.880e-04 3.170e-03 -1.000 1.000e-03 -3.267 -1.738 -0.784 -0.542 -0.425 -0.270 0.069 0.177 0.266
0.00010 1.00e+07 6.4000000954    6.400  3.262  4.4278  4.646    0  0.000  0.463     0.00     0.00 -1         0      0.00 7.000e-01 2.990e-01 1.100e-03 5.880e-04 3.170e-03 -1.000 1.000e-03 -3.384 -1.833 -0.870 -0.625 -0.507 -0.350 -0.007 0.102 0.193
0.00010 1.00e+07 6.6498408318    6.649  3.318  4.4353  4.636    0  0.000  0.463     0.00     0.00 -1         0      0.00 7.000e-01 2.990e-01 1.100e-03 5.880e-04 3.170e-03 -1.000 1.000e-03 -3.525 -1.949 -0.975 -0.726 -0.606 -0.448 -0.100 0.011 0.103
0.00010 1.00e+07 7.0000000000    6.998  3.394  4.4452  4.622    0  0.000  0.463     0.00     0.00 -1         0      0.00 7.000e-01 2.990e-01 1.100e-03 5.880e-04 3.170e-03 -1.000 1.000e-03 -3.716 -2.106 -1.118 -0.865 -0.743 -0.581 -0.228 -0.114 -0.020
0.00010 1.00e+07 7.4250454903    7.425  3.481  4.4564  4.605    0  0.000  0.463     0.00     0.00 -1         0      0.00 7.000e-01 2.990e-01 1.100e-03 5.880e-04 3.170e-03 -1.000 1.000e-03 -3.933 -2.289 -1.285 -1.026 -0.901 -0.737 -0.376 -0.261 -0.164
0.00010 1.00e+07 7.9857358932    7.989  3.590  4.4700  4.583    0  0.000  0.463     0.00     0.00 -1         0      0.00 7.000e-01 2.990e-01 1.100e-03 5.880e-04 3.170e-03 -1.000 1.000e-03 -4.205 -2.522 -1.498 -1.232 -1.105 -0.936 -0.568 -0.449 -0.350
0.00010 1.00e+07 8.0000000000    8.003  3.593  4.4704  4.582    0  0.000  0.463     0.00     0.00 -1         0      0.00 7.000e-01 2.990e-01 1.100e-03 5.880e-04 3.170e-03 -1.000 1.000e-03 -4.212 -2.528 -1.503 -1.237 -1.110 -0.941 -0.573 -0.454 -0.355
0.00010 1.00e+07 8.1013650894    8.104  3.611  4.4727  4.578    0  0.000  0.463     0.00     0.00 -1         0      0.00 7.000e-01 2.990e-01 1.100e-03 5.880e-04 3.170e-03 -1.000 9.999e-04 -4.258 -2.568 -1.541 -1.273 -1.146 -0.976 -0.607 -0.487 -0.387
0.00010 1.00e+07 8.5946931839    8.594  3.700  4.4833  4.558    0  0.000  0.463     0.00     0.00 -1         0      0.00 7.000e-01 2.990e-01 1.100e-03 5.880e-04 3.170e-03 -1.000 1.000e-03 -4.479 -2.762 -1.718 -1.446 -1.316 -1.144 -0.768 -0.647 -0.545
0.00010 1.00e+07 9.0000000000    8.997  3.769  4.4914  4.541    0  0.000  0.463     0.00     0.00 -1         0      0.00 7.000e-01 2.990e-01 1.100e-03 5.880e-04 3.170e-03 -1.000 1.000e-03 -4.653 -2.917 -1.861 -1.585 -1.454 -1.280 -0.899 -0.777 -0.674
0.00010 1.00e+07 9.4363622665    9.435  3.841  4.4996  4.522    0  0.000  0.463     0.00     0.00 -1         0      0.00 7.000e-01 2.990e-01 1.100e-03 5.880e-04 3.170e-03 -1.000 1.000e-03 -4.832 -3.077 -2.010 -1.730 -1.597 -1.421 -1.037 -0.913 -0.809
0.00010 1.00e+07 10.0000000000   10.000  3.930  4.5092  4.497    1  0.000  0.463     0.00     0.00 -1         0      0.00 7.000e-01 2.990e-01 1.100e-03 5.880e-04 3.170e-03 -1.000 1.000e-03 -5.056 -3.280 -2.198 -1.914 -1.779 -1.602 -1.214 -1.088 -0.983
0.00010 1.00e+07 10.3695945740   10.372  3.986  4.5150  4.480    1  0.000  0.463     0.00     0.00 -1         0      0.00 7.000e-01 2.990e-01 1.100e-03 5.880e-04 3.170e-03 -1.000 1.000e-03 -5.195 -3.406 -2.316 -2.030 -1.895 -1.717 -1.326 -1.201 -1.095
0.00010 1.00e+07 10.9208431244   10.925  4.067  4.5229  4.454    1  0.000  0.463     0.00     0.00 -1         0      0.00 7.000e-01 2.990e-01 1.100e-03 5.880e-04 3.170e-03 -1.000 1.000e-03 -5.396 -3.588 -2.488 -2.199 -2.064 -1.885 -1.492 -1.365 -1.259
0.00010 1.00e+07 11.0000000000   11.004  4.078  4.5240  4.450    1  0.000  0.463     0.00     0.00 -1         0      0.00 7.000e-01 2.990e-01 1.100e-03 5.880e-04 3.170e-03 -1.000 1.000e-03 -5.425 -3.614 -2.512 -2.223 -2.087 -1.909 -1.515 -1.388 -1.282
0.00010 1.00e+07 11.1416702271   11.146  4.098  4.5259  4.443    1  0.000  0.463     0.00     0.00 -1         0      0.00 7.000e-01 2.990e-01 1.100e-03 5.880e-04 3.170e-03 -1.000 1.000e-03 -5.474 -3.658 -2.553 -2.264 -2.128 -1.950 -1.555 -1.429 -1.323
0.00010 1.00e+07 11.6775274277   11.682  4.172  4.5325  4.416    1  0.000  0.463     0.00     0.00 -1         0      0.00 7.000e-01 2.990e-01 1.100e-03 5.880e-04 3.170e-03 -1.000 1.000e-03 -5.660 -3.823 -2.711 -2.419 -2.284 -2.105 -1.709 -1.582 -1.476
0.00010 1.00e+07 12.0000000000   12.004  4.216  4.5362  4.398    1  0.000  0.463     0.00     0.00 -1         0      0.00 7.000e-01 2.990e-01 1.100e-03 5.880e-04 3.170e-03 -1.000 1.000e-03 -5.770 -3.923 -2.805 -2.513 -2.378 -2.199 -1.802 -1.675 -1.569
0.00010 1.00e+07 12.4181165695   12.420  4.271  4.5403  4.375    1  0.000  0.463     0.00     0.00 -1         0      0.00 7.000e-01 2.990e-01 1.100e-03 5.880e-04 3.170e-03 -1.000 1.000e-03 -5.906 -4.044 -2.922 -2.629 -2.494 -2.316 -1.919 -1.792 -1.685
0.00010 1.00e+07 12.8714313507   12.871  4.329  4.5442  4.348    1  0.000  0.463     0.00     0.00 -1         0      0.00 7.000e-01 2.990e-01 1.100e-03 5.880e-04 3.170e-03 -1.000 9.999e-04 -6.051 -4.174 -3.048 -2.755 -2.620 -2.442 -2.045 -1.918 -1.812
0.00010 1.00e+07 13.3150548935   13.312  4.384  4.5476  4.320    1  0.000  0.463     0.00     0.00 -1         0      0.00 7.000e-01 2.990e-01 1.100e-03 5.880e-04 3.170e-03 -1.000 1.000e-03 -6.191 -4.300 -3.171 -2.877 -2.743 -2.566 -2.168 -2.042 -1.935
0.00010 1.00e+07 13.7155437469   13.710  4.434  4.5499  4.292    1  0.000  0.463     0.00     0.00 -1         0      0.00 7.000e-01 2.990e-01 1.100e-03 5.880e-04 3.170e-03 -1.000 1.000e-03 -6.316 -4.417 -3.284 -2.991 -2.857 -2.680 -2.283 -2.157 -2.050
0.00010 1.00e+07 13.9999990463   13.994  4.470  4.5512  4.271    1  0.000  0.463     0.00     0.00 -1         0      0.00 7.000e-01 2.990e-01 1.100e-03 5.880e-04 3.170e-03 -1.000 1.000e-03 -6.405 -4.501 -3.367 -3.073 -2.940 -2.763 -2.366 -2.240 -2.134
0.00010 1.00e+07 14.2238912582   14.219  4.496  4.5520  4.255    1  0.000  0.463     0.00     0.00 -1         0      0.00 7.000e-01 2.990e-01 1.100e-03 5.880e-04 3.170e-03 -1.000 1.000e-03 -6.471 -4.563 -3.428 -3.135 -3.001 -2.825 -2.428 -2.303 -2.196
0.00010 1.00e+07 14.7365474701   14.734  4.556  4.5532  4.214    1  0.000  0.463     0.00     0.00 -1         0      0.00 7.000e-01 2.990e-01 1.100e-03 5.880e-04 3.170e-03 -1.000 1.000e-03 -6.621 -4.709 -3.572 -3.279 -3.146 -2.971 -2.575 -2.450 -2.343
0.00010 1.00e+07 15.2272367477   15.227  4.613  4.5531  4.172    1  0.000  0.463     0.00     0.00 -1         0      0.00 7.000e-01 2.990e-01 1.100e-03 5.880e-04 3.170e-03 -1.000 1.000e-03 -6.763 -4.854 -3.715 -3.423 -3.291 -3.116 -2.721 -2.596 -2.489
0.00010 1.00e+07 15.6537418365   15.656  4.663  4.5518  4.129    1  0.000  0.463     0.00     0.00 -1         0      0.00 7.000e-01 2.990e-01 1.100e-03 5.880e-04 3.170e-03 -1.000 1.000e-03 -6.888 -4.987 -3.849 -3.557 -3.426 -3.251 -2.856 -2.731 -2.625
0.00010 1.00e+07 16.0000000000   16.002  4.703  4.5498  4.090    1  0.000  0.463     0.00     0.00 -1         0      0.00 7.000e-01 2.990e-01 1.100e-03 5.880e-04 3.170e-03 -1.000 1.000e-03 -6.989 -5.101 -3.963 -3.672 -3.540 -3.367 -2.972 -2.847 -2.741
0.00010 1.00e+07 16.4482936859   16.447  4.753  4.5465  4.039    1  0.000  0.463     0.00     0.00 -1         0      0.00 7.000e-01 2.990e-01 1.100e-03 5.880e-04 3.170e-03 -1.000 1.000e-03 -7.112 -5.243 -4.106 -3.816 -3.685 -3.512 -3.118 -2.993 -2.888
0.00010 1.00e+07 16.9081935883   16.903  4.804  4.5408  3.978    1  0.000  0.463     0.00     0.00 -1         0      0.00 7.000e-01 2.990e-01 1.100e-03 5.880e-04 3.170e-03 -1.000 1.000e-03 -7.239 -5.401 -4.267 -3.978 -3.848 -3.674 -3.281 -3.156 -3.050
0.00010 1.00e+07 17.3190040588   17.310  4.849  4.5338  3.914    1  0.000  0.463     0.00     0.00 -1         0      0.00 7.000e-01 2.990e-01 1.100e-03 5.880e-04 3.170e-03 -1.000 1.000e-03 -7.354 -5.548 -4.421 -4.132 -4.001 -3.827 -3.434 -3.309 -3.204
0.00010 1.00e+07 17.7082901001   17.696  4.893  4.5256  3.848    1  0.000  0.463     0.00     0.00 -1         0      0.00 7.000e-01 2.990e-01 1.100e-03 5.880e-04 3.170e-03 -1.000 9.999e-04 -7.462 -5.691 -4.571 -4.283 -4.152 -3.977 -3.585 -3.460 -3.355
0.00010 1.00e+07 18.0000000000   17.986  4.926  4.5174  3.788    1  0.000  0.463     0.00     0.00 -1         0      0.00 7.000e-01 2.990e-01 1.100e-03 5.880e-04 3.170e-03 -1.000 9.999e-04 -7.546 -5.805 -4.695 -4.407 -4.277 -4.102 -3.711 -3.587 -3.482
0.00010 1.00e+07 18.3297367096   18.316  4.963  4.5091  3.726    1  0.000  0.463     0.00     0.00 -1         0      0.00 7.000e-01 2.990e-01 1.100e-03 5.880e-04 3.170e-03 -1.000 1.000e-03 -7.638 -5.925 -4.823 -4.538 -4.407 -4.233 -3.844 -3.720 -3.616
0.00010 1.00e+07 18.4772300720   18.464  4.980  4.5071  3.704    1  0.000  0.463     0.00     0.00 -1         0      0.00 7.000e-01 2.990e-01 1.100e-03 5.880e-04 3.170e-03 -1.000 1.000e-03 -7.680 -5.976 -4.876 -4.591 -4.461 -4.287 -3.899 -3.775 -3.671
0.00010 1.00e+07 18.6352386475   18.622  5.005  4.5210  3.739    1  0.000  0.463     0.00     0.00 -1         0      0.00 7.000e-01 2.990e-01 1.100e-03 5.880e-04 3.170e-03 -1.000 1.000e-03 -7.742 -5.989 -4.874 -4.586 -4.455 -4.281 -3.889 -3.764 -3.659
0.00010 1.00e+07 18.6636486053   18.650  5.014  4.5294  3.765    1  0.000  0.463     0.00     0.00 -1         0      0.00 7.000e-01 2.990e-01 1.100e-03 5.880e-04 3.170e-03 -1.000 1.000e-03 -7.764 -5.977 -4.854 -4.565 -4.435 -4.260 -3.868 -3.742 -3.637
0.00010 1.00e+07 18.6761951447   18.663  5.025  4.5399  3.796    1  0.000  0.463     0.00     0.00 -1         0      0.00 7.000e-01 2.990e-01 1.100e-03 5.880e-04 3.170e-03 -1.000 1.000e-03 -7.793 -5.959 -4.826 -4.537 -4.406 -4.233 -3.839 -3.714 -3.609
0.00010 1.00e+07 18.6804370880   18.667  5.034  4.5473  3.816    1  0.000  0.463     0.00     0.00 -1         0      0.00 7.000e-01 2.990e-01 1.100e-03 5.880e-04 3.170e-03 -1.000 1.000e-03 -7.816 -5.946 -4.807 -4.517 -4.387 -4.214 -3.821 -3.697 -3.591
0.00010 1.00e+07 18.6836738586   18.670  5.043  4.5541  3.834    1  0.000  0.463     0.00     0.00 -1         0      0.00 7.000e-01 2.990e-01 1.100e-03 5.880e-04 3.170e-03 -1.000 1.000e-03 -7.839 -5.931 -4.788 -4.498 -4.368 -4.196 -3.803 -3.679 -3.573
0.00010 1.00e+07 18.6878223419   18.675  5.035  4.5455  3.809    2  0.000  0.463     0.00     0.00 -1         0      0.00 7.000e-01 2.990e-01 1.100e-03 5.880e-04 3.170e-03 -1.000 1.000e-03 -7.817 -5.955 -4.818 -4.528 -4.398 -4.225 -3.832 -3.707 -3.602
0.00010 1.00e+07 18.6898231506   18.677  5.034  4.5381  3.780    2  0.000  0.463     0.00     0.00 -1         0      0.00 7.000e-01 2.990e-01 1.100e-03 5.880e-04 3.170e-03 -1.000 1.000e-03 -7.815 -5.990 -4.859 -4.569 -4.439 -4.265 -3.872 -3.747 -3.641
0.00010 1.00e+07 18.6913108826   18.678  5.036  4.5304  3.747    2  0.000  0.463     0.00     0.00 -1         0      0.00 7.000e-01 2.990e-01 1.100e-03 5.880e-04 3.170e-03 -1.000 1.000e-03 -7.821 -6.030 -4.906 -4.617 -4.486 -4.312 -3.919 -3.794 -3.689
0.00010 1.00e+07 18.6926517487   18.679  5.040  4.5229  3.713    2  0.000  0.463     0.00     0.00 -1         0      0.00 7.000e-01 2.990e-01 1.100e-03 5.880e-04 3.170e-03 -1.000 1.000e-03 -7.830 -6.070 -4.953 -4.665 -4.534 -4.360 -3.968 -3.843 -3.737
0.00010 1.00e+07 18.6940307617   18.681  5.044  4.5145  3.676    2  0.000  0.463     0.00     0.00 -1         0      0.00 7.000e-01 2.990e-01 1.100e-03 5.880e-04 3.170e-03 -1.000 1.000e-03 -7.840 -6.109 -5.001 -4.714 -4.584 -4.409 -4.019 -3.895 -3.790
0.00010 1.00e+07 18.6954479218   18.682  5.048  4.5052  3.634    2  0.000  0.463     0.00     0.00 -1         0      0.00 7.000e-01 2.990e-01 1.100e-03 5.880e-04 3.170e-03 -1.000 1.000e-03 -7.850 -6.157 -5.057 -4.773 -4.644 -4.471 -4.084 -3.960 -3.856
0.00010 1.00e+07 18.6965007782   18.683  5.051  4.4978  3.602    2  0.000  0.463     0.00     0.00 -1         0      0.00 7.000e-01 2.990e-01 1.100e-03 5.880e-04 3.170e-03 -1.000 1.000e-03 -7.857 -6.214 -5.111 -4.832 -4.707 -4.538 -4.154 -4.032 -3.929
0.00010 1.00e+07 18.6976470947   18.684  5.053  4.4894  3.566    2  0.000  0.463     0.00     0.00 -1         0      0.00 7.000e-01 2.990e-01 1.100e-03 5.880e-04 3.170e-03 -1.000 1.000e-03 -7.863 -6.269 -5.167 -4.892 -4.770 -4.604 -4.223 -4.103 -4.001
0.00010 1.00e+07 18.6984233856   18.685  5.055  4.4835  3.540    2  0.000  0.463     0.00     0.00 -1         0      0.00 7.000e-01 2.990e-01 1.100e-03 5.880e-04 3.170e-03 -1.000 1.000e-03 -7.868 -6.300 -5.202 -4.929 -4.808 -4.643 -4.264 -4.144 -4.043
0.00010 1.00e+07 18.6987171173   18.685  5.056  4.4812  3.530    2  0.000  0.463     0.00     0.00 -1         0      0.00 7.000e-01 2.990e-01 1.100e-03 5.880e-04 3.170e-03 -1.000 1.000e-03 -7.870 -6.313 -5.217 -4.944 -4.823 -4.658 -4.280 -4.161 -4.059
0.00010 1.00e+07 18.6997718811   18.687  5.058  4.4726  3.494    3  0.000  0.463     0.00     0.00 -1         0      0.00 7.000e-01 2.990e-01 1.100e-03 5.880e-04 3.170e-03 -1.000 1.000e-03 -7.876 -6.346 -5.261 -4.989 -4.869 -4.705 -4.330 -4.211 -4.111
0.00010 1.00e+07 18.7007007599   18.687  5.061  4.4649  3.461    3  0.000  0.463     0.00     0.00 -1         0      0.00 7.000e-01 2.990e-01 1.100e-03 5.880e-04 3.170e-03 -1.000 1.000e-03 -7.882 -6.368 -5.295 -5.026 -4.905 -4.741 -4.370 -4.252 -4.152
0.00010 1.00e+07 18.7018566132   18.689  5.064  4.4552  3.419    3  0.000  0.463     0.00     0.00 -1         0      0.00 7.000e-01 2.990e-01 1.100e-03 5.880e-04 3.170e-03 -1.000 1.000e-03 -7.889 -6.395 -5.339 -5.072 -4.952 -4.789 -4.423 -4.306 -4.208
0.00010 1.00e+07 18.7025356293   18.689  5.066  4.4496  3.394    3  0.000  0.463     0.00     0.00 -1         0      0.00 7.000e-01 2.990e-01 1.100e-03 5.880e-04 3.170e-03 -1.000 9.999e-04 -7.895 -6.411 -5.365 -5.099 -4.980 -4.819 -4.456 -4.340 -4.242
0.00010 1.00e+07 18.7041397095   18.691  5.072  4.4371  3.338    3  0.000  0.463     0.00     0.00 -1         0      0.00 7.000e-01 2.990e-01 1.100e-03 5.880e-04 3.170e-03 -1.000 9.999e-04 -7.911 -6.453 -5.428 -5.167 -5.050 -4.891 -4.536 -4.423 -4.327
0.00010 1.00e+07 18.7050876617   18.692  5.076  4.4302  3.306    3  0.000  0.463     0.00     0.00 -1         0      0.00 7.000e-01 2.990e-01 1.100e-03 5.880e-04 3.170e-03 -1.000 1.000e-03 -7.921 -6.490 -5.471 -5.213 -5.098 -4.942 -4.590 -4.479 -4.385
0.00010 1.00e+07 18.7061462402   18.693  5.081  4.4238  3.276    3  0.000  0.463     0.00     0.00 -1         0      0.00 7.000e-01 2.990e-01 1.100e-03 5.880e-04 3.170e-03 -1.000 1.000e-03 -7.932 -6.530 -5.515 -5.261 -5.148 -4.994 -4.645 -4.535 -4.443
0.00010 1.00e+07 18.7086486816   18.695  5.091  4.4112  3.216    3  0.000  0.463     0.00     0.00 -1         0      0.00 7.000e-01 2.990e-01 1.100e-03 5.880e-04 3.170e-03 -1.000 9.999e-04 -7.957 -6.627 -5.613 -5.366 -5.258 -5.109 -4.766 -4.659 -4.568
0.00010 1.00e+07 18.7117805481   18.698  5.100  4.4027  3.173    3  0.000  0.463     0.00     0.00 -1         0      0.00 7.000e-01 2.990e-01 1.100e-03 5.880e-04 3.170e-03 -1.000 1.000e-03 -7.979 -6.682 -5.676 -5.433 -5.327 -5.180 -4.843 -4.738 -4.649
0.00010 1.00e+07 18.7180023193   18.705  5.113  4.3940  3.125    3  0.000  0.463     0.00     0.00 -1         0      0.00 7.000e-01 2.990e-01 1.100e-03 5.880e-04 3.170e-03 -1.000 1.000e-03 -8.012 -6.743 -5.749 -5.509 -5.405 -5.261 -4.928 -4.826 -4.739
0.00010 1.00e+07 18.7234458923   18.710  5.117  4.3959  3.129    4  0.000  0.463     0.00     0.00 -1         0      0.00 7.000e-01 2.990e-01 1.100e-03 5.880e-04 3.170e-03 -1.000 1.000e-03 -8.022 -6.747 -5.750 -5.509 -5.405 -5.260 -4.926 -4.823 -4.735
0.00010 1.00e+07 18.7270946503   18.714  5.117  4.3988  3.140    4  0.000  0.463     0.00     0.00 -1         0      0.00 7.000e-01 2.990e-01 1.100e-03 5.880e-04 3.170e-03 -1.000 1.000e-03 -8.023 -6.741 -5.739 -5.497 -5.393 -5.247 -4.911 -4.807 -4.719
0.00010 1.00e+07 18.7385444641   18.725  5.118  4.4075  3.174    5  0.000  0.463     0.00     0.00 -1         0      0.00 7.000e-01 2.990e-01 1.100e-03 5.880e-04 3.170e-03 -1.000 1.000e-03 -8.026 -6.718 -5.703 -5.458 -5.352 -5.204 -4.863 -4.757 -4.667
0.00010 1.00e+07 18.7512626648   18.738  5.119  4.4164  3.209    5  0.000  0.463     0.00     0.00 -1         0      0.00 7.000e-01 2.990e-01 1.100e-03 5.880e-04 3.170e-03 -1.000 1.000e-03 -8.027 -6.672 -5.655 -5.405 -5.296 -5.145 -4.799 -4.691 -4.599
0.00010 1.00e+07 18.7645263672   18.751  5.119  4.4240  3.240    5  0.000  0.463     0.00     0.00 -1         0      0.00 7.000e-01 2.990e-01 1.100e-03 5.880e-04 3.170e-03 -1.000 1.000e-03 -8.028 -6.629 -5.611 -5.358 -5.245 -5.091 -4.742 -4.632 -4.539
0.00010 1.00e+07 18.7865562439   18.773  5.120  4.4337  3.279    5  0.000  0.463     0.00     0.00 -1         0      0.00 7.000e-01 2.990e-01 1.100e-03 5.880e-04 3.170e-03 -1.000 1.000e-03 -8.029 -6.586 -5.564 -5.304 -5.188 -5.031 -4.677 -4.565 -4.470
0.00010 1.00e+07 18.8167057037   18.804  5.121  4.4429  3.314    5  0.000  0.463     0.00     0.00 -1         0      0.00 7.000e-01 2.990e-01 1.100e-03 5.880e-04 3.170e-03 -1.000 1.000e-03 -8.033 -6.562 -5.528 -5.264 -5.147 -4.987 -4.628 -4.514 -4.417
0.00010 1.00e+07 18.8655967712   18.853  5.124  4.4503  3.342    5  0.000  0.463     0.00     0.00 -1         0      0.00 7.000e-01 2.990e-01 1.100e-03 5.880e-04 3.170e-03 -1.000 1.000e-03 -8.041 -6.555 -5.508 -5.242 -5.123 -4.961 -4.597 -4.482 -4.384
0.00010 1.00e+07 18.9471302032   18.934  5.130  4.4585  3.371    5  0.000  0.463     0.00     0.00 -1         0      0.00 7.000e-01 2.990e-01 1.100e-03 5.880e-04 3.170e-03 -1.000 1.000e-03 -8.055 -6.553 -5.492 -5.224 -5.104 -4.941 -4.573 -4.456 -4.357
0.00010 1.00e+07 19.0444278717   19.031  5.138  4.4554  3.353    6  0.000  0.463     0.00     0.00 -1         0      0.00 7.000e-01 2.990e-01 1.100e-03 5.880e-04 3.170e-03 -1.000 1.000e-03 -8.074 -6.579 -5.523 -5.256 -5.136 -4.973 -4.607 -4.490 -4.392
0.00010 1.00e+07 19.1803340912   19.167  5.149  4.4501  3.324    6  0.000  0.463     0.00     0.00 -1         0      0.00 7.000e-01 2.990e-01 1.100e-03 5.880e-04 3.170e-03 -1.000 1.000e-03 -8.101 -6.616 -5.569 -5.304 -5.185 -5.023 -4.659 -4.544 -4.446
0.00010 1.00e+07 19.3133716583   19.300  5.159  4.4426  3.287    6  0.000  0.463     0.00     0.00 -1         0      0.00 7.000e-01 2.990e-01 1.100e-03 5.880e-04 3.170e-03 -1.000 1.000e-03 -8.128 -6.658 -5.624 -5.361 -5.243 -5.083 -4.725 -4.611 -4.514
0.00010 1.00e+07 19.4223709106   19.409  5.168  4.4349  3.250    6  0.000  0.463     0.00     0.00 -1         0      0.00 7.000e-01 2.990e-01 1.100e-03 5.880e-04 3.170e-03 -1.000 1.000e-03 -8.151 -6.703 -5.679 -5.419 -5.303 -5.145 -4.791 -4.678 -4.583
0.00010 1.00e+07 19.5059661865   19.493  5.175  4.4278  3.216    6  0.000  0.463     0.00     0.00 -1         0      0.00 7.000e-01 2.990e-01 1.100e-03 5.880e-04 3.170e-03 -1.000 1.000e-03 -8.168 -6.754 -5.733 -5.477 -5.364 -5.208 -4.857 -4.747 -4.653
0.00010 1.00e+07 19.5760631561   19.563  5.181  4.4205  3.182    6  0.000  0.463     0.00     0.00 -1         0      0.00 7.000e-01 2.990e-01 1.100e-03 5.880e-04 3.170e-03 -1.000 1.000e-03 -8.182 -6.809 -5.789 -5.538 -5.427 -5.274 -4.927 -4.817 -4.725
0.00010 1.00e+07 19.6335353851   19.621  5.186  4.4130  3.149    6  0.000  0.463     0.00     0.00 -1         0      0.00 7.000e-01 2.990e-01 1.100e-03 5.880e-04 3.170e-03 -1.000 1.000e-03 -8.195 -6.870 -5.847 -5.600 -5.493 -5.343 -4.999 -4.891 -4.800
0.00010 1.00e+07 19.6758995056   19.663  5.190  4.4063  3.119    6  0.000  0.463     0.00     0.00 -1         0      0.00 7.000e-01 2.990e-01 1.100e-03 5.880e-04 3.170e-03 -1.000 1.000e-03 -8.204 -6.910 -5.892 -5.648 -5.543 -5.395 -5.054 -4.948 -4.858
0.00010 1.00e+07 19.7141628265   19.701  5.193  4.3992  3.088    6  0.000  0.463     0.00     0.00 -1         0      0.00 7.000e-01 2.990e-01 1.100e-03 5.880e-04 3.170e-03 -1.000 1.000e-03 -8.213 -6.939 -5.932 -5.690 -5.586 -5.440 -5.104 -5.000 -4.911
0.00010 1.00e+07 19.7459888458   19.733  5.196  4.3916  3.056    6  0.000  0.463     0.00     0.00 -1         0      0.00 7.000e-01 2.990e-01 1.100e-03 5.880e-04 3.170e-03 -1.000 1.000e-03 -8.221 -6.970 -5.973 -5.734 -5.632 -5.488 -5.156 -5.055 -4.968
0.00010 1.00e+07 19.7677307129   19.755  5.198  4.3850  3.027    6  0.000  0.463     0.00     0.00 -1         0      0.00 7.000e-01 2.990e-01 1.100e-03 5.880e-04 3.170e-03 -1.000 1.000e-03 -8.226 -6.996 -6.009 -5.773 -5.672 -5.531 -5.203 -5.103 -5.017
0.00010 1.00e+07 19.7861804962   19.773  5.200  4.3784  2.999    6  0.000  0.463     0.00     0.00 -1         0      0.00 7.000e-01 2.990e-01 1.100e-03 5.880e-04 3.170e-03 -1.000 1.000e-03 -8.231 -7.024 -6.045 -5.812 -5.713 -5.574 -5.250 -5.151 -5.067
0.00010 1.00e+07 19.8008537292   19.788  5.202  4.3709  2.968    6  0.000  0.463     0.00     0.00 -1         0      0.00 7.000e-01 2.990e-01 1.100e-03 5.880e-04 3.170e-03 -1.000 1.000e-03 -8.235 -7.049 -6.084 -5.853 -5.756 -5.619 -5.300 -5.203 -5.121
0.00010 1.00e+07 19.8110237122   19.798  5.203  4.3642  2.941    6  0.000  0.463     0.00     0.00 -1         0      0.00 7.000e-01 2.990e-01 1.100e-03 5.880e-04 3.170e-03 -1.000 1.000e-03 -8.237 -7.073 -6.118 -5.890 -5.795 -5.660 -5.345 -5.250 -5.169
0.00010 1.00e+07 19.8191146851   19.807  5.204  4.3576  2.913    6  0.000  0.463     0.00     0.00 -1         0      0.00 7.000e-01 2.990e-01 1.100e-03 5.880e-04 3.170e-03 -1.000 1.000e-03 -8.239 -7.096 -6.152 -5.927 -5.833 -5.700 -5.390 -5.296 -5.217
0.00010 1.00e+07 19.8241481781   19.812  5.204  4.3513  2.888    6  0.000  0.463     0.00     0.00 -1         0      0.00 7.000e-01 2.990e-01 1.100e-03 5.880e-04 3.170e-03 -1.000 1.000e-03 -8.240 -7.117 -6.184 -5.962 -5.869 -5.738 -5.431 -5.339 -5.261
0.00010 1.00e+07 19.8289031982   19.816  5.204  4.3435  2.857    6  0.000  0.463     0.00     0.00 -1         0      0.00 7.000e-01 2.990e-01 1.100e-03 5.880e-04 3.170e-03 -1.000 9.999e-04 -8.240 -7.142 -6.222 -6.003 -5.912 -5.783 -5.481 -5.392 -5.315
0.00010 1.00e+07 19.8321781158   19.819  5.204  4.3363  2.829    6  0.000  0.463     0.00     0.00 -1         0      0.00 7.000e-01 2.990e-01 1.100e-03 5.880e-04 3.170e-03 -1.000 1.000e-03 -8.239 -7.165 -6.258 -6.042 -5.952 -5.826 -5.528 -5.440 -5.364
0.00010 1.00e+07 19.8344745636   19.822  5.202  4.3284  2.799    6  0.000  0.463     0.00     0.00 -1         0      0.00 7.000e-01 2.990e-01 1.100e-03 5.880e-04 3.170e-03 -1.000 1.000e-03 -8.235 -7.189 -6.295 -6.082 -5.994 -5.870 -5.577 -5.491 -5.417
0.00010 1.00e+07 19.8359470367   19.823  5.201  4.3225  2.776    6  0.000  0.463     0.00     0.00 -1         0      0.00 7.000e-01 2.990e-01 1.100e-03 5.880e-04 3.170e-03 -1.000 1.000e-03 -8.232 -7.206 -6.323 -6.112 -6.025 -5.903 -5.614 -5.528 -5.456
0.00010 1.00e+07 19.8373394012   19.825  5.198  4.3121  2.738    7  0.000  0.463     0.00     0.00 -1         0      0.00 7.000e-01 2.990e-01 1.100e-03 5.880e-04 3.170e-03 -1.000 1.000e-03 -8.224 -7.233 -6.368 -6.161 -6.077 -5.958 -5.676 -5.593 -5.522
0.00010 1.00e+07 19.8383007050   19.826  5.195  4.3028  2.703    7  0.000  0.463     0.00     0.00 -1         0      0.00 7.000e-01 2.990e-01 1.100e-03 5.880e-04 3.170e-03 -1.000 1.000e-03 -8.217 -7.262 -6.409 -6.207 -6.126 -6.010 -5.733 -5.652 -5.583
0.00010 1.00e+07 19.8391170502   19.826  5.193  4.2930  2.666    7  0.000  0.463     0.00     0.00 -1         0      0.00 7.000e-01 2.990e-01 1.100e-03 5.880e-04 3.170e-03 -1.000 9.999e-04 -8.212 -7.302 -6.455 -6.259 -6.181 -6.070 -5.798 -5.720 -5.652
0.00010 1.00e+07 19.8399581909   19.827  5.191  4.2815  2.622    7  0.000  0.463     0.00     0.00 -1         0      0.00 7.000e-01 2.990e-01 1.100e-03 5.880e-04 3.170e-03 -1.000 1.000e-03 -8.208 -7.361 -6.511 -6.324 -6.252 -6.146 -5.880 -5.805 -5.740
0.00010 1.00e+07 19.8406639099   19.829  5.190  4.2704  2.579    7  0.000  0.463     0.00     0.00 -1         0      0.00 7.000e-01 2.990e-01 1.100e-03 5.880e-04 3.170e-03 -1.000 1.000e-03 -8.205 -7.409 -6.566 -6.387 -6.319 -6.218 -5.957 -5.885 -5.821
0.00010 1.00e+07 19.8412246704   19.829  5.190  4.2610  2.542    7  0.000  0.463     0.00     0.00 -1         0      0.00 7.000e-01 2.990e-01 1.100e-03 5.880e-04 3.170e-03 -1.000 1.000e-03 -8.205 -7.444 -6.615 -6.440 -6.374 -6.277 -6.022 -5.952 -5.890
0.00010 1.00e+07 19.8418350220   19.829  5.190  4.2503  2.498    7  0.000  0.463     0.00     0.00 -1         0      0.00 7.000e-01 2.990e-01 1.100e-03 5.880e-04 3.170e-03 -1.000 1.000e-03 -8.205 -7.484 -6.672 -6.502 -6.439 -6.345 -6.097 -6.030 -5.969
0.00010 1.00e+07 19.8425102234   19.830  5.191  4.2380  2.449    7  0.000  0.463     0.00     0.00 -1         0      0.00 7.000e-01 2.990e-01 1.100e-03 5.880e-04 3.170e-03 -1.000 9.999e-04 -8.207 -7.524 -6.738 -6.572 -6.513 -6.423 -6.183 -6.119 -6.060
0.00010 1.00e+07 19.8430061340   19.830  5.192  4.2290  2.411    7  0.000  0.463     0.00     0.00 -1         0      0.00 7.000e-01 2.990e-01 1.100e-03 5.880e-04 3.170e-03 -1.000 1.000e-03 -8.210 -7.555 -6.789 -6.626 -6.568 -6.481 -6.248 -6.185 -6.128
0.00010 1.00e+07 19.8435382843   19.831  5.194  4.2196  2.372    7  0.000  0.463     0.00     0.00 -1         0      0.00 7.000e-01 2.990e-01 1.100e-03 5.880e-04 3.170e-03 -1.000 1.000e-03 -8.214 -7.588 -6.842 -6.683 -6.627 -6.543 -6.316 -6.256 -6.201
0.00010 1.00e+07 19.8440895081   19.832  5.195  4.2102  2.333    7  0.000  0.463     0.00     0.00 -1         0      0.00 7.000e-01 2.990e-01 1.100e-03 5.880e-04 3.170e-03 -1.000 1.000e-03 -8.218 -7.621 -6.896 -6.741 -6.688 -6.606 -6.386 -6.328 -6.275
0.00010 1.00e+07 19.8446540833   19.833  5.197  4.2009  2.294    7  0.000  0.463     0.00     0.00 -1         0      0.00 7.000e-01 2.990e-01 1.100e-03 5.880e-04 3.170e-03 -1.000 1.000e-03 -8.223 -7.655 -6.950 -6.798 -6.747 -6.669 -6.455 -6.399 -6.348
0.00010 1.00e+07 19.8452205658   19.833  5.199  4.1923  2.257    7  0.000  0.463     0.00     0.00 -1         0      0.00 7.000e-01 2.990e-01 1.100e-03 5.880e-04 3.170e-03 -1.000 1.000e-03 -8.228 -7.686 -6.999 -6.852 -6.802 -6.727 -6.520 -6.467 -6.416
0.00010 1.00e+07 19.8457794189   19.833  5.201  4.1842  2.223    7  0.000  0.463     0.00     0.00 -1         0      0.00 7.000e-01 2.990e-01 1.100e-03 5.880e-04 3.170e-03 -1.000 1.000e-03 -8.233 -7.716 -7.046 -6.902 -6.854 -6.782 -6.581 -6.530 -6.481
0.00010 1.00e+07 19.8466053009   19.835  5.203  4.1731  2.177    7  0.000  0.463     0.00     0.00 -1         0      0.00 7.000e-01 2.990e-01 1.100e-03 5.880e-04 3.170e-03 -1.000 1.000e-03 -8.238 -7.758 -7.107 -6.969 -6.925 -6.857 -6.664 -6.616 -6.569
0.00010 1.00e+07 19.8474140167   19.835  5.204  4.1629  2.135    7  0.000  0.463     0.00     0.00 -1         0      0.00 7.000e-01 2.990e-01 1.100e-03 5.880e-04 3.170e-03 -1.000 1.000e-03 -8.240 -7.803 -7.154 -7.026 -6.988 -6.927 -6.740 -6.695 -6.651
0.00010 1.00e+07 19.8481979370   19.835  5.205  4.1533  2.096    7  0.000  0.463     0.00     0.00 -1         0      0.00 7.000e-01 2.990e-01 1.100e-03 5.880e-04 3.170e-03 -1.000 1.000e-03 -8.241 -7.844 -7.196 -7.078 -7.046 -6.991 -6.810 -6.769 -6.726
0.00010 1.00e+07 19.8489627838   19.836  5.204  4.1435  2.057    7  0.000  0.463     0.00     0.00 -1         0      0.00 7.000e-01 2.990e-01 1.100e-03 5.880e-04 3.170e-03 -1.000 1.000e-03 -8.240 -7.883 -7.238 -7.129 -7.103 -7.054 -6.879 -6.841 -6.801
0.00010 1.00e+07 19.8497047424   19.837  5.203  4.1333  2.018    7  0.000  0.463     0.00     0.00 -1         0      0.00 7.000e-01 2.990e-01 1.100e-03 5.880e-04 3.170e-03 -1.000 1.000e-03 -8.237 -7.898 -7.296 -7.186 -7.160 -7.112 -6.947 -6.911 -6.872
0.00010 1.00e+07 19.8504219055   19.838  5.201  4.1222  1.975    7  0.000  0.463     0.00     0.00 -1         0      0.00 7.000e-01 2.990e-01 1.100e-03 5.880e-04 3.170e-03 -1.000 1.000e-03 -8.233 -7.909 -7.359 -7.248 -7.220 -7.173 -7.019 -6.985 -6.948
0.00010 1.00e+07 19.8508853912   19.838  5.200  4.1143  1.945    7  0.000  0.463     0.00     0.00 -1         0      0.00 7.000e-01 2.990e-01 1.100e-03 5.880e-04 3.170e-03 -1.000 1.000e-03 -8.230 -7.918 -7.404 -7.292 -7.263 -7.217 -7.071 -7.038 -7.002
0.00010 1.00e+07 19.8513412476   19.839  5.199  4.1057  1.912    7  0.000  0.463     0.00     0.00 -1         0      0.00 7.000e-01 2.990e-01 1.100e-03 5.880e-04 3.170e-03 -1.000 1.000e-03 -8.227 -7.936 -7.445 -7.337 -7.309 -7.267 -7.128 -7.097 -7.063
0.00010 1.00e+07 19.8517837524   19.839  5.197  4.0962  1.875    7  0.000  0.463     0.00     0.00 -1         0      0.00 7.000e-01 2.990e-01 1.100e-03 5.880e-04 3.170e-03 -1.000 1.000e-03 -8.223 -7.956 -7.490 -7.385 -7.360 -7.321 -7.191 -7.162 -7.130
0.00010 1.00e+07 19.8522109985   19.840  5.195  4.0862  1.837    7  0.000  0.463     0.00     0.00 -1         0      0.00 7.000e-01 2.990e-01 1.100e-03 5.880e-04 3.170e-03 -1.000 1.000e-03 -8.219 -7.980 -7.534 -7.435 -7.414 -7.379 -7.257 -7.231 -7.200
0.00010 1.00e+07 19.8526248932   19.840  5.194  4.0754  1.796    7  0.000  0.463     0.00     0.00 -1         0      0.00 7.000e-01 2.990e-01 1.100e-03 5.880e-04 3.170e-03 -1.000 1.000e-03 -8.214 -8.018 -7.570 -7.484 -7.470 -7.444 -7.328 -7.308 -7.279
0.00010 1.00e+07 19.8530273438   19.840  5.192  4.0638  1.751    7  0.000  0.463     0.00     0.00 -1         0      0.00 7.000e-01 2.990e-01 1.100e-03 5.880e-04 3.170e-03 -1.000 1.000e-03 -8.210 -8.053 -7.612 -7.537 -7.531 -7.513 -7.405 -7.390 -7.363
0.00010 1.00e+07 19.8534126282   19.841  5.190  4.0513  1.702    7  0.000  0.463     0.00     0.00 -1         0      0.00 7.000e-01 2.990e-01 1.100e-03 5.880e-04 3.170e-03 -1.000 1.000e-03 -8.205 -8.078 -7.665 -7.597 -7.595 -7.584 -7.487 -7.476 -7.452
0.00010 1.00e+07 19.8537826538   19.841  5.188  4.0379  1.651    7  0.000  0.463     0.00     0.00 -1         0      0.00 7.000e-01 2.990e-01 1.100e-03 5.880e-04 3.170e-03 -1.000 1.000e-03 -8.201 -8.097 -7.724 -7.662 -7.663 -7.657 -7.574 -7.566 -7.545
0.00010 1.00e+07 19.8541393280   19.841  5.186  4.0238  1.596    7  0.000  0.463     0.00     0.00 -1         0      0.00 7.000e-01 2.990e-01 1.100e-03 5.880e-04 3.170e-03 -1.000 1.000e-03 -8.196 -8.116 -7.787 -7.730 -7.734 -7.734 -7.666 -7.663 -7.643
0.00010 1.00e+07 19.8543090820   19.842  5.185  4.0165  1.568    7  0.000  0.463     0.00     0.00 -1         0      0.00 7.000e-01 2.990e-01 1.100e-03 5.880e-04 3.170e-03 -1.000 1.000e-03 -8.193 -8.124 -7.819 -7.765 -7.771 -7.774 -7.713 -7.712 -7.694
0.00010 1.00e+07 19.8544769287   19.842  5.184  4.0088  1.539    7  0.000  0.463     0.00     0.00 -1         0      0.00 7.000e-01 2.990e-01 1.100e-03 5.880e-04 3.170e-03 -1.000 1.000e-03 -8.190 -8.131 -7.851 -7.801 -7.808 -7.815 -7.762 -7.764 -7.747
0.00010 1.00e+07 19.8546390533   19.842  5.183  4.0011  1.509    7  0.000  0.463     0.00     0.00 -1         0      0.00 7.000e-01 2.990e-01 1.100e-03 5.880e-04 3.170e-03 -1.000 1.000e-03 -8.188 -8.138 -7.884 -7.837 -7.846 -7.856 -7.812 -7.816 -7.801
0.00010 1.00e+07 19.8547992706   19.842  5.182  3.9930  1.478    7  0.000  0.463     0.00     0.00 -1         0      0.00 7.000e-01 2.990e-01 1.100e-03 5.880e-04 3.170e-03 -1.000 1.000e-03 -8.185 -8.144 -7.918 -7.874 -7.884 -7.898 -7.864 -7.870 -7.857
0.00010 1.00e+07 19.8549556732   19.842  5.181  3.9847  1.446    7  0.000  0.463     0.00     0.00 -1         0      0.00 7.000e-01 2.990e-01 1.100e-03 5.880e-04 3.170e-03 -1.000 1.000e-03 -8.182 -8.148 -7.953 -7.911 -7.923 -7.940 -7.917 -7.926 -7.915
0.00010 1.00e+07 19.8551063538   19.842  5.179  3.9762  1.413    7  0.000  0.463     0.00     0.00 -1         0      0.00 7.000e-01 2.990e-01 1.100e-03 5.880e-04 3.170e-03 -1.000 1.000e-03 -8.179 -8.152 -7.988 -7.949 -7.963 -7.983 -7.971 -7.983 -7.973
0.00010 1.00e+07 19.8552513123   19.843  5.178  3.9677  1.380    7  0.000  0.463     0.00     0.00 -1         0      0.00 7.000e-01 2.990e-01 1.100e-03 5.880e-04 3.170e-03 -1.000 1.000e-03 -8.175 -8.157 -8.009 -7.980 -7.999 -8.025 -8.023 -8.039 -8.031
0.00010 1.00e+07 19.8553943634   19.843  5.177  3.9588  1.346    7  0.000  0.463     0.00     0.00 -1         0      0.00 7.000e-01 2.990e-01 1.100e-03 5.880e-04 3.170e-03 -1.000 1.000e-03 -8.172 -8.163 -8.028 -8.010 -8.035 -8.069 -8.076 -8.097 -8.091
0.00010 1.00e+07 19.8555335999   19.843  5.175  3.9498  1.312    7  0.000  0.463     0.00     0.00 -1         0      0.00 7.000e-01 2.990e-01 1.100e-03 5.880e-04 3.170e-03 -1.000 1.000e-03 -8.168 -8.169 -8.041 -8.037 -8.070 -8.113 -8.129 -8.155 -8.152
0.00010 1.00e+07 19.8556671143   19.843  5.174  3.9409  1.278    7  0.000  0.463     0.00     0.00 -1         0      0.00 7.000e-01 2.990e-01 1.100e-03 5.880e-04 3.170e-03 -1.000 1.000e-03 -8.164 -8.164 -8.071 -8.070 -8.105 -8.151 -8.181 -8.212 -8.210
0.00010 1.00e+07 19.8557987213   19.843  5.172  3.9321  1.244    7  0.000  0.463     0.00     0.00 -1         0      0.00 7.000e-01 2.990e-01 1.100e-03 5.880e-04 3.170e-03 -1.000 1.000e-03 -8.159 -8.155 -8.100 -8.101 -8.137 -8.188 -8.232 -8.267 -8.268
0.00010 1.00e+07 19.8559246063   19.843  5.170  3.9236  1.212    7  0.000  0.463     0.00     0.00 -1         0      0.00 7.000e-01 2.990e-01 1.100e-03 5.880e-04 3.170e-03 -1.000 1.000e-03 -8.154 -8.144 -8.105 -8.121 -8.164 -8.223 -8.279 -8.318 -8.322
0.00010 1.00e+07 19.8560504913   19.843  5.167  3.9152  1.181    7  0.000  0.463     0.00     0.00 -1         0      0.00 7.000e-01 2.990e-01 1.100e-03 5.880e-04 3.170e-03 -1.000 1.000e-03 -8.148 -8.131 -8.113 -8.139 -8.187 -8.254 -8.323 -8.368 -8.374
0.00010 1.00e+07 19.8561668396   19.843  5.165  3.9073  1.151    7  0.000  0.463     0.00     0.00 -1         0      0.00 7.000e-01 2.990e-01 1.100e-03 5.880e-04 3.170e-03 -1.000 1.000e-03 -8.143 -8.117 -8.128 -8.157 -8.208 -8.282 -8.364 -8.414 -8.423
0.00010 1.00e+07 19.8562812805   19.844  5.164  3.8994  1.121    7  0.000  0.463     0.00     0.00 -1         0      0.00 7.000e-01 2.990e-01 1.100e-03 5.880e-04 3.170e-03 -1.000 1.000e-03 -8.140 -8.102 -8.142 -8.172 -8.227 -8.308 -8.407 -8.463 -8.474
0.00010 1.00e+07 19.8565025330   19.844  5.161  3.8835  1.060    7  0.000  0.463     0.00     0.00 -1         0      0.00 7.000e-01 2.990e-01 1.100e-03 5.880e-04 3.170e-03 -1.000 1.000e-03 -8.133 -8.063 -8.155 -8.192 -8.258 -8.357 -8.491 -8.564 -8.580
0.00010 1.00e+07 19.8568038940   19.844  5.161  3.8602  0.968    7  0.000  0.463     0.00     0.00 -1         0      0.00 7.000e-01 2.990e-01 1.100e-03 5.880e-04 3.170e-03 -1.000 1.000e-03 -8.132 -7.989 -8.129 -8.204 -8.302 -8.437 -8.623 -8.728 -8.750
0.00010 1.00e+07 19.8572444916   19.844  5.167  3.8210  0.804    7  0.000  0.463     0.00     0.00 -1         0      0.00 7.000e-01 2.990e-01 1.100e-03 5.880e-04 3.170e-03 -1.000 1.000e-03 -8.149 -7.839 -8.000 -8.198 -8.378 -8.586 -8.864 -9.037 -9.070
0.00010 1.00e+07 19.8576831818   19.845  5.156  3.7755  0.633    7  0.000  0.463     0.00     0.00 -1         0      0.00 7.000e-01 2.990e-01 1.100e-03 5.880e-04 3.170e-03 -1.000 1.000e-03 -8.121 -7.543 -7.704 -8.098 -8.389 -8.690 -9.081 -9.359 -9.401
0.00010 1.00e+07 19.8578701019   19.845  5.149  3.7537  0.553    7  0.000  0.463     0.00     0.00 -1         0      0.00 7.000e-01 2.990e-01 1.100e-03 5.880e-04 3.170e-03 -1.000 1.000e-03 -8.103 -7.353 -7.533 -8.027 -8.374 -8.721 -9.171 -9.505 -9.552
0.00010 1.00e+07 19.8579273224   19.845  5.147  3.7471  0.529    7  0.000  0.463     0.00     0.00 -1         0      0.00 7.000e-01 2.990e-01 1.100e-03 5.880e-04 3.170e-03 -1.000 9.999e-04 -8.096 -7.283 -7.475 -8.003 -8.367 -8.728 -9.196 -9.548 -9.597
0.00010 1.00e+07 19.8580379486   19.845  5.141  3.7340  0.483    7  0.000  0.463     0.00     0.00 -1         0      0.00 7.000e-01 2.990e-01 1.100e-03 5.880e-04 3.170e-03 -1.000 1.000e-03 -8.082 -7.131 -7.353 -7.950 -8.349 -8.738 -9.244 -9.630 -9.683
0.00010 1.00e+07 19.8582897186   19.845  5.124  3.7066  0.390    7  0.000  0.463     0.00     0.00 -1         0      0.00 7.000e-01 2.990e-01 1.100e-03 5.880e-04 3.170e-03 -1.000 9.999e-04 -8.040 -6.697 -7.034 -7.801 -8.283 -8.736 -9.324 -9.785 -9.847
0.00010 1.00e+07 19.8586730957   19.846  5.084  3.6847  0.342    7  0.000  0.463     0.00     0.00 -1         0      0.00 7.000e-01 2.990e-01 1.100e-03 5.880e-04 3.170e-03 -1.000 1.000e-03 -7.940 -6.145 -6.645 -7.586 -8.147 -8.658 -9.317 -9.839 -9.911
0.00010 1.00e+07 19.8587360382   19.846  5.077  3.6826  0.341    7  0.000  0.463     0.00     0.00 -1         0      0.00 7.000e-01 2.990e-01 1.100e-03 5.880e-04 3.170e-03 -1.000 1.000e-03 -7.922 -6.075 -6.594 -7.555 -8.123 -8.641 -9.307 -9.835 -9.908
#isochrone terminated
