# File generated by CMD 3.0 (http://stev.oapd.inaf.it/cmd) on Thu Jun  8 20:57:36 CEST 2017
# isochrones PARSEC release v1.2S + COLIBRI release PR16, as in Marigo et al. 2017
# Basic reference: Marigo et al. (2017), ApJ, 835, 77
# Photometric system: <i>UBVRIJHK</i> (cf. Maiz-Apellaniz 2006 + Bessell 1990)
# O-rich circumstellar dust ignored
# C-rich circumstellar dust ignored
# Kind of output: isochrone tables
# Zini Age Mini  Mass   logL    logTe  logg  label   McoreTP C_O  period0 period1 pmode  Mloss  tau1m   X   Y   Xc  Xn  Xo  Cexcess  Z 	 mbolmag  Umag    Bmag    Vmag    Rmag    Imag    Jmag    Hmag    Kmag
0.01000 1.00e+07 0.0900000036    0.090 -2.023  3.4152  4.028    0  0.000  0.463     0.00     0.00 -1  3.89e-15      0.00 7.000e-01 2.990e-01 1.100e-03 5.880e-04 3.170e-03 -1.000 1.000e-03 9.827 16.600 15.219 13.576 11.941 9.880 7.778 7.292 6.909
0.01000 1.00e+07 0.0953349397    0.095 -1.990  3.4187  4.035    0  0.000  0.463     0.00     0.00 -1  4.05e-15      0.00 7.000e-01 2.990e-01 1.100e-03 5.880e-04 3.170e-03 -1.000 1.000e-03 9.746 16.427 15.057 13.420 11.805 9.770 7.705 7.219 6.839
0.01000 1.00e+07 0.1000000015    0.100 -1.962  3.4217  4.038    0  0.000  0.463     0.00     0.00 -1   4.2e-15      0.00 7.000e-01 2.990e-01 1.100e-03 5.880e-04 3.170e-03 -1.000 1.000e-03 9.674 16.279 14.919 13.287 11.689 9.675 7.641 7.154 6.777
0.01000 1.00e+07 0.1200000048    0.120 -1.854  3.4334  4.056    0  0.000  0.463     0.00     0.00 -1  4.82e-15      0.00 7.000e-01 2.990e-01 1.100e-03 5.880e-04 3.170e-03 -1.000 1.000e-03 9.405 16.014 14.481 12.800 11.244 9.294 7.396 6.897 6.546
0.01000 1.00e+07 0.1363823712    0.136 -1.772  3.4433  4.070    0  0.000  0.463     0.00     0.00 -1  5.38e-15      0.00 7.000e-01 2.990e-01 1.100e-03 5.880e-04 3.170e-03 -1.000 1.000e-03 9.199 16.458 14.339 12.470 10.900 8.957 7.207 6.676 6.373
0.01000 1.00e+07 0.1513397843    0.151 -1.707  3.4506  4.079    0  0.000  0.463     0.00     0.00 -1  5.83e-15      0.00 7.000e-01 2.990e-01 1.100e-03 5.880e-04 3.170e-03 -1.000 1.000e-03 9.037 16.230 14.049 12.160 10.631 8.737 7.062 6.522 6.230
0.01000 1.00e+07 0.1550784111    0.155 -1.692  3.4523  4.082    0  0.000  0.463     0.00     0.00 -1  5.93e-15      0.00 7.000e-01 2.990e-01 1.100e-03 5.880e-04 3.170e-03 -1.000 1.000e-03 9.001 16.165 13.978 12.088 10.570 8.689 7.030 6.488 6.199
0.01000 1.00e+07 0.1574571133    0.157 -1.683  3.4534  4.084    0  0.000  0.463     0.00     0.00 -1  6.05e-15      0.00 7.000e-01 2.990e-01 1.100e-03 5.880e-04 3.170e-03 -1.000 1.000e-03 8.977 16.123 13.932 12.042 10.530 8.657 7.009 6.466 6.178
0.01000 1.00e+07 0.1709791422    0.171 -1.630  3.4590  4.089    0  0.000  0.463     0.00     0.00 -1  6.51e-15      0.00 7.000e-01 2.990e-01 1.100e-03 5.880e-04 3.170e-03 -1.000 1.000e-03 8.845 15.875 13.683 11.793 10.319 8.488 6.892 6.343 6.062
0.01000 1.00e+07 0.1857559085    0.186 -1.577  3.4646  4.095    0  0.000  0.463     0.00     0.00 -1     7e-15      0.00 7.000e-01 2.990e-01 1.100e-03 5.880e-04 3.170e-03 -1.000 1.000e-03 8.713 15.520 13.404 11.540 10.109 8.332 6.776 6.226 5.945
0.01000 1.00e+07 0.2016491592    0.202 -1.526  3.4701  4.101    0  0.000  0.463     0.00     0.00 -1   7.5e-15      0.00 7.000e-01 2.990e-01 1.100e-03 5.880e-04 3.170e-03 -1.000 1.000e-03 8.586 15.174 13.132 11.294 9.905 8.180 6.664 6.112 5.833
0.01000 1.00e+07 0.2195363790    0.220 -1.473  3.4760  4.108    0  0.000  0.463     0.00     0.00 -1  8.08e-15      0.00 7.000e-01 2.990e-01 1.100e-03 5.880e-04 3.170e-03 -1.000 1.000e-03 8.451 14.820 12.850 11.039 9.692 8.021 6.546 5.993 5.715
0.01000 1.00e+07 0.2390578389    0.239 -1.419  3.4821  4.116    0  0.000  0.463     0.00     0.00 -1  8.69e-15      0.00 7.000e-01 2.990e-01 1.100e-03 5.880e-04 3.170e-03 -1.000 1.000e-03 8.317 14.467 12.567 10.784 9.477 7.863 6.427 5.873 5.598
0.01000 1.00e+07 0.2546486557    0.255 -1.380  3.4865  4.122    0  0.000  0.463     0.00     0.00 -1  9.14e-15      0.00 7.000e-01 2.990e-01 1.100e-03 5.880e-04 3.170e-03 -1.000 1.000e-03 8.220 14.215 12.365 10.601 9.323 7.749 6.342 5.787 5.513
0.01000 1.00e+07 0.2797672749    0.280 -1.320  3.4929  4.128    0  0.000  0.463     0.00     0.00 -1  9.93e-15      0.00 7.000e-01 2.990e-01 1.100e-03 5.880e-04 3.170e-03 -1.000 1.000e-03 8.070 13.866 12.077 10.341 9.097 7.579 6.209 5.653 5.382
0.01000 1.00e+07 0.3000000119    0.300 -1.276  3.4978  4.134    0  0.000  0.463     0.00     0.00 -1  1.05e-14      0.00 7.000e-01 2.990e-01 1.100e-03 5.880e-04 3.170e-03 -1.000 1.000e-03 7.960 13.601 11.860 10.144 8.928 7.452 6.111 5.554 5.286
0.01000 1.00e+07 0.3310324550    0.331 -1.215  3.5045  4.143    0  0.000  0.463     0.00     0.00 -1  1.14e-14      0.00 7.000e-01 2.990e-01 1.100e-03 5.880e-04 3.170e-03 -1.000 1.000e-03 7.807 13.254 11.569 9.882 8.698 7.279 5.974 5.416 5.152
0.01000 1.00e+07 0.3500000238    0.350 -1.181  3.5083  4.149    0  0.000  0.463     0.00     0.00 -1  1.19e-14      0.00 7.000e-01 2.990e-01 1.100e-03 5.880e-04 3.170e-03 -1.000 1.000e-03 7.723 13.063 11.409 9.736 8.571 7.183 5.899 5.340 5.078
0.01000 1.00e+07 0.3607735932    0.361 -1.162  3.5106  4.152    0  0.000  0.463     0.00     0.00 -1  1.22e-14      0.00 7.000e-01 2.990e-01 1.100e-03 5.880e-04 3.170e-03 -1.000 1.000e-03 7.676 12.954 11.317 9.654 8.500 7.130 5.857 5.298 5.037
0.01000 1.00e+07 0.4000000358    0.400 -1.096  3.5185  4.162    0  0.000  0.463     0.00     0.00 -1  1.34e-14      0.00 7.000e-01 2.990e-01 1.100e-03 5.880e-04 3.170e-03 -1.000 1.000e-03 7.509 12.585 11.002 9.370 8.250 6.941 5.709 5.147 4.892
0.01000 1.00e+07 0.4437285662    0.444 -1.032  3.5265  4.175    0  0.000  0.463     0.00     0.00 -1  1.45e-14      0.00 7.000e-01 2.990e-01 1.100e-03 5.880e-04 3.170e-03 -1.000 1.000e-03 7.349 12.236 10.701 9.099 8.010 6.761 5.567 5.003 4.752
0.01000 1.00e+07 0.4500000179    0.450 -1.023  3.5276  4.176    0  0.000  0.463     0.00     0.00 -1  1.47e-14      0.00 7.000e-01 2.990e-01 1.100e-03 5.880e-04 3.170e-03 -1.000 1.000e-03 7.327 12.187 10.659 9.061 7.977 6.736 5.547 4.983 4.733
0.01000 1.00e+07 0.4865468442    0.487 -0.976  3.5337  4.189    0  0.000  0.463     0.00     0.00 -1  1.55e-14      0.00 7.000e-01 2.990e-01 1.100e-03 5.880e-04 3.170e-03 -1.000 1.000e-03 7.211 11.938 10.441 8.865 7.801 6.606 5.446 4.879 4.633
0.01000 1.00e+07 0.5000000000    0.500 -0.959  3.5360  4.192    0  0.000  0.463     0.00     0.00 -1  1.58e-14      0.00 7.000e-01 2.990e-01 1.100e-03 5.880e-04 3.170e-03 -1.000 1.000e-03 7.168 11.847 10.362 8.793 7.736 6.558 5.409 4.840 4.595
0.01000 1.00e+07 0.5054455996    0.506 -0.953  3.5370  4.195    0  0.000  0.463     0.00     0.00 -1  1.59e-14      0.00 7.000e-01 2.990e-01 1.100e-03 5.880e-04 3.170e-03 -1.000 1.000e-03 7.152 11.809 10.329 8.764 7.711 6.541 5.396 4.827 4.583
0.01000 1.00e+07 0.5285121799    0.528 -0.925  3.5411  4.202    0  0.000  0.463     0.00     0.00 -1  1.65e-14      0.00 7.000e-01 2.990e-01 1.100e-03 5.880e-04 3.170e-03 -1.000 1.000e-03 7.083 11.654 10.193 8.643 7.603 6.463 5.337 4.766 4.523
0.01000 1.00e+07 0.5500000119    0.550 -0.901  3.5442  4.208    0  0.000  0.463     0.00     0.00 -1   1.7e-14      0.00 7.000e-01 2.990e-01 1.100e-03 5.880e-04 3.170e-03 -1.000 1.000e-03 7.022 11.534 10.086 8.544 7.514 6.396 5.283 4.710 4.470
0.01000 1.00e+07 0.5703799725    0.570 -0.876  3.5483  4.215    0  0.000  0.463     0.00     0.00 -1  1.75e-14      0.00 7.000e-01 2.990e-01 1.100e-03 5.880e-04 3.170e-03 -1.000 9.999e-04 6.960 11.401 9.966 8.437 7.418 6.327 5.231 4.656 4.418
0.01000 1.00e+07 0.6000000238    0.600 -0.841  3.5533  4.222    0  0.000  0.463     0.00     0.00 -1  1.83e-14      0.00 7.000e-01 2.990e-01 1.100e-03 5.880e-04 3.170e-03 -1.000 1.000e-03 6.872 11.225 9.806 8.292 7.287 6.230 5.155 4.577 4.342
0.01000 1.00e+07 0.6316848397    0.632 -0.803  3.5599  4.233    0  0.000  0.463     0.00     0.00 -1  1.93e-14      0.00 7.000e-01 2.990e-01 1.100e-03 5.880e-04 3.170e-03 -1.000 1.000e-03 6.777 11.026 9.625 8.129 7.141 6.126 5.078 4.495 4.265
0.01000 1.00e+07 0.6499999762    0.650 -0.781  3.5633  4.237    0  0.000  0.463     0.00     0.00 -1  1.99e-14      0.00 7.000e-01 2.990e-01 1.100e-03 5.880e-04 3.170e-03 -1.000 1.000e-03 6.721 10.920 9.526 8.040 7.060 6.067 5.031 4.446 4.219
0.01000 1.00e+07 0.6671994328    0.667 -0.757  3.5677  4.242    0  0.000  0.463     0.00     0.00 -1  2.06e-14      0.00 7.000e-01 2.990e-01 1.100e-03 5.880e-04 3.170e-03 -1.000 1.000e-03 6.663 10.799 9.415 7.939 6.970 6.003 4.985 4.396 4.172
0.01000 1.00e+07 0.7000000477    0.700 -0.713  3.5753  4.249    0  0.000  0.463     0.00     0.00 -1  2.21e-14      0.00 7.000e-01 2.990e-01 1.100e-03 5.880e-04 3.170e-03 -1.000 1.000e-03 6.551 10.577 9.253 7.816 6.852 5.887 4.867 4.278 4.067
0.01000 1.00e+07 0.7500000000    0.750 -0.558  3.6279  4.335    0  0.000  0.463     0.00     0.00 -1  2.77e-14      0.00 7.000e-01 2.990e-01 1.100e-03 5.880e-04 3.170e-03 -1.000 1.000e-03 6.165 9.062 8.067 6.887 6.132 5.515 4.649 3.931 3.832
0.01000 1.00e+07 0.7784681916    0.779 -0.529  3.6313  4.335    0  0.000  0.463     0.00     0.00 -1   2.9e-14      0.00 7.000e-01 2.990e-01 1.100e-03 5.880e-04 3.170e-03 -1.000 1.000e-03 6.092 8.931 7.955 6.789 6.046 5.440 4.586 3.875 3.778
0.01000 1.00e+07 0.7978261113    0.798 -0.506  3.6336  4.333    0  0.000  0.463     0.00     0.00 -1  3.03e-14      0.00 7.000e-01 2.990e-01 1.100e-03 5.880e-04 3.170e-03 -1.000 1.000e-03 6.036 8.833 7.871 6.714 5.980 5.382 4.535 3.830 3.734
0.01000 1.00e+07 0.8409071565    0.841 -0.458  3.6397  4.331    0  0.000  0.463     0.00     0.00 -1   3.3e-14      0.00 7.000e-01 2.990e-01 1.100e-03 5.880e-04 3.170e-03 -1.000 1.000e-03 5.915 8.604 7.677 6.545 5.833 5.256 4.430 3.738 3.646
0.01000 1.00e+07 0.8456522226    0.845 -0.453  3.6403  4.331    0  0.000  0.463     0.00     0.00 -1  3.34e-14      0.00 7.000e-01 2.990e-01 1.100e-03 5.880e-04 3.170e-03 -1.000 1.000e-03 5.902 8.580 7.657 6.527 5.817 5.242 4.419 3.728 3.637
0.01000 1.00e+07 0.8532807827    0.853 -0.444  3.6416  4.331    0  0.000  0.463     0.00     0.00 -1  3.39e-14      0.00 7.000e-01 2.990e-01 1.100e-03 5.880e-04 3.170e-03 -1.000 1.000e-03 5.879 8.535 7.620 6.495 5.790 5.219 4.400 3.713 3.622
0.01000 1.00e+07 0.8934782743    0.893 -0.388  3.6490  4.325    0  0.000  0.463     0.00     0.00 -1  3.78e-14      0.00 7.000e-01 2.990e-01 1.100e-03 5.880e-04 3.170e-03 -1.000 1.000e-03 5.741 8.262 7.394 6.301 5.621 5.073 4.280 3.613 3.528
0.01000 1.00e+07 0.9413043261    0.941 -0.322  3.6587  4.320    0  0.000  0.463     0.00     0.00 -1   4.3e-14      0.00 7.000e-01 2.990e-01 1.100e-03 5.880e-04 3.170e-03 -1.000 1.000e-03 5.576 7.923 7.121 6.066 5.421 4.899 4.141 3.503 3.424
0.01000 1.00e+07 0.9869379401    0.987 -0.263  3.6683  4.320    0  0.000  0.463     0.00     0.00 -1   4.8e-14      0.00 7.000e-01 2.990e-01 1.100e-03 5.880e-04 3.170e-03 -1.000 1.000e-03 5.428 7.606 6.873 5.854 5.242 4.742 4.020 3.415 3.341
0.01000 1.00e+07 0.9891304374    0.989 -0.259  3.6688  4.320    0  0.000  0.463     0.00     0.00 -1  4.83e-14      0.00 7.000e-01 2.990e-01 1.100e-03 5.880e-04 3.170e-03 -1.000 1.000e-03 5.418 7.587 6.859 5.842 5.231 4.733 4.012 3.409 3.336
0.01000 1.00e+07 1.0369565487    1.037 -0.180  3.6816  4.312    0  0.000  0.463     0.00     0.00 -1  5.42e-14      0.00 7.000e-01 2.990e-01 1.100e-03 5.880e-04 3.170e-03 -1.000 1.000e-03 5.219 7.168 6.534 5.565 4.996 4.525 3.851 3.290 3.223
0.01000 1.00e+07 1.0847826004    1.084 -0.100  3.6945  4.303    0  0.000  0.463     0.00     0.00 -1  5.95e-14      0.00 7.000e-01 2.990e-01 1.100e-03 5.880e-04 3.170e-03 -1.000 1.000e-03 5.019 6.751 6.218 5.297 4.767 4.322 3.693 3.172 3.111
0.01000 1.00e+07 1.0938714743    1.093 -0.085  3.6969  4.301    0  0.000  0.463     0.00     0.00 -1  6.05e-14      0.00 7.000e-01 2.990e-01 1.100e-03 5.880e-04 3.170e-03 -1.000 1.000e-03 4.981 6.672 6.159 5.247 4.724 4.284 3.663 3.150 3.090
0.01000 1.00e+07 1.1326086521    1.132 -0.011  3.7084  4.289    0  0.000  0.463     0.00     0.00 -1  6.67e-14      0.00 7.000e-01 2.990e-01 1.100e-03 5.880e-04 3.170e-03 -1.000 1.000e-03 4.798 6.308 5.883 5.016 4.523 4.104 3.521 3.042 2.987
0.01000 1.00e+07 1.1591215134    1.159  0.038  3.7160  4.280    0  0.000  0.463     0.00     0.00 -1  7.11e-14      0.00 7.000e-01 2.990e-01 1.100e-03 5.880e-04 3.170e-03 -1.000 1.000e-03 4.674 6.066 5.700 4.864 4.390 3.983 3.425 2.967 2.916
0.01000 1.00e+07 1.1804348230    1.180  0.081  3.7225  4.270    0  0.000  0.463     0.00     0.00 -1  7.55e-14      0.00 7.000e-01 2.990e-01 1.100e-03 5.880e-04 3.170e-03 -1.000 1.000e-03 4.567 5.860 5.543 4.733 4.275 3.880 3.342 2.902 2.853
0.01000 1.00e+07 1.2136859894    1.213  0.151  3.7325  4.253    0  0.000  0.463     0.00     0.00 -1  8.34e-14      0.00 7.000e-01 2.990e-01 1.100e-03 5.880e-04 3.170e-03 -1.000 1.000e-03 4.392 5.540 5.296 4.529 4.093 3.715 3.208 2.794 2.749
0.01000 1.00e+07 1.2282608747    1.228  0.184  3.7371  4.244    0  0.000  0.463     0.00     0.00 -1  8.77e-14      0.00 7.000e-01 2.990e-01 1.100e-03 5.880e-04 3.170e-03 -1.000 1.000e-03 4.311 5.394 5.182 4.435 4.009 3.638 3.145 2.743 2.699
0.01000 1.00e+07 1.2505719662    1.250  0.236  3.7441  4.228    0  0.000  0.463     0.00     0.00 -1  9.49e-14      0.00 7.000e-01 2.990e-01 1.100e-03 5.880e-04 3.170e-03 -1.000 1.000e-03 4.180 5.174 5.005 4.289 3.878 3.518 3.044 2.659 2.618
0.01000 1.00e+07 1.2760869265    1.276  0.301  3.7523  4.205    0  0.000  0.463     0.00     0.00 -1  1.06e-13      0.00 7.000e-01 2.990e-01 1.100e-03 5.880e-04 3.170e-03 -1.000 1.000e-03 4.018 4.908 4.789 4.110 3.715 3.368 2.918 2.553 2.515
0.01000 1.00e+07 1.2868170738    1.287  0.329  3.7558  4.194    0  0.000  0.463     0.00     0.00 -1  1.11e-13      0.00 7.000e-01 2.990e-01 1.100e-03 5.880e-04 3.170e-03 -1.000 1.000e-03 3.948 4.799 4.697 4.033 3.646 3.304 2.863 2.506 2.469
0.01000 1.00e+07 1.3156836033    1.316  0.411  3.7654  4.160    0  0.000  0.463     0.00     0.00 -1  1.28e-13      0.00 7.000e-01 2.990e-01 1.100e-03 5.880e-04 3.170e-03 -1.000 1.000e-03 3.744 4.487 4.433 3.811 3.443 3.117 2.702 2.366 2.333
0.01000 1.00e+07 1.3239130974    1.324  0.435  3.7682  4.149    0  0.000  0.463     0.00     0.00 -1  1.34e-13      0.00 7.000e-01 2.990e-01 1.100e-03 5.880e-04 3.170e-03 -1.000 1.000e-03 3.681 4.397 4.355 3.745 3.382 3.060 2.653 2.324 2.291
0.01000 1.00e+07 1.3398650885    1.340  0.485  3.7737  4.127    0  0.000  0.463     0.00     0.00 -1  1.46e-13      0.00 7.000e-01 2.990e-01 1.100e-03 5.880e-04 3.170e-03 -1.000 9.999e-04 3.557 4.220 4.199 3.613 3.261 2.948 2.555 2.237 2.206
0.01000 1.00e+07 1.3609726429    1.361  0.553  3.7813  4.096    0  0.000  0.463     0.00     0.00 -1  1.65e-13      0.00 7.000e-01 2.990e-01 1.100e-03 5.880e-04 3.170e-03 -1.000 1.000e-03 3.387 3.980 3.985 3.432 3.095 2.794 2.421 2.120 2.091
0.01000 1.00e+07 1.3717391491    1.372  0.588  3.7853  4.080    0  0.000  0.463     0.00     0.00 -1  1.76e-13      0.00 7.000e-01 2.990e-01 1.100e-03 5.880e-04 3.170e-03 -1.000 1.000e-03 3.300 3.862 3.877 3.340 3.010 2.716 2.352 2.060 2.033
0.01000 1.00e+07 1.3761581182    1.376  0.603  3.7870  4.074    0  0.000  0.463     0.00     0.00 -1   1.8e-13      0.00 7.000e-01 2.990e-01 1.100e-03 5.880e-04 3.170e-03 -1.000 1.000e-03 3.264 3.813 3.832 3.302 2.975 2.684 2.324 2.036 2.009
0.01000 1.00e+07 1.3943549395    1.395  0.660  3.7940  4.050    0  0.000  0.463     0.00     0.00 -1  1.98e-13      0.00 7.000e-01 2.990e-01 1.100e-03 5.880e-04 3.170e-03 -1.000 1.000e-03 3.119 3.616 3.651 3.149 2.836 2.556 2.214 1.941 1.916
0.01000 1.00e+07 1.4130442142    1.413  0.717  3.8018  4.030    0  0.000  0.463     0.00     0.00 -1  2.16e-13      0.00 7.000e-01 2.990e-01 1.100e-03 5.880e-04 3.170e-03 -1.000 1.000e-03 2.977 3.428 3.471 2.999 2.701 2.433 2.110 1.853 1.830
0.01000 1.00e+07 1.4195654392    1.420  0.737  3.8046  4.024    0  0.000  0.463     0.00     0.00 -1  2.22e-13      0.00 7.000e-01 2.990e-01 1.100e-03 5.880e-04 3.170e-03 -1.000 1.000e-03 2.929 3.363 3.410 2.948 2.655 2.392 2.076 1.825 1.803
0.01000 1.00e+07 1.4268299341    1.427  0.758  3.8079  4.018    0  0.000  0.463     0.00     0.00 -1  2.28e-13      0.00 7.000e-01 2.990e-01 1.100e-03 5.880e-04 3.170e-03 -1.000 9.999e-04 2.874 3.291 3.340 2.890 2.604 2.346 2.038 1.794 1.772
0.01000 1.00e+07 1.4422776699    1.443  0.802  3.8154  4.009    0  0.000  0.463     0.00     0.00 -1  2.38e-13      0.00 7.000e-01 2.990e-01 1.100e-03 5.880e-04 3.170e-03 -1.000 1.000e-03 2.766 3.148 3.199 2.776 2.504 2.259 1.968 1.740 1.720
0.01000 1.00e+07 1.4599021673    1.460  0.847  3.8252  4.009    0  0.000  0.463     0.00     0.00 -1  2.46e-13      0.00 7.000e-01 2.990e-01 1.100e-03 5.880e-04 3.170e-03 -1.000 1.000e-03 2.653 2.994 3.046 2.655 2.402 2.173 1.906 1.697 1.679
0.01000 1.00e+07 1.4673912525    1.468  0.863  3.8299  4.013    0  0.000  0.463     0.00     0.00 -1  2.46e-13      0.00 7.000e-01 2.990e-01 1.100e-03 5.880e-04 3.170e-03 -1.000 1.000e-03 2.613 2.937 2.987 2.611 2.366 2.146 1.890 1.691 1.673
0.01000 1.00e+07 1.4769970179    1.477  0.884  3.8364  4.022    0  0.000  0.463     0.00     0.00 -1  2.43e-13      0.00 7.000e-01 2.990e-01 1.100e-03 5.880e-04 3.170e-03 -1.000 1.000e-03 2.561 2.863 2.911 2.555 2.323 2.114 1.873 1.686 1.670
0.01000 1.00e+07 1.4984748363    1.499  0.922  3.8531  4.056    0  0.000  0.463     0.00     0.00 -1  2.29e-13      0.00 7.000e-01 2.990e-01 1.100e-03 5.880e-04 3.170e-03 -1.000 1.000e-03 2.464 2.723 2.757 2.448 2.248 2.069 1.864 1.710 1.696
0.01000 1.00e+07 1.5055012703    1.506  0.928  3.8581  4.072    0  0.000  0.463     0.00     0.00 -1   2.2e-13      0.00 7.000e-01 2.990e-01 1.100e-03 5.880e-04 3.170e-03 -1.000 1.000e-03 2.450 2.698 2.728 2.431 2.241 2.070 1.877 1.732 1.719
0.01000 1.00e+07 1.5152173042    1.515  0.932  3.8641  4.095    0  0.000  0.463     0.00     0.00 -1  2.06e-13      0.00 7.000e-01 2.990e-01 1.100e-03 5.880e-04 3.170e-03 -1.000 1.000e-03 2.439 2.674 2.700 2.419 2.240 2.080 1.899 1.766 1.754
0.01000 1.00e+07 1.5390014648    1.539  0.931  3.8772  4.155    0  0.000  0.463     0.00     0.00 -1  1.64e-13      0.00 7.000e-01 2.990e-01 1.100e-03 5.880e-04 3.170e-03 -1.000 1.000e-03 2.442 2.655 2.669 2.420 2.265 2.128 1.975 1.864 1.853
0.01000 1.00e+07 1.5575461388    1.558  0.914  3.8824  4.198    0  0.000  0.463     0.00     0.00 -1  1.33e-13      0.00 7.000e-01 2.990e-01 1.100e-03 5.880e-04 3.170e-03 -1.000 1.000e-03 2.484 2.689 2.701 2.463 2.318 2.189 2.047 1.945 1.935
0.01000 1.00e+07 1.5630435944    1.563  0.907  3.8832  4.209    0  0.000  0.463     0.00     0.00 -1  1.25e-13      0.00 7.000e-01 2.990e-01 1.100e-03 5.880e-04 3.170e-03 -1.000 1.000e-03 2.501 2.705 2.718 2.481 2.337 2.209 2.069 1.967 1.957
0.01000 1.00e+07 1.5752072334    1.575  0.890  3.8839  4.232    0  0.000  0.463     0.00     0.00 -1         0      0.00 7.000e-01 2.990e-01 1.100e-03 5.880e-04 3.170e-03 -1.000 1.000e-03 2.544 2.746 2.761 2.524 2.381 2.254 2.115 2.014 2.005
0.01000 1.00e+07 1.5898195505    1.590  0.876  3.8840  4.252    0  0.000  0.463     0.00     0.00 -1         0      0.00 7.000e-01 2.990e-01 1.100e-03 5.880e-04 3.170e-03 -1.000 1.000e-03 2.580 2.782 2.799 2.562 2.419 2.291 2.153 2.052 2.042
0.01000 1.00e+07 1.6108696461    1.611  0.875  3.8862  4.266    0  0.000  0.463     0.00     0.00 -1         0      0.00 7.000e-01 2.990e-01 1.100e-03 5.880e-04 3.170e-03 -1.000 1.000e-03 2.581 2.780 2.796 2.563 2.424 2.300 2.166 2.068 2.059
0.01000 1.00e+07 1.6135936975    1.613  0.875  3.8864  4.268    0  0.000  0.463     0.00     0.00 -1         0      0.00 7.000e-01 2.990e-01 1.100e-03 5.880e-04 3.170e-03 -1.000 1.000e-03 2.582 2.780 2.796 2.564 2.425 2.302 2.168 2.071 2.062
0.01000 1.00e+07 1.6324993372    1.632  0.879  3.8889  4.279    0  0.000  0.463     0.00     0.00 -1         0      0.00 7.000e-01 2.990e-01 1.100e-03 5.880e-04 3.170e-03 -1.000 1.000e-03 2.572 2.766 2.780 2.553 2.419 2.300 2.172 2.079 2.070
0.01000 1.00e+07 1.6586956978    1.658  0.925  3.8998  4.284    0  0.000  0.463     0.00     0.00 -1         0      0.00 7.000e-01 2.990e-01 1.100e-03 5.880e-04 3.170e-03 -1.000 1.000e-03 2.458 2.643 2.641 2.442 2.329 2.230 2.122 2.047 2.039
0.01000 1.00e+07 1.6597865820    1.659  0.927  3.9003  4.284    0  0.000  0.463     0.00     0.00 -1         0      0.00 7.000e-01 2.990e-01 1.100e-03 5.880e-04 3.170e-03 -1.000 1.000e-03 2.453 2.638 2.635 2.437 2.325 2.227 2.120 2.045 2.037
0.01000 1.00e+07 1.6941299438    1.694  0.994  3.9175  4.295    0  0.000  0.463     0.00     0.00 -1         0      0.00 7.000e-01 2.990e-01 1.100e-03 5.880e-04 3.170e-03 -1.000 1.000e-03 2.285 2.457 2.433 2.280 2.201 2.132 2.057 2.007 2.000
0.01000 1.00e+07 1.7065217495    1.706  1.019  3.9247  4.302    0  0.000  0.463     0.00     0.00 -1         0      0.00 7.000e-01 2.990e-01 1.100e-03 5.880e-04 3.170e-03 -1.000 1.000e-03 2.223 2.390 2.362 2.227 2.161 2.103 2.040 1.999 1.992
0.01000 1.00e+07 1.7252571583    1.725  1.057  3.9360  4.314    0  0.000  0.463     0.00     0.00 -1         0      0.00 7.000e-01 2.990e-01 1.100e-03 5.880e-04 3.170e-03 -1.000 1.000e-03 2.128 2.288 2.258 2.152 2.104 2.062 2.017 1.989 1.983
0.01000 1.00e+07 1.7502187490    1.750  1.098  3.9496  4.334    0  0.000  0.463     0.00     0.00 -1         0      0.00 7.000e-01 2.990e-01 1.100e-03 5.880e-04 3.170e-03 -1.000 1.000e-03 2.026 2.180 2.160 2.084 2.054 2.029 2.004 1.988 1.984
0.01000 1.00e+07 1.7543478012    1.754  1.102  3.9511  4.337    0  0.000  0.463     0.00     0.00 -1         0      0.00 7.000e-01 2.990e-01 1.100e-03 5.880e-04 3.170e-03 -1.000 1.000e-03 2.015 2.169 2.152 2.078 2.050 2.026 2.004 1.989 1.985
0.01000 1.00e+07 1.7682108879    1.768  1.113  3.9553  4.346    0  0.000  0.463     0.00     0.00 -1         0      0.00 7.000e-01 2.990e-01 1.100e-03 5.880e-04 3.170e-03 -1.000 1.000e-03 1.988 2.141 2.130 2.064 2.041 2.022 2.005 1.993 1.990
0.01000 1.00e+07 1.7953181267    1.795  1.132  3.9626  4.362    0  0.000  0.463     0.00     0.00 -1         0      0.00 7.000e-01 2.990e-01 1.100e-03 5.880e-04 3.170e-03 -1.000 1.000e-03 1.940 2.091 2.091 2.039 2.023 2.012 2.005 1.998 1.997
0.01000 1.00e+07 1.8021739721    1.801  1.137  3.9643  4.365    0  0.000  0.463     0.00     0.00 -1         0      0.00 7.000e-01 2.990e-01 1.100e-03 5.880e-04 3.170e-03 -1.000 1.000e-03 1.927 2.078 2.081 2.032 2.018 2.008 2.003 1.998 1.997
0.01000 1.00e+07 1.8264795542    1.826  1.155  3.9714  4.382    0  0.000  0.463     0.00     0.00 -1         0      0.00 7.000e-01 2.990e-01 1.100e-03 5.880e-04 3.170e-03 -1.000 1.000e-03 1.882 2.034 2.052 2.013 2.006 2.003 2.007 2.006 2.006
0.01000 1.00e+07 1.8500000238    1.849  1.172  3.9758  4.388    0  0.000  0.463     0.00     0.00 -1         0      0.00 7.000e-01 2.990e-01 1.100e-03 5.880e-04 3.170e-03 -1.000 9.999e-04 1.840 1.993 2.019 1.989 1.985 1.986 1.996 1.997 1.999
0.01000 1.00e+07 1.8981708288    1.898  1.200  3.9843  4.405    0  0.000  0.463     0.00     0.00 -1         0      0.00 7.000e-01 2.990e-01 1.100e-03 5.880e-04 3.170e-03 -1.000 1.000e-03 1.769 1.926 1.971 1.953 1.955 1.962 1.983 1.989 1.992
0.01000 1.00e+07 1.9081184864    1.908  1.206  3.9857  4.407    0  0.000  0.463     0.00     0.00 -1         0      0.00 7.000e-01 2.990e-01 1.100e-03 5.880e-04 3.170e-03 -1.000 1.000e-03 1.754 1.911 1.961 1.944 1.947 1.956 1.979 1.985 1.988
0.01000 1.00e+07 1.9463415146    1.946  1.241  3.9928  4.409    0  0.000  0.463     0.00     0.00 -1         0      0.00 7.000e-01 2.990e-01 1.100e-03 5.880e-04 3.170e-03 -1.000 1.000e-03 1.667 1.827 1.894 1.888 1.896 1.910 1.941 1.950 1.955
0.01000 1.00e+07 1.9945122004    1.995  1.283  4.0013  4.412    0  0.000  0.463     0.00     0.00 -1         0      0.00 7.000e-01 2.990e-01 1.100e-03 5.880e-04 3.170e-03 -1.000 1.000e-03 1.562 1.726 1.815 1.822 1.834 1.853 1.894 1.907 1.915
0.01000 1.00e+07 2.0426828861    2.043  1.324  4.0093  4.413    0  0.000  0.463     0.00     0.00 -1         0      0.00 7.000e-01 2.990e-01 1.100e-03 5.880e-04 3.170e-03 -1.000 9.999e-04 1.459 1.628 1.740 1.757 1.774 1.798 1.847 1.863 1.873
0.01000 1.00e+07 2.0908539295    2.090  1.364  4.0171  4.414    0  0.000  0.463     0.00     0.00 -1         0      0.00 7.000e-01 2.990e-01 1.100e-03 5.880e-04 3.170e-03 -1.000 9.999e-04 1.360 1.533 1.669 1.695 1.716 1.744 1.801 1.821 1.833
0.01000 1.00e+07 2.1390244961    2.138  1.403  4.0246  4.415    0  0.000  0.463     0.00     0.00 -1         0      0.00 7.000e-01 2.990e-01 1.100e-03 5.880e-04 3.170e-03 -1.000 1.000e-03 1.262 1.442 1.600 1.635 1.659 1.690 1.756 1.778 1.792
0.01000 1.00e+07 2.1871953011    2.186  1.442  4.0320  4.416    0  0.000  0.463     0.00     0.00 -1         0      0.00 7.000e-01 2.990e-01 1.100e-03 5.880e-04 3.170e-03 -1.000 1.000e-03 1.166 1.352 1.533 1.576 1.602 1.638 1.711 1.736 1.752
0.01000 1.00e+07 2.2353658676    2.234  1.479  4.0390  4.416    0  0.000  0.463     0.00     0.00 -1         0      0.00 7.000e-01 2.990e-01 1.100e-03 5.880e-04 3.170e-03 -1.000 1.000e-03 1.074 1.268 1.470 1.520 1.548 1.587 1.668 1.694 1.712
0.01000 1.00e+07 2.3317074776    2.331  1.550  4.0523  4.417    0  0.000  0.463     0.00     0.00 -1         0      0.00 7.000e-01 2.990e-01 1.100e-03 5.880e-04 3.170e-03 -1.000 1.000e-03 0.895 1.106 1.349 1.411 1.444 1.488 1.582 1.613 1.634
0.01000 1.00e+07 2.5243902206    2.523  1.680  4.0761  4.416    0  0.000  0.463     0.00     0.00 -1         0      0.00 7.000e-01 2.990e-01 1.100e-03 5.880e-04 3.170e-03 -1.000 1.000e-03 0.569 0.816 1.133 1.212 1.251 1.304 1.421 1.458 1.486
0.01000 1.00e+07 2.7170732021    2.716  1.802  4.0978  4.413    0  0.000  0.463     0.00     0.00 -1         0      0.00 7.000e-01 2.990e-01 1.100e-03 5.880e-04 3.170e-03 -1.000 1.000e-03 0.265 0.553 0.934 1.027 1.070 1.131 1.268 1.310 1.342
0.01000 1.00e+07 2.9097561836    2.909  1.915  4.1172  4.408    0  0.000  0.463     0.00     0.00 -1         0      0.00 7.000e-01 2.990e-01 1.100e-03 5.880e-04 3.170e-03 -1.000 1.000e-03 -0.017 0.315 0.750 0.853 0.902 0.968 1.122 1.169 1.205
0.01000 1.00e+07 3.1024391651    3.101  2.020  4.1350  4.402    0  0.000  0.463     0.00     0.00 -1         0      0.00 7.000e-01 2.990e-01 1.100e-03 5.880e-04 3.170e-03 -1.000 1.000e-03 -0.279 0.100 0.580 0.694 0.745 0.818 0.986 1.036 1.076
0.01000 1.00e+07 3.2951221466    3.293  2.117  4.1511  4.395    0  0.000  0.463     0.00     0.00 -1         0      0.00 7.000e-01 2.990e-01 1.100e-03 5.880e-04 3.170e-03 -1.000 1.000e-03 -0.523 -0.099 0.421 0.543 0.598 0.676 0.856 0.910 0.953
0.01000 1.00e+07 3.4878048897    3.485  2.209  4.1665  4.389    0  0.000  0.463     0.00     0.00 -1         0      0.00 7.000e-01 2.990e-01 1.100e-03 5.880e-04 3.170e-03 -1.000 1.000e-03 -0.753 -0.282 0.274 0.403 0.462 0.544 0.735 0.793 0.838
0.01000 1.00e+07 3.5949378014    3.592  2.258  4.1743  4.385    0  0.000  0.463     0.00     0.00 -1         0      0.00 7.000e-01 2.990e-01 1.100e-03 5.880e-04 3.170e-03 -1.000 9.999e-04 -0.874 -0.378 0.194 0.328 0.389 0.473 0.670 0.729 0.776
0.01000 1.00e+07 3.6804881096    3.678  2.296  4.1804  4.382    0  0.000  0.463     0.00     0.00 -1         0      0.00 7.000e-01 2.990e-01 1.100e-03 5.880e-04 3.170e-03 -1.000 9.999e-04 -0.969 -0.453 0.133 0.269 0.331 0.418 0.619 0.680 0.727
0.01000 1.00e+07 3.8649785519    3.863  2.374  4.1927  4.374    0  0.000  0.463     0.00     0.00 -1         0      0.00 7.000e-01 2.990e-01 1.100e-03 5.880e-04 3.170e-03 -1.000 9.999e-04 -1.164 -0.607 0.005 0.148 0.212 0.303 0.512 0.575 0.625
0.01000 1.00e+07 3.8731708527    3.872  2.377  4.1933  4.374    0  0.000  0.463     0.00     0.00 -1         0      0.00 7.000e-01 2.990e-01 1.100e-03 5.880e-04 3.170e-03 -1.000 9.999e-04 -1.172 -0.613 -0.001 0.142 0.207 0.298 0.507 0.571 0.621
0.01000 1.00e+07 4.0658535957    4.065  2.454  4.2057  4.367    0  0.000  0.463     0.00     0.00 -1         0      0.00 7.000e-01 2.990e-01 1.100e-03 5.880e-04 3.170e-03 -1.000 1.000e-03 -1.366 -0.764 -0.126 0.023 0.091 0.185 0.403 0.469 0.521
0.01000 1.00e+07 4.2585368156    4.256  2.528  4.2174  4.360    0  0.000  0.463     0.00     0.00 -1         0      0.00 7.000e-01 2.990e-01 1.100e-03 5.880e-04 3.170e-03 -1.000 1.000e-03 -1.551 -0.907 -0.247 -0.091 -0.020 0.077 0.303 0.371 0.425
0.01000 1.00e+07 4.4512195587    4.449  2.599  4.2284  4.353    0  0.000  0.463     0.00     0.00 -1         0      0.00 7.000e-01 2.990e-01 1.100e-03 5.880e-04 3.170e-03 -1.000 1.000e-03 -1.726 -1.043 -0.362 -0.201 -0.128 -0.026 0.207 0.277 0.333
0.01000 1.00e+07 4.6439027786    4.642  2.666  4.2388  4.346    0  0.000  0.463     0.00     0.00 -1         0      0.00 7.000e-01 2.990e-01 1.100e-03 5.880e-04 3.170e-03 -1.000 1.000e-03 -1.894 -1.173 -0.472 -0.306 -0.230 -0.126 0.114 0.186 0.244
0.01000 1.00e+07 4.8365855217    4.835  2.730  4.2488  4.340    0  0.000  0.463     0.00     0.00 -1         0      0.00 7.000e-01 2.990e-01 1.100e-03 5.880e-04 3.170e-03 -1.000 1.000e-03 -2.055 -1.297 -0.578 -0.407 -0.329 -0.222 0.025 0.099 0.159
0.01000 1.00e+07 5.0292682648    5.029  2.792  4.2582  4.333    0  0.000  0.463     0.00     0.00 -1         0      0.00 7.000e-01 2.990e-01 1.100e-03 5.880e-04 3.170e-03 -1.000 1.000e-03 -2.209 -1.416 -0.681 -0.505 -0.424 -0.314 -0.062 0.015 0.076
0.01000 1.00e+07 5.2219510078    5.223  2.851  4.2672  4.326    0  0.000  0.463     0.00     0.00 -1         0      0.00 7.000e-01 2.990e-01 1.100e-03 5.880e-04 3.170e-03 -1.000 9.999e-04 -2.357 -1.531 -0.779 -0.599 -0.516 -0.403 -0.145 -0.067 -0.004
0.01000 1.00e+07 5.4146342278    5.416  2.908  4.2759  4.320    0  0.000  0.463     0.00     0.00 -1         0      0.00 7.000e-01 2.990e-01 1.100e-03 5.880e-04 3.170e-03 -1.000 1.000e-03 -2.500 -1.642 -0.875 -0.691 -0.606 -0.490 -0.227 -0.147 -0.082
0.01000 1.00e+07 5.6073174477    5.609  2.963  4.2841  4.313    0  0.000  0.463     0.00     0.00 -1         0      0.00 7.000e-01 2.990e-01 1.100e-03 5.880e-04 3.170e-03 -1.000 1.000e-03 -2.637 -1.749 -0.968 -0.780 -0.693 -0.574 -0.306 -0.225 -0.159
0.01000 1.00e+07 5.7882609367    5.791  3.013  4.2915  4.306    0  0.000  0.463     0.00     0.00 -1         0      0.00 7.000e-01 2.990e-01 1.100e-03 5.880e-04 3.170e-03 -1.000 1.000e-03 -2.762 -1.847 -1.053 -0.861 -0.772 -0.652 -0.379 -0.296 -0.229
0.01000 1.00e+07 5.8000001907    5.802  3.016  4.2920  4.306    0  0.000  0.463     0.00     0.00 -1         0      0.00 7.000e-01 2.990e-01 1.100e-03 5.880e-04 3.170e-03 -1.000 1.000e-03 -2.770 -1.853 -1.058 -0.866 -0.777 -0.657 -0.384 -0.301 -0.233
0.01000 1.00e+07 6.0000000000    6.002  3.069  4.3000  4.299    0  0.000  0.463     0.00     0.00 -1         0      0.00 7.000e-01 2.990e-01 1.100e-03 5.880e-04 3.170e-03 -1.000 1.000e-03 -2.904 -1.958 -1.149 -0.953 -0.862 -0.739 -0.461 -0.377 -0.308
0.01000 1.00e+07 6.0805907249    6.082  3.090  4.3030  4.296    0  0.000  0.463     0.00     0.00 -1         0      0.00 7.000e-01 2.990e-01 1.100e-03 5.880e-04 3.170e-03 -1.000 1.000e-03 -2.956 -1.999 -1.185 -0.988 -0.896 -0.772 -0.492 -0.407 -0.338
0.01000 1.00e+07 6.1999998093    6.201  3.121  4.3075  4.292    0  0.000  0.463     0.00     0.00 -1         0      0.00 7.000e-01 2.990e-01 1.100e-03 5.880e-04 3.170e-03 -1.000 1.000e-03 -3.032 -2.059 -1.237 -1.038 -0.945 -0.820 -0.537 -0.451 -0.381
0.01000 1.00e+07 6.4000000954    6.400  3.171  4.3148  4.285    0  0.000  0.463     0.00     0.00 -1         0      0.00 7.000e-01 2.990e-01 1.100e-03 5.880e-04 3.170e-03 -1.000 1.000e-03 -3.156 -2.156 -1.322 -1.120 -1.026 -0.898 -0.611 -0.523 -0.452
0.01000 1.00e+07 6.6691017151    6.668  3.235  4.3241  4.276    0  0.000  0.463     0.00     0.00 -1         0      0.00 7.000e-01 2.990e-01 1.100e-03 5.880e-04 3.170e-03 -1.000 1.000e-03 -3.317 -2.283 -1.434 -1.227 -1.131 -1.001 -0.707 -0.618 -0.544
0.01000 1.00e+07 7.0000000000    6.998  3.311  4.3351  4.264    0  0.000  0.463     0.00     0.00 -1         0      0.00 7.000e-01 2.990e-01 1.100e-03 5.880e-04 3.170e-03 -1.000 1.000e-03 -3.508 -2.435 -1.567 -1.356 -1.257 -1.123 -0.823 -0.731 -0.655
0.01000 1.00e+07 7.4649348259    7.465  3.412  4.3493  4.248    0  0.000  0.463     0.00     0.00 -1         0      0.00 7.000e-01 2.990e-01 1.100e-03 5.880e-04 3.170e-03 -1.000 1.000e-03 -3.760 -2.635 -1.744 -1.527 -1.424 -1.287 -0.978 -0.883 -0.804
0.01000 1.00e+07 8.0000000000    8.003  3.522  4.3645  4.229    0  0.000  0.463     0.00     0.00 -1         0      0.00 7.000e-01 2.990e-01 1.100e-03 5.880e-04 3.170e-03 -1.000 1.000e-03 -4.034 -2.856 -1.940 -1.716 -1.611 -1.469 -1.151 -1.052 -0.971
0.01000 1.00e+07 8.0795793533    8.082  3.537  4.3665  4.227    0  0.000  0.463     0.00     0.00 -1         0      0.00 7.000e-01 2.990e-01 1.100e-03 5.880e-04 3.170e-03 -1.000 1.000e-03 -4.073 -2.887 -1.968 -1.743 -1.637 -1.495 -1.176 -1.076 -0.995
0.01000 1.00e+07 8.6579017639    8.656  3.646  4.3811  4.205    0  0.000  0.463     0.00     0.00 -1         0      0.00 7.000e-01 2.990e-01 1.100e-03 5.880e-04 3.170e-03 -1.000 1.000e-03 -4.346 -3.109 -2.167 -1.936 -1.828 -1.681 -1.354 -1.251 -1.166
0.01000 1.00e+07 9.0000000000    8.997  3.709  4.3891  4.192    0  0.000  0.463     0.00     0.00 -1         0      0.00 7.000e-01 2.990e-01 1.100e-03 5.880e-04 3.170e-03 -1.000 1.000e-03 -4.502 -3.238 -2.283 -2.049 -1.939 -1.790 -1.458 -1.353 -1.267
0.01000 1.00e+07 9.0558404922    9.053  3.719  4.3903  4.189    0  0.000  0.463     0.00     0.00 -1         0      0.00 7.000e-01 2.990e-01 1.100e-03 5.880e-04 3.170e-03 -1.000 1.000e-03 -4.527 -3.258 -2.301 -2.067 -1.957 -1.807 -1.475 -1.370 -1.283
0.01000 1.00e+07 9.5668907166    9.566  3.807  4.4011  4.168    1  0.000  0.463     0.00     0.00 -1         0      0.00 7.000e-01 2.990e-01 1.100e-03 5.880e-04 3.170e-03 -1.000 1.000e-03 -4.747 -3.441 -2.468 -2.229 -2.117 -1.965 -1.626 -1.519 -1.430
0.01000 1.00e+07 10.0000000000   10.000  3.879  4.4096  4.149    1  0.000  0.463     0.00     0.00 -1         0      0.00 7.000e-01 2.990e-01 1.100e-03 5.880e-04 3.170e-03 -1.000 1.000e-03 -4.927 -3.593 -2.607 -2.364 -2.250 -2.096 -1.752 -1.644 -1.553
0.01000 1.00e+07 10.3638267517   10.365  3.936  4.4160  4.134    1  0.000  0.463     0.00     0.00 -1         0      0.00 7.000e-01 2.990e-01 1.100e-03 5.880e-04 3.170e-03 -1.000 1.000e-03 -5.070 -3.714 -2.718 -2.473 -2.357 -2.201 -1.854 -1.744 -1.652
0.01000 1.00e+07 10.8260622025   10.828  4.006  4.4237  4.113    1  0.000  0.463     0.00     0.00 -1         0      0.00 7.000e-01 2.990e-01 1.100e-03 5.880e-04 3.170e-03 -1.000 1.000e-03 -5.246 -3.865 -2.858 -2.610 -2.492 -2.334 -1.983 -1.871 -1.778
0.01000 1.00e+07 11.3163242340   11.319  4.080  4.4311  4.089    1  0.000  0.463     0.00     0.00 -1         0      0.00 7.000e-01 2.990e-01 1.100e-03 5.880e-04 3.170e-03 -1.000 1.000e-03 -5.429 -4.025 -3.007 -2.755 -2.636 -2.476 -2.121 -2.007 -1.912
0.01000 1.00e+07 11.7164049149   11.720  4.139  4.4364  4.066    1  0.000  0.463     0.00     0.00 -1         0      0.00 7.000e-01 2.990e-01 1.100e-03 5.880e-04 3.170e-03 -1.000 1.000e-03 -5.576 -4.156 -3.130 -2.876 -2.756 -2.594 -2.236 -2.121 -2.025
0.01000 1.00e+07 12.0000000000   12.004  4.180  4.4399  4.049    1  0.000  0.463     0.00     0.00 -1         0      0.00 7.000e-01 2.990e-01 1.100e-03 5.880e-04 3.170e-03 -1.000 1.000e-03 -5.680 -4.249 -3.219 -2.962 -2.842 -2.679 -2.318 -2.203 -2.107
0.01000 1.00e+07 12.1716947556   12.172  4.203  4.4418  4.039    1  0.000  0.463     0.00     0.00 -1         0      0.00 7.000e-01 2.990e-01 1.100e-03 5.880e-04 3.170e-03 -1.000 1.000e-03 -5.738 -4.303 -3.269 -3.012 -2.891 -2.728 -2.366 -2.250 -2.153
0.01000 1.00e+07 12.7304925919   12.721  4.278  4.4471  4.005    1  0.000  0.463     0.00     0.00 -1         0      0.00 7.000e-01 2.990e-01 1.100e-03 5.880e-04 3.170e-03 -1.000 1.000e-03 -5.925 -4.475 -3.434 -3.174 -3.052 -2.887 -2.521 -2.405 -2.307
0.01000 1.00e+07 13.2296199799   13.209  4.343  4.4510  3.972    1  0.000  0.463     0.00     0.00 -1         0      0.00 7.000e-01 2.990e-01 1.100e-03 5.880e-04 3.170e-03 -1.000 1.000e-03 -6.088 -4.631 -3.582 -3.321 -3.198 -3.032 -2.664 -2.547 -2.448
0.01000 1.00e+07 13.6905593872   13.658  4.403  4.4534  3.935    1  0.000  0.463     0.00     0.00 -1         0      0.00 7.000e-01 2.990e-01 1.100e-03 5.880e-04 3.170e-03 -1.000 1.000e-03 -6.239 -4.780 -3.726 -3.463 -3.340 -3.174 -2.804 -2.687 -2.587
0.01000 1.00e+07 14.0000000000   13.960  4.443  4.4543  3.909    1  0.000  0.463     0.00     0.00 -1         0      0.00 7.000e-01 2.990e-01 1.100e-03 5.880e-04 3.170e-03 -1.000 1.000e-03 -6.338 -4.881 -3.824 -3.561 -3.438 -3.272 -2.902 -2.784 -2.684
0.01000 1.00e+07 14.1657714844   14.122  4.463  4.4547  3.895    1  0.000  0.463     0.00     0.00 -1         0      0.00 7.000e-01 2.990e-01 1.100e-03 5.880e-04 3.170e-03 -1.000 1.000e-03 -6.389 -4.932 -3.874 -3.611 -3.488 -3.321 -2.951 -2.833 -2.733
0.01000 1.00e+07 14.6037025452   14.552  4.516  4.4550  3.857    1  0.000  0.463     0.00     0.00 -1         0      0.00 7.000e-01 2.990e-01 1.100e-03 5.880e-04 3.170e-03 -1.000 1.000e-03 -6.520 -5.070 -4.009 -3.745 -3.622 -3.456 -3.085 -2.967 -2.867
0.01000 1.00e+07 15.0136089325   14.952  4.565  4.4542  3.816    1  0.000  0.463     0.00     0.00 -1         0      0.00 7.000e-01 2.990e-01 1.100e-03 5.880e-04 3.170e-03 -1.000 1.000e-03 -6.643 -5.202 -4.139 -3.877 -3.754 -3.588 -3.217 -3.099 -2.999
0.01000 1.00e+07 15.4962320328   15.422  4.623  4.4513  3.760    1  0.000  0.463     0.00     0.00 -1         0      0.00 7.000e-01 2.990e-01 1.100e-03 5.880e-04 3.170e-03 -1.000 1.000e-03 -6.789 -5.366 -4.303 -4.041 -3.920 -3.755 -3.385 -3.267 -3.168
0.01000 1.00e+07 15.9415445328   15.854  4.677  4.4469  3.701    1  0.000  0.463     0.00     0.00 -1         0      0.00 7.000e-01 2.990e-01 1.100e-03 5.880e-04 3.170e-03 -1.000 1.000e-03 -6.921 -5.521 -4.461 -4.201 -4.080 -3.916 -3.549 -3.432 -3.333
0.01000 1.00e+07 16.0000000000   15.910  4.683  4.4461  3.693    1  0.000  0.463     0.00     0.00 -1         0      0.00 7.000e-01 2.990e-01 1.100e-03 5.880e-04 3.170e-03 -1.000 1.000e-03 -6.939 -5.542 -4.482 -4.222 -4.102 -3.939 -3.572 -3.455 -3.356
0.01000 1.00e+07 16.2665824890   16.163  4.713  4.4427  3.656    1  0.000  0.463     0.00     0.00 -1         0      0.00 7.000e-01 2.990e-01 1.100e-03 5.880e-04 3.170e-03 -1.000 1.000e-03 -7.013 -5.632 -4.575 -4.316 -4.197 -4.034 -3.669 -3.553 -3.455
0.01000 1.00e+07 16.6412391663   16.517  4.756  4.4356  3.595    1  0.000  0.463     0.00     0.00 -1         0      0.00 7.000e-01 2.990e-01 1.100e-03 5.880e-04 3.170e-03 -1.000 1.000e-03 -7.119 -5.769 -4.718 -4.462 -4.344 -4.184 -3.822 -3.707 -3.610
0.01000 1.00e+07 17.0031871796   16.858  4.797  4.4269  3.528    1  0.000  0.463     0.00     0.00 -1         0      0.00 7.000e-01 2.990e-01 1.100e-03 5.880e-04 3.170e-03 -1.000 9.999e-04 -7.221 -5.909 -4.865 -4.613 -4.497 -4.339 -3.982 -3.869 -3.773
0.01000 1.00e+07 17.3302536011   17.166  4.833  4.4174  3.461    1  0.000  0.463     0.00     0.00 -1         0      0.00 7.000e-01 2.990e-01 1.100e-03 5.880e-04 3.170e-03 -1.000 1.000e-03 -7.313 -6.041 -5.006 -4.757 -4.644 -4.489 -4.137 -4.027 -3.933
0.01000 1.00e+07 17.6043186188   17.422  4.865  4.4069  3.394    1  0.000  0.463     0.00     0.00 -1         0      0.00 7.000e-01 2.990e-01 1.100e-03 5.880e-04 3.170e-03 -1.000 1.000e-03 -7.393 -6.170 -5.140 -4.897 -4.788 -4.637 -4.291 -4.182 -4.090
0.01000 1.00e+07 17.8560085297   17.658  4.895  4.3965  3.328    1  0.000  0.463     0.00     0.00 -1         0      0.00 7.000e-01 2.990e-01 1.100e-03 5.880e-04 3.170e-03 -1.000 1.000e-03 -7.468 -6.291 -5.269 -5.031 -4.925 -4.778 -4.437 -4.330 -4.240
0.01000 1.00e+07 18.0000000000   17.795  4.913  4.3915  3.294    1  0.000  0.463     0.00     0.00 -1         0      0.00 7.000e-01 2.990e-01 1.100e-03 5.880e-04 3.170e-03 -1.000 1.000e-03 -7.511 -6.357 -5.340 -5.104 -4.999 -4.853 -4.514 -4.409 -4.320
0.01000 1.00e+07 18.1831684113   17.966  4.934  4.3861  3.255    1  0.000  0.463     0.00     0.00 -1         0      0.00 7.000e-01 2.990e-01 1.100e-03 5.880e-04 3.170e-03 -1.000 1.000e-03 -7.564 -6.435 -5.422 -5.188 -5.085 -4.941 -4.604 -4.501 -4.413
0.01000 1.00e+07 18.3167114258   18.090  4.954  4.3965  3.279    1  0.000  0.463     0.00     0.00 -1         0      0.00 7.000e-01 2.990e-01 1.100e-03 5.880e-04 3.170e-03 -1.000 1.000e-03 -7.615 -6.447 -5.420 -5.183 -5.078 -4.931 -4.589 -4.483 -4.393
0.01000 1.00e+07 18.3416900635   18.113  4.962  4.4068  3.313    1  0.000  0.463     0.00     0.00 -1         0      0.00 7.000e-01 2.990e-01 1.100e-03 5.880e-04 3.170e-03 -1.000 1.000e-03 -7.636 -6.429 -5.391 -5.150 -5.042 -4.892 -4.545 -4.437 -4.344
0.01000 1.00e+07 18.3523635864   18.123  4.971  4.4165  3.343    1  0.000  0.463     0.00     0.00 -1         0      0.00 7.000e-01 2.990e-01 1.100e-03 5.880e-04 3.170e-03 -1.000 1.000e-03 -7.658 -6.405 -5.361 -5.115 -5.004 -4.851 -4.498 -4.388 -4.294
0.01000 1.00e+07 18.3584175110   18.128  4.986  4.4289  3.378    1  0.000  0.463     0.00     0.00 -1         0      0.00 7.000e-01 2.990e-01 1.100e-03 5.880e-04 3.170e-03 -1.000 1.000e-03 -7.695 -6.388 -5.336 -5.083 -4.967 -4.810 -4.451 -4.337 -4.241
0.01000 1.00e+07 18.3610553741   18.131  5.000  4.4388  3.404    1  0.000  0.463     0.00     0.00 -1         0      0.00 7.000e-01 2.990e-01 1.100e-03 5.880e-04 3.170e-03 -1.000 1.000e-03 -7.730 -6.385 -5.324 -5.066 -4.948 -4.787 -4.423 -4.307 -4.209
0.01000 1.00e+07 18.3624343872   18.132  5.003  4.4418  3.413    1  0.000  0.463     0.00     0.00 -1         0      0.00 7.000e-01 2.990e-01 1.100e-03 5.880e-04 3.170e-03 -1.000 1.000e-03 -7.736 -6.383 -5.318 -5.059 -4.940 -4.778 -4.413 -4.296 -4.198
0.01000 1.00e+07 18.3657245636   18.135  4.989  4.4324  3.389    2  0.000  0.463     0.00     0.00 -1         0      0.00 7.000e-01 2.990e-01 1.100e-03 5.880e-04 3.170e-03 -1.000 1.000e-03 -7.703 -6.382 -5.327 -5.072 -4.956 -4.797 -4.436 -4.322 -4.225
0.01000 1.00e+07 18.3672657013   18.136  4.986  4.4213  3.348    2  0.000  0.463     0.00     0.00 -1         0      0.00 7.000e-01 2.990e-01 1.100e-03 5.880e-04 3.170e-03 -1.000 1.000e-03 -7.694 -6.420 -5.373 -5.124 -5.011 -4.856 -4.501 -4.390 -4.295
0.01000 1.00e+07 18.3687992096   18.138  4.987  4.4071  3.290    2  0.000  0.463     0.00     0.00 -1         0      0.00 7.000e-01 2.990e-01 1.100e-03 5.880e-04 3.170e-03 -1.000 1.000e-03 -7.697 -6.494 -5.453 -5.212 -5.104 -4.955 -4.607 -4.499 -4.407
0.01000 1.00e+07 18.3700981140   18.139  4.994  4.3934  3.229    2  0.000  0.463     0.00     0.00 -1         0      0.00 7.000e-01 2.990e-01 1.100e-03 5.880e-04 3.170e-03 -1.000 1.000e-03 -7.715 -6.566 -5.538 -5.303 -5.198 -5.053 -4.712 -4.607 -4.517
0.01000 1.00e+07 18.3715591431   18.141  5.001  4.3760  3.152    2  0.000  0.463     0.00     0.00 -1         0      0.00 7.000e-01 2.990e-01 1.100e-03 5.880e-04 3.170e-03 -1.000 1.000e-03 -7.732 -6.653 -5.645 -5.416 -5.316 -5.175 -4.844 -4.743 -4.656
0.01000 1.00e+07 18.3726463318   18.142  5.004  4.3621  3.093    2  0.000  0.463     0.00     0.00 -1         0      0.00 7.000e-01 2.990e-01 1.100e-03 5.880e-04 3.170e-03 -1.000 1.000e-03 -7.740 -6.716 -5.725 -5.501 -5.405 -5.268 -4.944 -4.846 -4.761
0.01000 1.00e+07 18.3736743927   18.142  5.006  4.3481  3.035    2  0.000  0.463     0.00     0.00 -1         0      0.00 7.000e-01 2.990e-01 1.100e-03 5.880e-04 3.170e-03 -1.000 9.999e-04 -7.746 -6.777 -5.803 -5.585 -5.491 -5.358 -5.041 -4.945 -4.863
0.01000 1.00e+07 18.3746566772   18.143  5.008  4.3337  2.976    2  0.000  0.463     0.00     0.00 -1         0      0.00 7.000e-01 2.990e-01 1.100e-03 5.880e-04 3.170e-03 -1.000 1.000e-03 -7.749 -6.832 -5.880 -5.667 -5.576 -5.447 -5.137 -5.044 -4.965
0.01000 1.00e+07 18.3755950928   18.143  5.009  4.3190  2.916    2  0.000  0.463     0.00     0.00 -1         0      0.00 7.000e-01 2.990e-01 1.100e-03 5.880e-04 3.170e-03 -1.000 1.000e-03 -7.752 -6.881 -5.956 -5.747 -5.659 -5.533 -5.233 -5.143 -5.066
0.01000 1.00e+07 18.3764934540   18.144  5.010  4.3037  2.854    2  0.000  0.463     0.00     0.00 -1         0      0.00 7.000e-01 2.990e-01 1.100e-03 5.880e-04 3.170e-03 -1.000 1.000e-03 -7.754 -6.932 -6.035 -5.831 -5.746 -5.625 -5.334 -5.248 -5.174
0.01000 1.00e+07 18.3773517609   18.145  5.010  4.2880  2.791    2  0.000  0.463     0.00     0.00 -1         0      0.00 7.000e-01 2.990e-01 1.100e-03 5.880e-04 3.170e-03 -1.000 1.000e-03 -7.755 -7.001 -6.117 -5.921 -5.842 -5.727 -5.445 -5.363 -5.292
0.01000 1.00e+07 18.3783702850   18.146  5.010  4.2678  2.710    2  0.000  0.463     0.00     0.00 -1         0      0.00 7.000e-01 2.990e-01 1.100e-03 5.880e-04 3.170e-03 -1.000 1.000e-03 -7.755 -7.091 -6.222 -6.039 -5.967 -5.860 -5.590 -5.513 -5.445
0.01000 1.00e+07 18.3791446686   18.146  5.010  4.2511  2.644    2  0.000  0.463     0.00     0.00 -1         0      0.00 7.000e-01 2.990e-01 1.100e-03 5.880e-04 3.170e-03 -1.000 1.000e-03 -7.755 -7.151 -6.307 -6.131 -6.064 -5.963 -5.702 -5.630 -5.565
0.01000 1.00e+07 18.3798866272   18.146  5.009  4.2340  2.575    2  0.000  0.463     0.00     0.00 -1         0      0.00 7.000e-01 2.990e-01 1.100e-03 5.880e-04 3.170e-03 -1.000 1.000e-03 -7.753 -7.210 -6.395 -6.226 -6.164 -6.069 -5.819 -5.751 -5.690
0.01000 1.00e+07 18.3805904388   18.147  5.009  4.2165  2.506    2  0.000  0.463     0.00     0.00 -1         0      0.00 7.000e-01 2.990e-01 1.100e-03 5.880e-04 3.170e-03 -1.000 1.000e-03 -7.751 -7.270 -6.484 -6.322 -6.265 -6.176 -5.939 -5.875 -5.817
0.01000 1.00e+07 18.3814296722   18.147  5.007  4.1936  2.416    2  0.000  0.463     0.00     0.00 -1         0      0.00 7.000e-01 2.990e-01 1.100e-03 5.880e-04 3.170e-03 -1.000 1.000e-03 -7.748 -7.337 -6.600 -6.447 -6.395 -6.315 -6.093 -6.036 -5.982
0.01000 1.00e+07 18.3822174072   18.148  5.006  4.1704  2.324    2  0.000  0.463     0.00     0.00 -1         0      0.00 7.000e-01 2.990e-01 1.100e-03 5.880e-04 3.170e-03 -1.000 1.000e-03 -7.745 -7.407 -6.715 -6.573 -6.528 -6.457 -6.252 -6.200 -6.150
0.01000 1.00e+07 18.3828144073   18.148  5.005  4.1513  2.249    2  0.000  0.463     0.00     0.00 -1         0      0.00 7.000e-01 2.990e-01 1.100e-03 5.880e-04 3.170e-03 -1.000 1.000e-03 -7.741 -7.475 -6.799 -6.672 -6.637 -6.576 -6.383 -6.338 -6.292
0.01000 1.00e+07 18.3833827972   18.149  5.003  4.1318  2.173    2  0.000  0.463     0.00     0.00 -1         0      0.00 7.000e-01 2.990e-01 1.100e-03 5.880e-04 3.170e-03 -1.000 1.000e-03 -7.738 -7.528 -6.897 -6.779 -6.748 -6.694 -6.516 -6.476 -6.433
0.01000 1.00e+07 18.3839244843   18.149  5.002  4.1120  2.095    2  0.000  0.463     0.00     0.00 -1         0      0.00 7.000e-01 2.990e-01 1.100e-03 5.880e-04 3.170e-03 -1.000 1.000e-03 -7.735 -7.565 -7.009 -6.892 -6.862 -6.812 -6.652 -6.614 -6.575
0.01000 1.00e+07 18.3845672607   18.150  5.001  4.0870  1.996    2  0.000  0.463     0.00     0.00 -1         0      0.00 7.000e-01 2.990e-01 1.100e-03 5.880e-04 3.170e-03 -1.000 1.000e-03 -7.731 -7.624 -7.133 -7.026 -7.003 -6.961 -6.822 -6.791 -6.756
0.01000 1.00e+07 18.3850536346   18.150  4.999  4.0667  1.916    2  0.000  0.463     0.00     0.00 -1         0      0.00 7.000e-01 2.990e-01 1.100e-03 5.880e-04 3.170e-03 -1.000 1.000e-03 -7.729 -7.691 -7.203 -7.120 -7.111 -7.085 -6.959 -6.937 -6.906
0.01000 1.00e+07 18.3855171204   18.150  4.998  4.0463  1.836    2  0.000  0.463     0.00     0.00 -1         0      0.00 7.000e-01 2.990e-01 1.100e-03 5.880e-04 3.170e-03 -1.000 1.000e-03 -7.726 -7.731 -7.291 -7.221 -7.220 -7.202 -7.095 -7.080 -7.053
0.01000 1.00e+07 18.3859596252   18.150  4.998  4.0260  1.755    2  0.000  0.463     0.00     0.00 -1         0      0.00 7.000e-01 2.990e-01 1.100e-03 5.880e-04 3.170e-03 -1.000 1.000e-03 -7.724 -7.752 -7.383 -7.321 -7.323 -7.314 -7.228 -7.218 -7.195
0.01000 1.00e+07 18.3864803314   18.150  4.997  4.0007  1.655    2  0.000  0.463     0.00     0.00 -1         0      0.00 7.000e-01 2.990e-01 1.100e-03 5.880e-04 3.170e-03 -1.000 1.000e-03 -7.721 -7.765 -7.492 -7.439 -7.446 -7.446 -7.390 -7.388 -7.369
0.01000 1.00e+07 18.3868751526   18.150  4.996  3.9803  1.574    2  0.000  0.463     0.00     0.00 -1         0      0.00 7.000e-01 2.990e-01 1.100e-03 5.880e-04 3.170e-03 -1.000 1.000e-03 -7.719 -7.765 -7.575 -7.530 -7.540 -7.549 -7.519 -7.524 -7.510
0.01000 1.00e+07 18.3872528076   18.149  4.995  3.9605  1.496    2  0.000  0.463     0.00     0.00 -1         0      0.00 7.000e-01 2.990e-01 1.100e-03 5.880e-04 3.170e-03 -1.000 1.000e-03 -7.717 -7.767 -7.626 -7.604 -7.625 -7.648 -7.642 -7.657 -7.648
0.01000 1.00e+07 18.3876094818   18.149  4.994  3.9410  1.419    2  0.000  0.463     0.00     0.00 -1         0      0.00 7.000e-01 2.990e-01 1.100e-03 5.880e-04 3.170e-03 -1.000 1.000e-03 -7.714 -7.762 -7.667 -7.670 -7.704 -7.742 -7.760 -7.786 -7.782
0.01000 1.00e+07 18.3879547119   18.149  4.993  3.9219  1.344    2  0.000  0.463     0.00     0.00 -1         0      0.00 7.000e-01 2.990e-01 1.100e-03 5.880e-04 3.170e-03 -1.000 1.000e-03 -7.712 -7.731 -7.711 -7.731 -7.773 -7.824 -7.874 -7.910 -7.912
0.01000 1.00e+07 18.3882770538   18.148  4.992  3.9040  1.273    2  0.000  0.463     0.00     0.00 -1         0      0.00 7.000e-01 2.990e-01 1.100e-03 5.880e-04 3.170e-03 -1.000 1.000e-03 -7.709 -7.684 -7.733 -7.776 -7.830 -7.896 -7.978 -8.027 -8.035
0.01000 1.00e+07 18.3885879517   18.148  4.990  3.8856  1.201    2  0.000  0.463     0.00     0.00 -1         0      0.00 7.000e-01 2.990e-01 1.100e-03 5.880e-04 3.170e-03 -1.000 1.000e-03 -7.706 -7.614 -7.737 -7.803 -7.874 -7.960 -8.081 -8.147 -8.161
0.01000 1.00e+07 18.3888816833   18.148  4.989  3.8683  1.133    2  0.000  0.463     0.00     0.00 -1         0      0.00 7.000e-01 2.990e-01 1.100e-03 5.880e-04 3.170e-03 -1.000 1.000e-03 -7.702 -7.531 -7.708 -7.814 -7.910 -8.020 -8.178 -8.264 -8.284
0.01000 1.00e+07 18.3891639709   18.148  4.987  3.8513  1.067    2  0.000  0.463     0.00     0.00 -1         0      0.00 7.000e-01 2.990e-01 1.100e-03 5.880e-04 3.170e-03 -1.000 1.000e-03 -7.698 -7.434 -7.653 -7.812 -7.940 -8.078 -8.274 -8.384 -8.409
0.01000 1.00e+07 18.3894329071   18.148  4.985  3.8340  1.000    2  0.000  0.463     0.00     0.00 -1         0      0.00 7.000e-01 2.990e-01 1.100e-03 5.880e-04 3.170e-03 -1.000 1.000e-03 -7.693 -7.318 -7.571 -7.799 -7.966 -8.135 -8.370 -8.508 -8.538
0.01000 1.00e+07 18.3896942139   18.148  4.983  3.8173  0.935    2  0.000  0.463     0.00     0.00 -1         0      0.00 7.000e-01 2.990e-01 1.100e-03 5.880e-04 3.170e-03 -1.000 1.000e-03 -7.688 -7.191 -7.469 -7.781 -7.988 -8.190 -8.463 -8.630 -8.664
0.01000 1.00e+07 18.3899402618   18.148  4.981  3.8013  0.873    2  0.000  0.463     0.00     0.00 -1         0      0.00 7.000e-01 2.990e-01 1.100e-03 5.880e-04 3.170e-03 -1.000 1.000e-03 -7.683 -7.056 -7.360 -7.757 -8.005 -8.237 -8.549 -8.747 -8.785
0.01000 1.00e+07 18.3902397156   18.148  4.977  3.7820  0.800    2  0.000  0.463     0.00     0.00 -1         0      0.00 7.000e-01 2.990e-01 1.100e-03 5.880e-04 3.170e-03 -1.000 1.000e-03 -7.673 -6.865 -7.210 -7.715 -8.013 -8.284 -8.644 -8.884 -8.927
0.01000 1.00e+07 18.3904666901   18.148  4.973  3.7670  0.744    2  0.000  0.463     0.00     0.00 -1         0      0.00 7.000e-01 2.990e-01 1.100e-03 5.880e-04 3.170e-03 -1.000 1.000e-03 -7.663 -6.690 -7.082 -7.673 -8.011 -8.311 -8.711 -8.986 -9.033
0.01000 1.00e+07 18.3906803131   18.148  4.969  3.7527  0.691    2  0.000  0.463     0.00     0.00 -1         0      0.00 7.000e-01 2.990e-01 1.100e-03 5.880e-04 3.170e-03 -1.000 1.000e-03 -7.653 -6.495 -6.947 -7.625 -8.001 -8.331 -8.771 -9.081 -9.132
0.01000 1.00e+07 18.3908882141   18.148  4.965  3.7387  0.639    2  0.000  0.463     0.00     0.00 -1         0      0.00 7.000e-01 2.990e-01 1.100e-03 5.880e-04 3.170e-03 -1.000 1.000e-03 -7.642 -6.277 -6.804 -7.573 -7.987 -8.345 -8.826 -9.171 -9.225
0.01000 1.00e+07 18.3910827637   18.148  4.959  3.7258  0.593    2  0.000  0.463     0.00     0.00 -1         0      0.00 7.000e-01 2.990e-01 1.100e-03 5.880e-04 3.170e-03 -1.000 1.000e-03 -7.628 -6.042 -6.659 -7.515 -7.965 -8.349 -8.869 -9.249 -9.306
0.01000 1.00e+07 18.3912715912   18.148  4.954  3.7132  0.548    2  0.000  0.463     0.00     0.00 -1         0      0.00 7.000e-01 2.990e-01 1.100e-03 5.880e-04 3.170e-03 -1.000 1.000e-03 -7.614 -5.790 -6.510 -7.452 -7.937 -8.344 -8.906 -9.321 -9.379
0.01000 1.00e+07 18.3914489746   18.148  4.948  3.7011  0.506    2  0.000  0.463     0.00     0.00 -1         0      0.00 7.000e-01 2.990e-01 1.100e-03 5.880e-04 3.170e-03 -1.000 1.000e-03 -7.599 -5.533 -6.362 -7.387 -7.904 -8.335 -8.938 -9.388 -9.448
0.01000 1.00e+07 18.3916187286   18.148  4.942  3.6894  0.464    2  0.000  0.463     0.00     0.00 -1         0      0.00 7.000e-01 2.990e-01 1.100e-03 5.880e-04 3.170e-03 -1.000 1.000e-03 -7.585 -5.264 -6.211 -7.317 -7.867 -8.320 -8.966 -9.449 -9.514
0.01000 1.00e+07 18.3918190002   18.148  4.934  3.6754  0.416    2  0.000  0.463     0.00     0.00 -1         0      0.00 7.000e-01 2.990e-01 1.100e-03 5.880e-04 3.170e-03 -1.000 9.999e-04 -7.566 -4.913 -6.019 -7.224 -7.813 -8.293 -8.994 -9.517 -9.591
0.01000 1.00e+07 18.3919734955   18.148  4.928  3.6651  0.381    2  0.000  0.463     0.00     0.00 -1         0      0.00 7.000e-01 2.990e-01 1.100e-03 5.880e-04 3.170e-03 -1.000 1.000e-03 -7.550 -4.628 -5.867 -7.144 -7.766 -8.268 -9.013 -9.563 -9.646
0.01000 1.00e+07 18.3921203613   18.148  4.921  3.6563  0.353    2  0.000  0.463     0.00     0.00 -1         0      0.00 7.000e-01 2.990e-01 1.100e-03 5.880e-04 3.170e-03 -1.000 1.000e-03 -7.532 -4.358 -5.723 -7.066 -7.716 -8.239 -9.024 -9.595 -9.690
0.01000 1.00e+07 18.3922615051   18.149  4.914  3.6480  0.327    2  0.000  0.463     0.00     0.00 -1         0      0.00 7.000e-01 2.990e-01 1.100e-03 5.880e-04 3.170e-03 -1.000 1.000e-03 -7.515 -4.084 -5.580 -6.982 -7.662 -8.207 -9.031 -9.622 -9.729
0.01000 1.00e+07 18.3923950195   18.149  4.906  3.6418  0.310    2  0.000  0.463     0.00     0.00 -1         0      0.00 7.000e-01 2.990e-01 1.100e-03 5.880e-04 3.170e-03 -1.000 1.000e-03 -7.494 -3.864 -5.462 -6.907 -7.612 -8.174 -9.027 -9.634 -9.750
0.01000 1.00e+07 18.3925266266   18.148  4.898  3.6358  0.294    2  0.000  0.463     0.00     0.00 -1         0      0.00 7.000e-01 2.990e-01 1.100e-03 5.880e-04 3.170e-03 -1.000 1.000e-03 -7.474 -3.646 -5.343 -6.831 -7.559 -8.140 -9.022 -9.643 -9.769
0.01000 1.00e+07 18.3926486969   18.148  4.889  3.6311  0.284    2  0.000  0.463     0.00     0.00 -1         0      0.00 7.000e-01 2.990e-01 1.100e-03 5.880e-04 3.170e-03 -1.000 1.000e-03 -7.453 -3.473 -5.246 -6.765 -7.513 -8.108 -9.012 -9.644 -9.778
0.01000 1.00e+07 18.3927688599   18.148  4.880  3.6273  0.278    2  0.000  0.463     0.00     0.00 -1         0      0.00 7.000e-01 2.990e-01 1.100e-03 5.880e-04 3.170e-03 -1.000 1.000e-03 -7.431 -3.325 -5.161 -6.705 -7.469 -8.076 -8.999 -9.641 -9.781
0.01000 1.00e+07 18.3928813934   18.148  4.872  3.6237  0.272    2  0.000  0.463     0.00     0.00 -1         0      0.00 7.000e-01 2.990e-01 1.100e-03 5.880e-04 3.170e-03 -1.000 1.000e-03 -7.410 -3.188 -5.079 -6.646 -7.425 -8.046 -8.985 -9.637 -9.783
0.01000 1.00e+07 18.3929920197   18.148  4.865  3.6211  0.268    2  0.000  0.463     0.00     0.00 -1         0      0.00 7.000e-01 2.990e-01 1.100e-03 5.880e-04 3.170e-03 -1.000 1.000e-03 -7.393 -3.092 -5.018 -6.601 -7.392 -8.021 -8.973 -9.632 -9.783
0.01000 1.00e+07 18.3931026459   18.149  4.860  3.6193  0.266    2  0.000  0.463     0.00     0.00 -1         0      0.00 7.000e-01 2.990e-01 1.100e-03 5.880e-04 3.170e-03 -1.000 1.000e-03 -7.379 -3.022 -4.974 -6.567 -7.365 -8.002 -8.962 -9.627 -9.780
0.01000 1.00e+07 18.3932132721   18.149  4.854  3.6175  0.265    2  0.000  0.463     0.00     0.00 -1         0      0.00 7.000e-01 2.990e-01 1.100e-03 5.880e-04 3.170e-03 -1.000 1.000e-03 -7.365 -2.953 -4.930 -6.534 -7.340 -7.983 -8.952 -9.621 -9.777
0.01000 1.00e+07 18.3933277130   18.149  4.848  3.6156  0.263    2  0.000  0.463     0.00     0.00 -1         0      0.00 7.000e-01 2.990e-01 1.100e-03 5.880e-04 3.170e-03 -1.000 1.000e-03 -7.350 -2.880 -4.884 -6.499 -7.313 -7.962 -8.940 -9.615 -9.775
0.01000 1.00e+07 18.3934650421   18.149  4.841  3.6134  0.261    2  0.000  0.463     0.00     0.00 -1         0      0.00 7.000e-01 2.990e-01 1.100e-03 5.880e-04 3.170e-03 -1.000 1.000e-03 -7.333 -2.794 -4.828 -6.456 -7.280 -7.938 -8.927 -9.608 -9.771
0.01000 1.00e+07 18.3936424255   18.149  4.832  3.6105  0.259    2  0.000  0.463     0.00     0.00 -1         0      0.00 7.000e-01 2.990e-01 1.100e-03 5.880e-04 3.170e-03 -1.000 1.000e-03 -7.310 -2.687 -4.756 -6.400 -7.236 -7.907 -8.909 -9.599 -9.767
0.01000 1.00e+07 18.3939304352   18.150  4.824  3.6068  0.252    2  0.000  0.463     0.00     0.00 -1         0      0.00 7.000e-01 2.990e-01 1.100e-03 5.880e-04 3.170e-03 -1.000 1.000e-03 -7.290 -2.566 -4.673 -6.335 -7.187 -7.875 -8.895 -9.597 -9.770
0.01000 1.00e+07 18.3942413330   18.150  4.816  3.6029  0.245    2  0.000  0.463     0.00     0.00 -1         0      0.00 7.000e-01 2.990e-01 1.100e-03 5.880e-04 3.170e-03 -1.000 1.000e-03 -7.270 -2.439 -4.586 -6.267 -7.137 -7.842 -8.880 -9.596 -9.774
0.01000 1.00e+07 18.3944702148   18.150  4.810  3.6001  0.239    2  0.000  0.463     0.00     0.00 -1         0      0.00 7.000e-01 2.990e-01 1.100e-03 5.880e-04 3.170e-03 -1.000 1.000e-03 -7.255 -2.345 -4.521 -6.217 -7.099 -7.818 -8.870 -9.595 -9.777
0.01000 1.00e+07 18.3946914673   18.150  4.818  3.5969  0.218    2  0.000  0.463     0.00     0.00 -1         0      0.00 7.000e-01 2.990e-01 1.100e-03 5.880e-04 3.170e-03 -1.000 1.000e-03 -7.275 -2.267 -4.480 -6.194 -7.092 -7.828 -8.896 -9.630 -9.818
0.01000 1.00e+07 18.3951282501   18.150  4.855  3.5905  0.156    3  0.000  0.463     0.00     0.00 -1         0      0.00 7.000e-01 2.990e-01 1.100e-03 5.880e-04 3.170e-03 -1.000 1.000e-03 -7.368 -2.156 -4.437 -6.190 -7.122 -7.898 -9.000 -9.754 -9.951
0.01000 1.00e+07 18.3953609467   18.150  4.875  3.5870  0.122    3  0.000  0.463     0.00     0.00 -1         0      0.00 7.000e-01 2.990e-01 1.100e-03 5.880e-04 3.170e-03 -1.000 1.000e-03 -7.417 -2.098 -4.414 -6.187 -7.137 -7.936 -9.056 -9.820 -10.023
0.01000 1.00e+07 18.3955364227   18.151  4.893  3.5845  0.094    3  0.000  0.463     0.00     0.00 -1         0      0.00 7.000e-01 2.990e-01 1.100e-03 5.880e-04 3.170e-03 -1.000 1.000e-03 -7.463 -2.060 -4.404 -6.194 -7.158 -7.973 -9.106 -9.878 -10.085
0.01000 1.00e+07 18.3956871033   18.151  4.913  3.5823  0.065    3  0.000  0.463     0.00     0.00 -1         0      0.00 7.000e-01 2.990e-01 1.100e-03 5.880e-04 3.170e-03 -1.000 1.000e-03 -7.513 -2.040 -4.401 -6.204 -7.181 -8.015 -9.161 -9.939 -10.150
0.01000 1.00e+07 18.3957614899   18.151  4.923  3.5812  0.051    3  0.000  0.463     0.00     0.00 -1         0      0.00 7.000e-01 2.990e-01 1.100e-03 5.880e-04 3.170e-03 -1.000 1.000e-03 -7.537 -2.031 -4.399 -6.208 -7.192 -8.035 -9.188 -9.969 -10.181
0.01000 1.00e+07 18.3962745667   18.151  4.976  3.5764 -0.022    3  0.000  0.463     0.00     0.00 -1         0      0.00 7.000e-01 2.990e-01 1.100e-03 5.880e-04 3.170e-03 -1.000 1.000e-03 -7.670 -2.007 -4.409 -6.246 -7.261 -8.150 -9.332 -10.125 -10.346
0.01000 1.00e+07 18.3966712952   18.151  4.995  3.5743 -0.049    3  0.000  0.463     0.00     0.00 -1         0      0.00 7.000e-01 2.990e-01 1.100e-03 5.880e-04 3.170e-03 -1.000 1.000e-03 -7.717 -1.990 -4.402 -6.251 -7.280 -8.189 -9.383 -10.181 -10.406
0.01000 1.00e+07 18.3970470428   18.151  5.010  3.5725 -0.071    3  0.000  0.463     0.00     0.00 -1         0      0.00 7.000e-01 2.990e-01 1.100e-03 5.880e-04 3.170e-03 -1.000 1.000e-03 -7.755 -1.976 -4.395 -6.255 -7.296 -8.221 -9.426 -10.228 -10.456
0.01000 1.00e+07 18.3977985382   18.152  5.020  3.5715 -0.085    3  0.000  0.463     0.00     0.00 -1         0      0.00 7.000e-01 2.990e-01 1.100e-03 5.880e-04 3.170e-03 -1.000 1.000e-03 -7.780 -1.969 -4.393 -6.259 -7.307 -8.242 -9.453 -10.258 -10.488
0.01000 1.00e+07 18.3981647491   18.152  5.025  3.5710 -0.092    3  0.000  0.463     0.00     0.00 -1         0      0.00 7.000e-01 2.990e-01 1.100e-03 5.880e-04 3.170e-03 -1.000 1.000e-03 -7.792 -1.966 -4.392 -6.261 -7.312 -8.252 -9.466 -10.272 -10.503
0.01000 1.00e+07 18.3981704712   18.152  5.025  3.5710 -0.092    3  0.000  0.463     0.00     0.00 -1         0      0.00 7.000e-01 2.990e-01 1.100e-03 5.880e-04 3.170e-03 -1.000 1.000e-03 -7.792 -1.966 -4.392 -6.261 -7.312 -8.252 -9.466 -10.272 -10.503
0.01000 1.00e+07 18.3981761932   18.152  5.025  3.5710 -0.092    3  0.000  0.463     0.00     0.00 -1         0      0.00 7.000e-01 2.990e-01 1.100e-03 5.880e-04 3.170e-03 -1.000 1.000e-03 -7.792 -1.966 -4.392 -6.261 -7.312 -8.252 -9.466 -10.272 -10.503
0.01000 1.00e+07 18.3981838226   18.152  5.025  3.5710 -0.092    3  0.000  0.463     0.00     0.00 -1         0      0.00 7.000e-01 2.990e-01 1.100e-03 5.880e-04 3.170e-03 -1.000 1.000e-03 -7.792 -1.966 -4.391 -6.261 -7.312 -8.252 -9.466 -10.272 -10.503
0.01000 1.00e+07 18.3981952667   18.152  5.025  3.5710 -0.092    3  0.000  0.463     0.00     0.00 -1         0      0.00 7.000e-01 2.990e-01 1.100e-03 5.880e-04 3.170e-03 -1.000 1.000e-03 -7.792 -1.966 -4.391 -6.261 -7.312 -8.252 -9.466 -10.273 -10.503
0.01000 1.00e+07 18.3982067108   18.152  5.025  3.5710 -0.092    3  0.000  0.463     0.00     0.00 -1         0      0.00 7.000e-01 2.990e-01 1.100e-03 5.880e-04 3.170e-03 -1.000 1.000e-03 -7.792 -1.966 -4.391 -6.261 -7.312 -8.252 -9.466 -10.273 -10.503
0.01000 1.00e+07 18.3982601166   18.152  5.025  3.5710 -0.092    3  0.000  0.463     0.00     0.00 -1         0      0.00 7.000e-01 2.990e-01 1.100e-03 5.880e-04 3.170e-03 -1.000 1.000e-03 -7.792 -1.966 -4.391 -6.261 -7.312 -8.252 -9.467 -10.273 -10.504
0.01000 1.00e+07 18.3985919952   18.152  5.026  3.5709 -0.093    3  0.000  0.463     0.00     0.00 -1         0      0.00 7.000e-01 2.990e-01 1.100e-03 5.880e-04 3.170e-03 -1.000 1.000e-03 -7.794 -1.965 -4.391 -6.261 -7.313 -8.254 -9.469 -10.276 -10.507
0.01000 1.00e+07 18.3993625641   18.152  5.027  3.5708 -0.095    3  0.000  0.463     0.00     0.00 -1         0      0.00 7.000e-01 2.990e-01 1.100e-03 5.880e-04 3.170e-03 -1.000 1.000e-03 -7.799 -1.964 -4.391 -6.262 -7.315 -8.258 -9.474 -10.281 -10.512
0.01000 1.00e+07 18.4100074768   18.155  5.017  3.5722 -0.079    4  0.000  0.463     0.00     0.00 -1         0      0.00 7.000e-01 2.990e-01 1.100e-03 5.880e-04 3.170e-03 -1.000 1.000e-03 -7.773 -1.980 -4.403 -6.265 -7.309 -8.238 -9.445 -10.248 -10.476
0.01000 1.00e+07 18.4234142303   18.158  5.004  3.5741 -0.059    4  0.000  0.463     0.00     0.00 -1         0      0.00 7.000e-01 2.990e-01 1.100e-03 5.880e-04 3.170e-03 -1.000 1.000e-03 -7.741 -2.001 -4.417 -6.270 -7.301 -8.212 -9.408 -10.206 -10.432
0.01000 1.00e+07 18.4356136322   18.162  4.993  3.5757 -0.040    4  0.000  0.463     0.00     0.00 -1         0      0.00 7.000e-01 2.990e-01 1.100e-03 5.880e-04 3.170e-03 -1.000 1.000e-03 -7.711 -2.019 -4.429 -6.273 -7.294 -8.189 -9.375 -10.169 -10.392
0.01000 1.00e+07 18.4506111145   18.167  4.978  3.5778 -0.018    4  0.000  0.463     0.00     0.00 -1         0      0.00 7.000e-01 2.990e-01 1.100e-03 5.880e-04 3.170e-03 -1.000 1.000e-03 -7.676 -2.042 -4.444 -6.278 -7.285 -8.161 -9.335 -10.123 -10.342
0.01000 1.00e+07 18.4739933014   18.187  4.971  3.5798 -0.002    4  0.000  0.463     0.00     0.00 -1         0      0.00 7.000e-01 2.990e-01 1.100e-03 5.880e-04 3.170e-03 -1.000 1.000e-03 -7.658 -2.077 -4.474 -6.299 -7.294 -8.151 -9.313 -10.095 -10.311
0.01000 1.00e+07 18.5295104980   18.236  4.955  3.5846  0.034    4  0.000  0.463     0.00     0.00 -1         0      0.00 7.000e-01 2.990e-01 1.100e-03 5.880e-04 3.170e-03 -1.000 1.000e-03 -7.619 -2.161 -4.539 -6.345 -7.314 -8.130 -9.265 -10.032 -10.241
0.01000 1.00e+07 18.5730743408   18.234  4.980  3.5904  0.032    5  0.000  0.463     0.00     0.00 -1         0      0.00 7.000e-01 2.990e-01 1.100e-03 5.880e-04 3.170e-03 -1.000 1.000e-03 -7.680 -2.348 -4.702 -6.488 -7.431 -8.212 -9.319 -10.065 -10.266
0.01000 1.00e+07 18.5794715881   18.237  5.012  3.5940  0.015    5  0.000  0.463     0.00     0.00 -1         0      0.00 7.000e-01 2.990e-01 1.100e-03 5.880e-04 3.170e-03 -1.000 1.000e-03 -7.760 -2.491 -4.840 -6.617 -7.545 -8.305 -9.395 -10.128 -10.324
0.01000 1.00e+07 18.5820121765   18.238  5.037  3.5975  0.005    5  0.000  0.463     0.00     0.00 -1         0      0.00 7.000e-01 2.990e-01 1.100e-03 5.880e-04 3.170e-03 -1.000 1.000e-03 -7.821 -2.620 -4.960 -6.728 -7.641 -8.380 -9.453 -10.172 -10.364
0.01000 1.00e+07 18.5839099884   18.238  5.061  3.6040  0.006    5  0.000  0.463     0.00     0.00 -1         0      0.00 7.000e-01 2.990e-01 1.100e-03 5.880e-04 3.170e-03 -1.000 9.999e-04 -7.882 -2.850 -5.132 -6.870 -7.754 -8.463 -9.505 -10.202 -10.385
0.01000 1.00e+07 18.5845699310   18.239  5.075  3.6115  0.022    5  0.000  0.463     0.00     0.00 -1         0      0.00 7.000e-01 2.990e-01 1.100e-03 5.880e-04 3.170e-03 -1.000 1.000e-03 -7.917 -3.095 -5.300 -6.998 -7.848 -8.522 -9.528 -10.201 -10.373
0.01000 1.00e+07 18.5850334167   18.239  5.084  3.6225  0.057    5  0.000  0.463     0.00     0.00 -1         0      0.00 7.000e-01 2.990e-01 1.100e-03 5.880e-04 3.170e-03 -1.000 1.000e-03 -7.940 -3.491 -5.521 -7.146 -7.946 -8.578 -9.529 -10.173 -10.325
0.01000 1.00e+07 18.5852241516   18.238  5.087  3.6301  0.084    5  0.000  0.463     0.00     0.00 -1         0      0.00 7.000e-01 2.990e-01 1.100e-03 5.880e-04 3.170e-03 -1.000 1.000e-03 -7.948 -3.766 -5.665 -7.235 -8.001 -8.605 -9.520 -10.144 -10.284
0.01000 1.00e+07 18.5854377747   18.239  5.090  3.6416  0.128    5  0.000  0.463     0.00     0.00 -1         0      0.00 7.000e-01 2.990e-01 1.100e-03 5.880e-04 3.170e-03 -1.000 1.000e-03 -7.955 -4.187 -5.874 -7.357 -8.074 -8.640 -9.497 -10.096 -10.214
0.01000 1.00e+07 18.5856571198   18.238  5.092  3.6572  0.187    5  0.000  0.463     0.00     0.00 -1         0      0.00 7.000e-01 2.990e-01 1.100e-03 5.880e-04 3.170e-03 -1.000 1.000e-03 -7.961 -4.718 -6.132 -7.495 -8.151 -8.675 -9.457 -10.019 -10.113
0.01000 1.00e+07 18.5859012604   18.239  5.092  3.6803  0.281    5  0.000  0.463     0.00     0.00 -1         0      0.00 7.000e-01 2.990e-01 1.100e-03 5.880e-04 3.170e-03 -1.000 1.000e-03 -7.959 -5.372 -6.457 -7.643 -8.224 -8.696 -9.376 -9.880 -9.950
0.01000 1.00e+07 18.5861759186   18.239  5.089  3.7078  0.393    5  0.000  0.463     0.00     0.00 -1         0      0.00 7.000e-01 2.990e-01 1.100e-03 5.880e-04 3.170e-03 -1.000 1.000e-03 -7.953 -5.987 -6.781 -7.770 -8.272 -8.690 -9.269 -9.695 -9.755
0.01000 1.00e+07 18.5864830017   18.238  5.088  3.7339  0.499    5  0.000  0.463     0.00     0.00 -1         0      0.00 7.000e-01 2.990e-01 1.100e-03 5.880e-04 3.170e-03 -1.000 1.000e-03 -7.949 -6.482 -7.061 -7.866 -8.294 -8.661 -9.156 -9.510 -9.566
0.01000 1.00e+07 18.5868244171   18.238  5.087  3.7581  0.596    5  0.000  0.463     0.00     0.00 -1         0      0.00 7.000e-01 2.990e-01 1.100e-03 5.880e-04 3.170e-03 -1.000 9.999e-04 -7.947 -6.845 -7.290 -7.937 -8.298 -8.615 -9.039 -9.332 -9.383
0.01000 1.00e+07 18.5872077942   18.238  5.087  3.7812  0.689    5  0.000  0.463     0.00     0.00 -1         0      0.00 7.000e-01 2.990e-01 1.100e-03 5.880e-04 3.170e-03 -1.000 1.000e-03 -7.947 -7.124 -7.483 -7.991 -8.289 -8.560 -8.921 -9.159 -9.204
0.01000 1.00e+07 18.5876350403   18.238  5.087  3.8039  0.780    5  0.000  0.463     0.00     0.00 -1         0      0.00 7.000e-01 2.990e-01 1.100e-03 5.880e-04 3.170e-03 -1.000 1.000e-03 -7.946 -7.341 -7.648 -8.027 -8.266 -8.492 -8.796 -8.986 -9.024
0.01000 1.00e+07 18.5881137848   18.237  5.086  3.8268  0.872    5  0.000  0.463     0.00     0.00 -1         0      0.00 7.000e-01 2.990e-01 1.100e-03 5.880e-04 3.170e-03 -1.000 1.000e-03 -7.946 -7.524 -7.789 -8.049 -8.231 -8.413 -8.662 -8.810 -8.843
0.01000 1.00e+07 18.5886478424   18.236  5.086  3.8503  0.967    5  0.000  0.463     0.00     0.00 -1         0      0.00 7.000e-01 2.990e-01 1.100e-03 5.880e-04 3.170e-03 -1.000 1.000e-03 -7.944 -7.680 -7.900 -8.059 -8.187 -8.327 -8.523 -8.633 -8.659
0.01000 1.00e+07 18.5892448425   18.236  5.085  3.8734  1.060    5  0.000  0.463     0.00     0.00 -1         0      0.00 7.000e-01 2.990e-01 1.100e-03 5.880e-04 3.170e-03 -1.000 1.000e-03 -7.941 -7.803 -7.961 -8.052 -8.138 -8.240 -8.386 -8.464 -8.483
0.01000 1.00e+07 18.5899143219   18.235  5.083  3.8956  1.150    5  0.000  0.463     0.00     0.00 -1         0      0.00 7.000e-01 2.990e-01 1.100e-03 5.880e-04 3.170e-03 -1.000 1.000e-03 -7.938 -7.891 -7.966 -8.021 -8.082 -8.157 -8.254 -8.310 -8.320
0.01000 1.00e+07 18.5906600952   18.234  5.081  3.9165  1.236    5  0.000  0.463     0.00     0.00 -1         0      0.00 7.000e-01 2.990e-01 1.100e-03 5.880e-04 3.170e-03 -1.000 1.000e-03 -7.933 -7.942 -7.929 -7.964 -8.013 -8.071 -8.127 -8.167 -8.170
0.01000 1.00e+07 18.5914955139   18.232  5.078  3.9360  1.317    5  0.000  0.463     0.00     0.00 -1         0      0.00 7.000e-01 2.990e-01 1.100e-03 5.880e-04 3.170e-03 -1.000 1.000e-03 -7.926 -7.968 -7.898 -7.901 -7.935 -7.975 -8.003 -8.030 -8.027
0.01000 1.00e+07 18.5924282074   18.233  5.076  3.9538  1.391    5  0.000  0.463     0.00     0.00 -1         0      0.00 7.000e-01 2.990e-01 1.100e-03 5.880e-04 3.170e-03 -1.000 1.000e-03 -7.919 -7.972 -7.837 -7.827 -7.855 -7.885 -7.885 -7.904 -7.896
0.01000 1.00e+07 18.5934715271   18.234  5.072  3.9699  1.458    5  0.000  0.463     0.00     0.00 -1         0      0.00 7.000e-01 2.990e-01 1.100e-03 5.880e-04 3.170e-03 -1.000 1.000e-03 -7.911 -7.957 -7.799 -7.763 -7.778 -7.794 -7.776 -7.786 -7.774
0.01000 1.00e+07 18.5946369171   18.234  5.069  3.9840  1.518    5  0.000  0.463     0.00     0.00 -1         0      0.00 7.000e-01 2.990e-01 1.100e-03 5.880e-04 3.170e-03 -1.000 1.000e-03 -7.902 -7.948 -7.743 -7.696 -7.706 -7.713 -7.678 -7.682 -7.666
0.01000 1.00e+07 18.5959415436   18.236  5.065  3.9959  1.570    5  0.000  0.463     0.00     0.00 -1         0      0.00 7.000e-01 2.990e-01 1.100e-03 5.880e-04 3.170e-03 -1.000 1.000e-03 -7.893 -7.937 -7.684 -7.633 -7.641 -7.643 -7.592 -7.592 -7.573
0.01000 1.00e+07 18.5973968506   18.237  5.061  4.0055  1.611    5  0.000  0.463     0.00     0.00 -1         0      0.00 7.000e-01 2.990e-01 1.100e-03 5.880e-04 3.170e-03 -1.000 1.000e-03 -7.884 -7.926 -7.634 -7.580 -7.586 -7.584 -7.522 -7.518 -7.498
0.01000 1.00e+07 18.5990257263   18.238  5.058  4.0125  1.642    5  0.000  0.463     0.00     0.00 -1         0      0.00 7.000e-01 2.990e-01 1.100e-03 5.880e-04 3.170e-03 -1.000 1.000e-03 -7.876 -7.914 -7.596 -7.539 -7.544 -7.539 -7.468 -7.463 -7.441
0.01000 1.00e+07 18.6028785706   18.240  5.055  4.0207  1.679    5  0.000  0.463     0.00     0.00 -1         0      0.00 7.000e-01 2.990e-01 1.100e-03 5.880e-04 3.170e-03 -1.000 1.000e-03 -7.867 -7.900 -7.551 -7.490 -7.494 -7.486 -7.406 -7.398 -7.375
0.01000 1.00e+07 18.6136989594   18.249  5.054  4.0262  1.702    5  0.000  0.463     0.00     0.00 -1         0      0.00 7.000e-01 2.990e-01 1.100e-03 5.880e-04 3.170e-03 -1.000 1.000e-03 -7.864 -7.892 -7.523 -7.460 -7.462 -7.453 -7.367 -7.357 -7.333
0.01000 1.00e+07 18.6430778503   18.270  5.055  4.0252  1.698    5  0.000  0.463     0.00     0.00 -1         0      0.00 7.000e-01 2.990e-01 1.100e-03 5.880e-04 3.170e-03 -1.000 1.000e-03 -7.867 -7.896 -7.530 -7.467 -7.470 -7.461 -7.376 -7.366 -7.343
0.01000 1.00e+07 18.6651802063   18.291  5.056  4.0196  1.675    5  0.000  0.463     0.00     0.00 -1         0      0.00 7.000e-01 2.990e-01 1.100e-03 5.880e-04 3.170e-03 -1.000 1.000e-03 -7.869 -7.903 -7.557 -7.497 -7.501 -7.494 -7.414 -7.406 -7.384
0.01000 1.00e+07 18.7646541595   18.287  5.056  3.9795  1.514    6  0.000  0.463     0.00     0.00 -1         0      0.00 7.000e-01 2.990e-01 1.100e-03 5.880e-04 3.170e-03 -1.000 9.999e-04 -7.870 -7.916 -7.729 -7.685 -7.695 -7.704 -7.675 -7.681 -7.666
0.01000 1.00e+07 18.9584388733   18.355  5.062  3.9083  1.225    6  0.000  0.463     0.00     0.00 -1         0      0.00 7.000e-01 2.990e-01 1.100e-03 5.880e-04 3.170e-03 -1.000 1.000e-03 -7.884 -7.874 -7.896 -7.939 -7.992 -8.055 -8.126 -8.172 -8.178
0.01000 1.00e+07 19.1076259613   18.397  5.066  3.8539  1.005    6  0.000  0.463     0.00     0.00 -1         0      0.00 7.000e-01 2.990e-01 1.100e-03 5.880e-04 3.170e-03 -1.000 1.000e-03 -7.894 -7.649 -7.861 -8.009 -8.131 -8.264 -8.453 -8.558 -8.583
0.01000 1.00e+07 19.1991367340   18.419  5.068  3.8195  0.865    6  0.000  0.463     0.00     0.00 -1         0      0.00 7.000e-01 2.990e-01 1.100e-03 5.880e-04 3.170e-03 -1.000 1.000e-03 -7.901 -7.424 -7.702 -7.998 -8.198 -8.395 -8.661 -8.822 -8.857
0.01000 1.00e+07 19.2627220154   18.427  5.073  3.7948  0.761    6  0.000  0.463     0.00     0.00 -1         0      0.00 7.000e-01 2.990e-01 1.100e-03 5.880e-04 3.170e-03 -1.000 1.000e-03 -7.914 -7.227 -7.551 -7.981 -8.244 -8.488 -8.814 -9.023 -9.064
0.01000 1.00e+07 19.3151302338   18.433  5.078  3.7742  0.675    6  0.000  0.463     0.00     0.00 -1         0      0.00 7.000e-01 2.990e-01 1.100e-03 5.880e-04 3.170e-03 -1.000 1.000e-03 -7.924 -7.024 -7.404 -7.953 -8.270 -8.555 -8.935 -9.190 -9.236
0.01000 1.00e+07 19.3568325043   18.437  5.081  3.7574  0.604    6  0.000  0.463     0.00     0.00 -1         0      0.00 7.000e-01 2.990e-01 1.100e-03 5.880e-04 3.170e-03 -1.000 1.000e-03 -7.933 -6.824 -7.270 -7.920 -8.283 -8.602 -9.029 -9.323 -9.374
0.01000 1.00e+07 19.3892955780   18.438  5.084  3.7440  0.548    6  0.000  0.463     0.00     0.00 -1         0      0.00 7.000e-01 2.990e-01 1.100e-03 5.880e-04 3.170e-03 -1.000 1.000e-03 -7.940 -6.637 -7.152 -7.889 -8.289 -8.636 -9.101 -9.429 -9.483
0.01000 1.00e+07 19.4142971039   18.440  5.086  3.7334  0.503    6  0.000  0.463     0.00     0.00 -1         0      0.00 7.000e-01 2.990e-01 1.100e-03 5.880e-04 3.170e-03 -1.000 1.000e-03 -7.946 -6.470 -7.052 -7.861 -8.291 -8.659 -9.155 -9.511 -9.567
0.01000 1.00e+07 19.4377384186   18.441  5.088  3.7231  0.460    6  0.000  0.463     0.00     0.00 -1         0      0.00 7.000e-01 2.990e-01 1.100e-03 5.880e-04 3.170e-03 -1.000 1.000e-03 -7.951 -6.291 -6.949 -7.830 -8.289 -8.677 -9.205 -9.588 -9.646
0.01000 1.00e+07 19.4548530579   18.441  5.090  3.7154  0.427    6  0.000  0.463     0.00     0.00 -1         0      0.00 7.000e-01 2.990e-01 1.100e-03 5.880e-04 3.170e-03 -1.000 1.000e-03 -7.955 -6.142 -6.868 -7.802 -8.283 -8.687 -9.240 -9.645 -9.704
0.01000 1.00e+07 19.4736537933   18.442  5.092  3.7065  0.390    6  0.000  0.463     0.00     0.00 -1         0      0.00 7.000e-01 2.990e-01 1.100e-03 5.880e-04 3.170e-03 -1.000 1.000e-03 -7.959 -5.965 -6.772 -7.769 -8.275 -8.697 -9.280 -9.710 -9.770
0.01000 1.00e+07 19.4867706299   18.443  5.093  3.6999  0.362    6  0.000  0.463     0.00     0.00 -1         0      0.00 7.000e-01 2.990e-01 1.100e-03 5.880e-04 3.170e-03 -1.000 1.000e-03 -7.962 -5.829 -6.699 -7.743 -8.268 -8.702 -9.308 -9.756 -9.818
0.01000 1.00e+07 19.5009956360   18.443  5.094  3.6922  0.331    6  0.000  0.463     0.00     0.00 -1         0      0.00 7.000e-01 2.990e-01 1.100e-03 5.880e-04 3.170e-03 -1.000 9.999e-04 -7.965 -5.661 -6.611 -7.710 -8.256 -8.705 -9.339 -9.810 -9.874
0.01000 1.00e+07 19.5084724426   18.439  5.094  3.6877  0.312    6  0.000  0.463     0.00     0.00 -1         0      0.00 7.000e-01 2.990e-01 1.100e-03 5.880e-04 3.170e-03 -1.000 1.000e-03 -7.966 -5.558 -6.557 -7.689 -8.247 -8.705 -9.356 -9.839 -9.906
0.01000 1.00e+07 19.5153579712   18.434  5.095  3.6831  0.293    6  0.000  0.463     0.00     0.00 -1         0      0.00 7.000e-01 2.990e-01 1.100e-03 5.880e-04 3.170e-03 -1.000 1.000e-03 -7.967 -5.449 -6.500 -7.666 -8.238 -8.705 -9.374 -9.870 -9.939
0.01000 1.00e+07 19.5214710236   18.431  5.095  3.6785  0.275    6  0.000  0.463     0.00     0.00 -1         0      0.00 7.000e-01 2.990e-01 1.100e-03 5.880e-04 3.170e-03 -1.000 1.000e-03 -7.968 -5.333 -6.441 -7.641 -8.227 -8.703 -9.391 -9.899 -9.971
0.01000 1.00e+07 19.5269584656   18.428  5.095  3.6741  0.256    6  0.000  0.463     0.00     0.00 -1         0      0.00 7.000e-01 2.990e-01 1.100e-03 5.880e-04 3.170e-03 -1.000 1.000e-03 -7.968 -5.214 -6.382 -7.615 -8.214 -8.700 -9.407 -9.927 -10.003
0.01000 1.00e+07 19.5318832397   18.425  5.096  3.6697  0.239    6  0.000  0.463     0.00     0.00 -1         0      0.00 7.000e-01 2.990e-01 1.100e-03 5.880e-04 3.170e-03 -1.000 1.000e-03 -7.969 -5.096 -6.322 -7.588 -8.202 -8.697 -9.422 -9.954 -10.034
0.01000 1.00e+07 19.5363006592   18.426  5.097  3.6651  0.218    6  0.000  0.463     0.00     0.00 -1         0      0.00 7.000e-01 2.990e-01 1.100e-03 5.880e-04 3.170e-03 -1.000 1.000e-03 -7.973 -4.967 -6.260 -7.562 -8.191 -8.696 -9.442 -9.986 -10.070
0.01000 1.00e+07 19.5389862061   18.426  5.098  3.6620  0.205    6  0.000  0.463     0.00     0.00 -1         0      0.00 7.000e-01 2.990e-01 1.100e-03 5.880e-04 3.170e-03 -1.000 1.000e-03 -7.976 -4.877 -6.217 -7.543 -8.183 -8.695 -9.455 -10.006 -10.094
0.01000 1.00e+07 19.5414791107   18.427  5.099  3.6590  0.192    6  0.000  0.463     0.00     0.00 -1         0      0.00 7.000e-01 2.990e-01 1.100e-03 5.880e-04 3.170e-03 -1.000 1.000e-03 -7.978 -4.787 -6.174 -7.524 -8.174 -8.693 -9.468 -10.025 -10.118
0.01000 1.00e+07 19.5437946320   18.427  5.100  3.6560  0.179    6  0.000  0.463     0.00     0.00 -1         0      0.00 7.000e-01 2.990e-01 1.100e-03 5.880e-04 3.170e-03 -1.000 1.000e-03 -7.980 -4.696 -6.131 -7.505 -8.165 -8.692 -9.480 -10.045 -10.141
0.01000 1.00e+07 19.5459403992   18.428  5.101  3.6530  0.167    6  0.000  0.463     0.00     0.00 -1         0      0.00 7.000e-01 2.990e-01 1.100e-03 5.880e-04 3.170e-03 -1.000 1.000e-03 -7.982 -4.602 -6.087 -7.484 -8.155 -8.689 -9.492 -10.063 -10.164
0.01000 1.00e+07 19.5479335785   18.428  5.101  3.6500  0.154    6  0.000  0.463     0.00     0.00 -1         0      0.00 7.000e-01 2.990e-01 1.100e-03 5.880e-04 3.170e-03 -1.000 1.000e-03 -7.983 -4.500 -6.039 -7.459 -8.142 -8.685 -9.502 -10.080 -10.186
0.01000 1.00e+07 19.5497817993   18.428  5.102  3.6470  0.142    6  0.000  0.463     0.00     0.00 -1         0      0.00 7.000e-01 2.990e-01 1.100e-03 5.880e-04 3.170e-03 -1.000 1.000e-03 -7.985 -4.399 -5.991 -7.434 -8.129 -8.680 -9.512 -10.097 -10.207
0.01000 1.00e+07 19.5514965057   18.429  5.102  3.6441  0.130    6  0.000  0.463     0.00     0.00 -1         0      0.00 7.000e-01 2.990e-01 1.100e-03 5.880e-04 3.170e-03 -1.000 1.000e-03 -7.986 -4.299 -5.944 -7.410 -8.116 -8.676 -9.521 -10.114 -10.228
0.01000 1.00e+07 19.5534858704   18.430  5.103  3.6404  0.114    6  0.000  0.463     0.00     0.00 -1         0      0.00 7.000e-01 2.990e-01 1.100e-03 5.880e-04 3.170e-03 -1.000 1.000e-03 -7.987 -4.170 -5.883 -7.378 -8.100 -8.670 -9.533 -10.134 -10.255
0.01000 1.00e+07 19.5559749603   18.431  5.103  3.6352  0.093    6  0.000  0.463     0.00     0.00 -1         0      0.00 7.000e-01 2.990e-01 1.100e-03 5.880e-04 3.170e-03 -1.000 1.000e-03 -7.988 -3.983 -5.793 -7.327 -8.072 -8.659 -9.548 -10.161 -10.291
0.01000 1.00e+07 19.5574302673   18.431  5.104  3.6317  0.079    6  0.000  0.463     0.00     0.00 -1         0      0.00 7.000e-01 2.990e-01 1.100e-03 5.880e-04 3.170e-03 -1.000 1.000e-03 -7.989 -3.857 -5.731 -7.292 -8.052 -8.651 -9.557 -10.178 -10.314
0.01000 1.00e+07 19.5589065552   18.432  5.104  3.6277  0.063    6  0.000  0.463     0.00     0.00 -1         0      0.00 7.000e-01 2.990e-01 1.100e-03 5.880e-04 3.170e-03 -1.000 1.000e-03 -7.989 -3.711 -5.661 -7.252 -8.029 -8.642 -9.568 -10.197 -10.341
0.01000 1.00e+07 19.5603313446   18.432  5.104  3.6233  0.045    6  0.000  0.463     0.00     0.00 -1         0      0.00 7.000e-01 2.990e-01 1.100e-03 5.880e-04 3.170e-03 -1.000 1.000e-03 -7.989 -3.555 -5.581 -7.204 -8.001 -8.630 -9.578 -10.218 -10.370
0.01000 1.00e+07 19.5616645813   18.433  5.103  3.6186  0.026    6  0.000  0.463     0.00     0.00 -1         0      0.00 7.000e-01 2.990e-01 1.100e-03 5.880e-04 3.170e-03 -1.000 1.000e-03 -7.989 -3.390 -5.494 -7.149 -7.969 -8.615 -9.587 -10.240 -10.400
0.01000 1.00e+07 19.5628948212   18.434  5.103  3.6136  0.007    6  0.000  0.463     0.00     0.00 -1         0      0.00 7.000e-01 2.990e-01 1.100e-03 5.880e-04 3.170e-03 -1.000 1.000e-03 -7.988 -3.214 -5.401 -7.091 -7.934 -8.600 -9.596 -10.262 -10.431
0.01000 1.00e+07 19.5640163422   18.434  5.102  3.6083 -0.014    6  0.000  0.463     0.00     0.00 -1         0      0.00 7.000e-01 2.990e-01 1.100e-03 5.880e-04 3.170e-03 -1.000 1.000e-03 -7.986 -3.047 -5.302 -7.025 -7.892 -8.581 -9.603 -10.285 -10.462
0.01000 1.00e+07 19.5645275116   18.435  5.102  3.6058 -0.023    6  0.000  0.463     0.00     0.00 -1         0      0.00 7.000e-01 2.990e-01 1.100e-03 5.880e-04 3.170e-03 -1.000 1.000e-03 -7.985 -2.971 -5.255 -6.992 -7.870 -8.572 -9.606 -10.296 -10.477
0.01000 1.00e+07 19.5650959015   18.435  5.101  3.6027 -0.035    6  0.000  0.463     0.00     0.00 -1         0      0.00 7.000e-01 2.990e-01 1.100e-03 5.880e-04 3.170e-03 -1.000 1.000e-03 -7.983 -2.879 -5.197 -6.952 -7.844 -8.561 -9.610 -10.309 -10.495
0.01000 1.00e+07 19.5657691956   18.435  5.100  3.5989 -0.049    6  0.000  0.463     0.00     0.00 -1         0      0.00 7.000e-01 2.990e-01 1.100e-03 5.880e-04 3.170e-03 -1.000 1.000e-03 -7.981 -2.761 -5.124 -6.900 -7.811 -8.545 -9.613 -10.324 -10.516
0.01000 1.00e+07 19.5661907196   18.435  5.100  3.5963 -0.059    6  0.000  0.463     0.00     0.00 -1         0      0.00 7.000e-01 2.990e-01 1.100e-03 5.880e-04 3.170e-03 -1.000 1.000e-03 -7.979 -2.689 -5.073 -6.862 -7.785 -8.534 -9.615 -10.335 -10.531
0.01000 1.00e+07 19.5667152405   18.436  5.098  3.5928 -0.072    6  0.000  0.463     0.00     0.00 -1         0      0.00 7.000e-01 2.990e-01 1.100e-03 5.880e-04 3.170e-03 -1.000 1.000e-03 -7.976 -2.595 -5.000 -6.806 -7.747 -8.519 -9.618 -10.349 -10.550
0.01000 1.00e+07 19.5670261383   18.436  5.097  3.5905 -0.080    6  0.000  0.463     0.00     0.00 -1         0      0.00 7.000e-01 2.990e-01 1.100e-03 5.880e-04 3.170e-03 -1.000 1.000e-03 -7.974 -2.536 -4.954 -6.771 -7.723 -8.509 -9.619 -10.358 -10.562
0.01000 1.00e+07 19.5673732758   18.436  5.096  3.5880 -0.089    6  0.000  0.463     0.00     0.00 -1         0      0.00 7.000e-01 2.990e-01 1.100e-03 5.880e-04 3.170e-03 -1.000 1.000e-03 -7.971 -2.469 -4.901 -6.730 -7.696 -8.497 -9.620 -10.367 -10.575
0.01000 1.00e+07 19.5677623749   18.436  5.095  3.5852 -0.098    6  0.000  0.463     0.00     0.00 -1         0      0.00 7.000e-01 2.990e-01 1.100e-03 5.880e-04 3.170e-03 -1.000 1.000e-03 -7.967 -2.393 -4.842 -6.684 -7.664 -8.483 -9.621 -10.377 -10.589
0.01000 1.00e+07 19.5681953430   18.437  5.092  3.5823 -0.107    6  0.000  0.463     0.00     0.00 -1         0      0.00 7.000e-01 2.990e-01 1.100e-03 5.880e-04 3.170e-03 -1.000 1.000e-03 -7.961 -2.322 -4.776 -6.629 -7.624 -8.466 -9.620 -10.385 -10.601
0.01000 1.00e+07 19.5687103271   18.437  5.089  3.5796 -0.115    6  0.000  0.463     0.00     0.00 -1         0      0.00 7.000e-01 2.990e-01 1.100e-03 5.880e-04 3.170e-03 -1.000 1.000e-03 -7.952 -2.258 -4.711 -6.571 -7.581 -8.447 -9.616 -10.390 -10.610
0.01000 1.00e+07 19.5693511963   18.437  5.083  3.5771 -0.119    6  0.000  0.463     0.00     0.00 -1         0      0.00 7.000e-01 2.990e-01 1.100e-03 5.880e-04 3.170e-03 -1.000 1.000e-03 -7.937 -2.194 -4.644 -6.510 -7.534 -8.422 -9.605 -10.388 -10.611
0.01000 1.00e+07 19.5701351166   18.438  5.077  3.5754 -0.120    6  0.000  0.463     0.00     0.00 -1         0      0.00 7.000e-01 2.990e-01 1.100e-03 5.880e-04 3.170e-03 -1.000 1.000e-03 -7.923 -2.150 -4.596 -6.466 -7.498 -8.401 -9.593 -10.382 -10.607
0.01000 1.00e+07 19.5709304810   18.438  5.070  3.5742 -0.118    6  0.000  0.463     0.00     0.00 -1         0      0.00 7.000e-01 2.990e-01 1.100e-03 5.880e-04 3.170e-03 -1.000 1.000e-03 -7.906 -2.112 -4.555 -6.427 -7.465 -8.379 -9.578 -10.371 -10.598
0.01000 1.00e+07 19.5719413757   18.439  5.071  3.5719 -0.127    6  0.000  0.463     0.00     0.00 -1         0      0.00 7.000e-01 2.990e-01 1.100e-03 5.880e-04 3.170e-03 -1.000 1.000e-03 -7.906 -2.064 -4.507 -6.385 -7.437 -8.371 -9.582 -10.382 -10.613
0.01000 1.00e+07 19.5726757050   18.440  5.084  3.5698 -0.149    6  0.000  0.463     0.00     0.00 -1         0      0.00 7.000e-01 2.990e-01 1.100e-03 5.880e-04 3.170e-03 -1.000 1.000e-03 -7.940 -2.039 -4.486 -6.375 -7.441 -8.397 -9.621 -10.427 -10.661
0.01000 1.00e+07 19.5734615326   18.440  5.097  3.5682 -0.168    6  0.000  0.463     0.00     0.00 -1         0      0.00 7.000e-01 2.990e-01 1.100e-03 5.880e-04 3.170e-03 -1.000 1.000e-03 -7.972 -2.031 -4.473 -6.366 -7.444 -8.422 -9.657 -10.467 -10.704
0.01000 1.00e+07 19.5745792389   18.441  5.105  3.5672 -0.181    6  0.000  0.463     0.00     0.00 -1         0      0.00 7.000e-01 2.990e-01 1.100e-03 5.880e-04 3.170e-03 -1.000 1.000e-03 -7.993 -2.026 -4.464 -6.360 -7.447 -8.438 -9.681 -10.493 -10.732
0.01000 1.00e+07 19.5760116577   18.442  5.110  3.5666 -0.188    6  0.000  0.463     0.00     0.00 -1         0      0.00 7.000e-01 2.990e-01 1.100e-03 5.880e-04 3.170e-03 -1.000 1.000e-03 -8.005 -2.022 -4.458 -6.356 -7.447 -8.447 -9.694 -10.508 -10.748
0.01000 1.00e+07 19.5776729584   18.418  5.120  3.5651 -0.204    7  0.000  0.463     0.00     0.00 -1         0      0.00 7.000e-01 2.990e-01 1.100e-03 5.880e-04 3.170e-03 -1.000 1.000e-03 -8.030 -2.012 -4.442 -6.343 -7.446 -8.465 -9.723 -10.540 -10.782
0.01000 1.00e+07 19.5830707550   18.404  5.163  3.5599 -0.269    7  0.000  0.463     0.00     0.00 -1         0      0.00 7.000e-01 2.990e-01 1.100e-03 5.880e-04 3.170e-03 -1.000 1.000e-03 -8.139 -1.990 -4.402 -6.316 -7.461 -8.551 -9.845 -10.675 -10.925
0.01000 1.00e+07 19.5851631165   18.403  5.177  3.5584 -0.288    7  0.000  0.463     0.00     0.00 -1         0      0.00 7.000e-01 2.990e-01 1.100e-03 5.880e-04 3.170e-03 -1.000 1.000e-03 -8.171 -1.986 -4.391 -6.310 -7.466 -8.577 -9.882 -10.715 -10.968
0.01000 1.00e+07 19.5871963501   18.401  5.189  3.5570 -0.306    7  0.000  0.463     0.00     0.00 -1         0      0.00 7.000e-01 2.990e-01 1.100e-03 5.880e-04 3.170e-03 -1.000 1.000e-03 -8.203 -1.981 -4.381 -6.303 -7.471 -8.602 -9.917 -10.754 -11.009
0.01000 1.00e+07 19.5897045135   18.400  5.205  3.5552 -0.329    7  0.000  0.463     0.00     0.00 -1         0      0.00 7.000e-01 2.990e-01 1.100e-03 5.880e-04 3.170e-03 -1.000 1.000e-03 -8.242 -1.978 -4.364 -6.288 -7.473 -8.631 -9.961 -10.801 -11.060
0.01000 1.00e+07 19.5929718018   18.397  5.236  3.5518 -0.374    7  0.000  0.463     0.00     0.00 -1         0      0.00 7.000e-01 2.990e-01 1.100e-03 5.880e-04 3.170e-03 -1.000 1.000e-03 -8.321 -1.975 -4.321 -6.238 -7.462 -8.686 -10.051 -10.897 -11.162
0.01000 1.00e+07 19.5971717834   18.391  5.275  3.5475 -0.431    7  0.000  0.463     0.00     0.00 -1         0      0.00 7.000e-01 2.990e-01 1.100e-03 5.880e-04 3.170e-03 -1.000 1.000e-03 -8.418 -1.971 -4.266 -6.175 -7.447 -8.753 -10.161 -11.016 -11.288
0.01000 1.00e+07 19.5987911224   18.391  5.290  3.5459 -0.452    7  0.000  0.463     0.00     0.00 -1         0      0.00 7.000e-01 2.990e-01 1.100e-03 5.880e-04 3.170e-03 -1.000 1.000e-03 -8.455 -1.971 -4.246 -6.152 -7.442 -8.779 -10.202 -11.061 -11.336
#isochrone terminated
