# File generated by CMD 3.0 (http://stev.oapd.inaf.it/cmd) on Thu Jun  8 20:56:23 CEST 2017
# isochrones PARSEC release v1.2S + COLIBRI release PR16, as in Marigo et al. 2017
# Basic reference: Marigo et al. (2017), ApJ, 835, 77
# Photometric system: <i>UBVRIJHK</i> (cf. Maiz-Apellaniz 2006 + Bessell 1990)
# O-rich circumstellar dust ignored
# C-rich circumstellar dust ignored
# Kind of output: isochrone tables
# Zini Age Mini  Mass   logL    logTe  logg  label   McoreTP C_O  period0 period1 pmode  Mloss  tau1m   X   Y   Xc  Xn  Xo  Cexcess  Z 	 mbolmag  Umag    Bmag    Vmag    Rmag    Imag    Jmag    Hmag    Kmag
0.00100 1.00e+07 0.0900000036    0.090 -1.881  3.5124  4.275    0  0.000  0.463     0.00     0.00 -1  4.06e-15      0.00 7.000e-01 2.990e-01 1.100e-03 5.880e-04 3.170e-03 -1.000 1.000e-03 9.473 15.504 13.149 11.223 10.065 8.887 7.699 7.110 6.910
0.00100 1.00e+07 0.0909718350    0.091 -1.875  3.5131  4.276    0  0.000  0.463     0.00     0.00 -1  4.09e-15      0.00 7.000e-01 2.990e-01 1.100e-03 5.880e-04 3.170e-03 -1.000 1.000e-03 9.457 15.462 13.120 11.199 10.043 8.871 7.685 7.096 6.896
0.00100 1.00e+07 0.1000000015    0.100 -1.817  3.5188  4.282    0  0.000  0.463     0.00     0.00 -1  4.43e-15      0.00 7.000e-01 2.990e-01 1.100e-03 5.880e-04 3.170e-03 -1.000 1.000e-03 9.314 15.111 12.865 10.981 9.848 8.720 7.557 6.965 6.761
0.00100 1.00e+07 0.1199999973    0.120 -1.712  3.5279  4.292    0  0.000  0.463     0.00     0.00 -1   5.1e-15      0.00 7.000e-01 2.990e-01 1.100e-03 5.880e-04 3.170e-03 -1.000 1.000e-03 9.049 14.519 12.424 10.601 9.501 8.445 7.316 6.722 6.512
0.00100 1.00e+07 0.1372239441    0.137 -1.631  3.5345  4.296    0  0.000  0.463     0.00     0.00 -1  5.71e-15      0.00 7.000e-01 2.990e-01 1.100e-03 5.880e-04 3.170e-03 -1.000 1.000e-03 8.848 14.108 12.104 10.325 9.247 8.236 7.132 6.538 6.326
0.00100 1.00e+07 0.1400000006    0.140 -1.619  3.5354  4.297    0  0.000  0.463     0.00     0.00 -1  5.81e-15      0.00 7.000e-01 2.990e-01 1.100e-03 5.880e-04 3.170e-03 -1.000 1.000e-03 8.818 14.047 12.056 10.284 9.208 8.204 7.104 6.510 6.297
0.00100 1.00e+07 0.1572623998    0.157 -1.548  3.5412  4.300    0  0.000  0.463     0.00     0.00 -1  6.41e-15      0.00 7.000e-01 2.990e-01 1.100e-03 5.880e-04 3.170e-03 -1.000 1.000e-03 8.641 13.687 11.774 10.042 8.985 8.021 6.942 6.348 6.134
0.00100 1.00e+07 0.1684214026    0.168 -1.508  3.5444  4.302    0  0.000  0.463     0.00     0.00 -1  6.76e-15      0.00 7.000e-01 2.990e-01 1.100e-03 5.880e-04 3.170e-03 -1.000 1.000e-03 8.539 13.489 11.617 9.907 8.859 7.915 6.848 6.255 6.040
0.00100 1.00e+07 0.1736902744    0.174 -1.489  3.5458  4.302    0  0.000  0.463     0.00     0.00 -1  6.96e-15      0.00 7.000e-01 2.990e-01 1.100e-03 5.880e-04 3.170e-03 -1.000 1.000e-03 8.493 13.402 11.548 9.847 8.803 7.867 6.805 6.213 5.997
0.00100 1.00e+07 0.1833638549    0.183 -1.456  3.5483  4.302    0  0.000  0.463     0.00     0.00 -1  7.34e-15      0.00 7.000e-01 2.990e-01 1.100e-03 5.880e-04 3.170e-03 -1.000 1.000e-03 8.410 13.248 11.423 9.739 8.703 7.782 6.728 6.136 5.920
0.00100 1.00e+07 0.2127020061    0.213 -1.367  3.5555  4.306    0  0.000  0.463     0.00     0.00 -1  8.34e-15      0.00 7.000e-01 2.990e-01 1.100e-03 5.880e-04 3.170e-03 -1.000 1.000e-03 8.187 12.817 11.080 9.445 8.429 7.551 6.523 5.933 5.715
0.00100 1.00e+07 0.2332666963    0.233 -1.310  3.5602  4.308    0  0.000  0.463     0.00     0.00 -1  9.05e-15      0.00 7.000e-01 2.990e-01 1.100e-03 5.880e-04 3.170e-03 -1.000 1.000e-03 8.045 12.548 10.864 9.260 8.260 7.405 6.393 5.805 5.587
0.00100 1.00e+07 0.2500000000    0.250 -1.269  3.5637  4.312    0  0.000  0.463     0.00     0.00 -1  9.58e-15      0.00 7.000e-01 2.990e-01 1.100e-03 5.880e-04 3.170e-03 -1.000 1.000e-03 7.942 12.350 10.706 9.126 8.136 7.299 6.300 5.712 5.494
0.00100 1.00e+07 0.2789143324    0.279 -1.204  3.5694  4.317    0  0.000  0.463     0.00     0.00 -1  1.05e-14      0.00 7.000e-01 2.990e-01 1.100e-03 5.880e-04 3.170e-03 -1.000 1.000e-03 7.779 12.032 10.452 8.911 7.940 7.131 6.152 5.566 5.348
0.00100 1.00e+07 0.3000000417    0.300 -1.160  3.5734  4.320    0  0.000  0.463     0.00     0.00 -1  1.11e-14      0.00 7.000e-01 2.990e-01 1.100e-03 5.880e-04 3.170e-03 -1.000 1.000e-03 7.669 11.839 10.317 8.790 7.822 7.017 6.038 5.456 5.240
0.00100 1.00e+07 0.3158771098    0.316 -1.129  3.5763  4.324    0  0.000  0.463     0.00     0.00 -1  1.16e-14      0.00 7.000e-01 2.990e-01 1.100e-03 5.880e-04 3.170e-03 -1.000 1.000e-03 7.593 11.705 10.228 8.709 7.741 6.938 5.958 5.379 5.165
0.00100 1.00e+07 0.3499999940    0.350 -1.067  3.5822  4.330    0  0.000  0.463     0.00     0.00 -1  1.26e-14      0.00 7.000e-01 2.990e-01 1.100e-03 5.880e-04 3.170e-03 -1.000 1.000e-03 7.439 11.434 10.046 8.544 7.578 6.776 5.794 5.221 5.011
0.00100 1.00e+07 0.3815068901    0.382 -1.015  3.5881  4.339    0  0.000  0.463     0.00     0.00 -1  1.35e-14      0.00 7.000e-01 2.990e-01 1.100e-03 5.880e-04 3.170e-03 -1.000 1.000e-03 7.307 10.992 9.765 8.334 7.408 6.639 5.680 5.091 4.895
0.00100 1.00e+07 0.4000000060    0.400 -0.985  3.5914  4.343    0  0.000  0.463     0.00     0.00 -1   1.4e-14      0.00 7.000e-01 2.990e-01 1.100e-03 5.880e-04 3.170e-03 -1.000 1.000e-03 7.233 10.697 9.577 8.199 7.305 6.561 5.622 5.018 4.833
0.00100 1.00e+07 0.4500000179    0.450 -0.910  3.6004  4.355    0  0.000  0.463     0.00     0.00 -1  1.55e-14      0.00 7.000e-01 2.990e-01 1.100e-03 5.880e-04 3.170e-03 -1.000 1.000e-03 7.045 10.034 9.140 7.876 7.055 6.368 5.474 4.839 4.678
0.00100 1.00e+07 0.4921519458    0.492 -0.849  3.6087  4.366    0  0.000  0.463     0.00     0.00 -1  1.69e-14      0.00 7.000e-01 2.990e-01 1.100e-03 5.880e-04 3.170e-03 -1.000 1.000e-03 6.891 9.748 8.895 7.671 6.880 6.217 5.343 4.703 4.549
0.00100 1.00e+07 0.5000000000    0.500 -0.837  3.6102  4.367    0  0.000  0.463     0.00     0.00 -1  1.71e-14      0.00 7.000e-01 2.990e-01 1.100e-03 5.880e-04 3.170e-03 -1.000 1.000e-03 6.864 9.697 8.851 7.634 6.848 6.190 5.319 4.678 4.526
0.00100 1.00e+07 0.5035622716    0.504 -0.832  3.6110  4.369    0  0.000  0.463     0.00     0.00 -1  1.72e-14      0.00 7.000e-01 2.990e-01 1.100e-03 5.880e-04 3.170e-03 -1.000 1.000e-03 6.851 9.671 8.829 7.616 6.834 6.177 5.309 4.667 4.516
0.00100 1.00e+07 0.5265391469    0.526 -0.796  3.6168  4.375    0  0.000  0.463     0.00     0.00 -1  1.82e-14      0.00 7.000e-01 2.990e-01 1.100e-03 5.880e-04 3.170e-03 -1.000 1.000e-03 6.760 9.488 8.675 7.490 6.729 6.089 5.233 4.588 4.443
0.00100 1.00e+07 0.5500000715    0.550 -0.758  3.6225  4.378    0  0.000  0.463     0.00     0.00 -1  1.94e-14      0.00 7.000e-01 2.990e-01 1.100e-03 5.880e-04 3.170e-03 -1.000 1.000e-03 6.665 9.301 8.517 7.359 6.620 5.996 5.154 4.505 4.366
0.00100 1.00e+07 0.5532743931    0.553 -0.753  3.6235  4.379    0  0.000  0.463     0.00     0.00 -1  1.95e-14      0.00 7.000e-01 2.990e-01 1.100e-03 5.880e-04 3.170e-03 -1.000 1.000e-03 6.652 9.271 8.492 7.340 6.604 5.983 5.143 4.494 4.356
0.00100 1.00e+07 0.5841274858    0.584 -0.696  3.6334  4.386    0  0.000  0.463     0.00     0.00 -1  2.15e-14      0.00 7.000e-01 2.990e-01 1.100e-03 5.880e-04 3.170e-03 -1.000 1.000e-03 6.509 8.959 8.239 7.133 6.434 5.840 5.027 4.385 4.257
0.00100 1.00e+07 0.6000000238    0.600 -0.665  3.6386  4.388    0  0.000  0.463     0.00     0.00 -1  2.27e-14      0.00 7.000e-01 2.990e-01 1.100e-03 5.880e-04 3.170e-03 -1.000 1.000e-03 6.433 8.793 8.105 7.023 6.344 5.764 4.965 4.329 4.206
0.00100 1.00e+07 0.6123465896    0.612 -0.644  3.6424  4.390    0  0.000  0.463     0.00     0.00 -1  2.35e-14      0.00 7.000e-01 2.990e-01 1.100e-03 5.880e-04 3.170e-03 -1.000 1.000e-03 6.380 8.671 8.008 6.944 6.279 5.709 4.921 4.291 4.172
0.00100 1.00e+07 0.6499999762    0.650 -0.568  3.6552  4.392    0  0.000  0.463     0.00     0.00 -1  2.71e-14      0.00 7.000e-01 2.990e-01 1.100e-03 5.880e-04 3.170e-03 -1.000 1.000e-03 6.191 8.255 7.678 6.673 6.054 5.518 4.767 4.158 4.052
0.00100 1.00e+07 0.6999999881    0.700 -0.467  3.6735  4.396    0  0.000  0.463     0.00     0.00 -1  3.28e-14      0.00 7.000e-01 2.990e-01 1.100e-03 5.880e-04 3.170e-03 -1.000 9.999e-04 5.938 7.686 7.251 6.318 5.757 5.259 4.569 4.010 3.916
0.00100 1.00e+07 0.7399097681    0.740 -0.379  3.6930  4.411    0  0.000  0.463     0.00     0.00 -1  3.83e-14      0.00 7.000e-01 2.990e-01 1.100e-03 5.880e-04 3.170e-03 -1.000 1.000e-03 5.718 7.142 6.863 6.006 5.499 5.039 4.414 3.907 3.825
0.00100 1.00e+07 0.7500000000    0.750 -0.353  3.6984  4.412    0  0.000  0.463     0.00     0.00 -1  4.02e-14      0.00 7.000e-01 2.990e-01 1.100e-03 5.880e-04 3.170e-03 -1.000 1.000e-03 5.653 6.991 6.755 5.920 5.426 4.976 4.368 3.875 3.797
0.00100 1.00e+07 0.7564862370    0.757 -0.337  3.7011  4.411    0  0.000  0.463     0.00     0.00 -1  4.15e-14      0.00 7.000e-01 2.990e-01 1.100e-03 5.880e-04 3.170e-03 -1.000 1.000e-03 5.614 6.912 6.695 5.872 5.384 4.939 4.339 3.852 3.776
0.00100 1.00e+07 0.7974415421    0.798 -0.235  3.7185  4.401    0  0.000  0.463     0.00     0.00 -1  5.16e-14      0.00 7.000e-01 2.990e-01 1.100e-03 5.880e-04 3.170e-03 -1.000 1.000e-03 5.358 6.401 6.314 5.565 5.115 4.699 4.151 3.707 3.641
0.00100 1.00e+07 0.8000000119    0.800 -0.229  3.7197  4.400    0  0.000  0.463     0.00     0.00 -1  5.24e-14      0.00 7.000e-01 2.990e-01 1.100e-03 5.880e-04 3.170e-03 -1.000 1.000e-03 5.341 6.368 6.289 5.545 5.097 4.683 4.139 3.697 3.632
0.00100 1.00e+07 0.8306115866    0.830 -0.149  3.7327  4.389    0  0.000  0.463     0.00     0.00 -1  6.24e-14      0.00 7.000e-01 2.990e-01 1.100e-03 5.880e-04 3.170e-03 -1.000 1.000e-03 5.143 5.998 6.004 5.318 4.897 4.504 3.996 3.582 3.524
0.00100 1.00e+07 0.8500000238    0.850 -0.098  3.7411  4.381    0  0.000  0.463     0.00     0.00 -1  7.01e-14      0.00 7.000e-01 2.990e-01 1.100e-03 5.880e-04 3.170e-03 -1.000 1.000e-03 5.014 5.769 5.823 5.174 4.769 4.389 3.904 3.507 3.454
0.00100 1.00e+07 0.8723377585    0.872 -0.037  3.7502  4.369    0  0.000  0.463     0.00     0.00 -1  8.07e-14      0.00 7.000e-01 2.990e-01 1.100e-03 5.880e-04 3.170e-03 -1.000 1.000e-03 4.862 5.520 5.619 5.010 4.623 4.257 3.794 3.415 3.368
0.00100 1.00e+07 0.8955998421    0.895  0.030  3.7599  4.352    0  0.000  0.463     0.00     0.00 -1  9.45e-14      0.00 7.000e-01 2.990e-01 1.100e-03 5.880e-04 3.170e-03 -1.000 1.000e-03 4.696 5.264 5.402 4.833 4.463 4.113 3.673 3.311 3.270
0.00100 1.00e+07 0.8999999762    0.900  0.043  3.7617  4.348    0  0.000  0.463     0.00     0.00 -1  9.76e-14      0.00 7.000e-01 2.990e-01 1.100e-03 5.880e-04 3.170e-03 -1.000 1.000e-03 4.663 5.215 5.359 4.798 4.432 4.084 3.649 3.291 3.251
0.00100 1.00e+07 0.9180121422    0.918  0.097  3.7690  4.332    0  0.000  0.463     0.00     0.00 -1  1.12e-13      0.00 7.000e-01 2.990e-01 1.100e-03 5.880e-04 3.170e-03 -1.000 9.999e-04 4.527 5.021 5.187 4.655 4.302 3.966 3.548 3.203 3.167
0.00100 1.00e+07 0.9426528215    0.942  0.174  3.7791  4.307    0  0.000  0.463     0.00     0.00 -1  1.35e-13      0.00 7.000e-01 2.990e-01 1.100e-03 5.880e-04 3.170e-03 -1.000 1.000e-03 4.335 4.758 4.948 4.455 4.120 3.798 3.404 3.078 3.048
0.00100 1.00e+07 0.9499999881    0.950  0.197  3.7821  4.299    0  0.000  0.463     0.00     0.00 -1  1.43e-13      0.00 7.000e-01 2.990e-01 1.100e-03 5.880e-04 3.170e-03 -1.000 1.000e-03 4.278 4.684 4.878 4.395 4.066 3.749 3.362 3.042 3.013
0.00100 1.00e+07 0.9706457853    0.971  0.261  3.7906  4.278    0  0.000  0.463     0.00     0.00 -1  1.68e-13      0.00 7.000e-01 2.990e-01 1.100e-03 5.880e-04 3.170e-03 -1.000 1.000e-03 4.117 4.480 4.682 4.227 3.912 3.609 3.243 2.939 2.913
0.00100 1.00e+07 0.9922477007    0.993  0.325  3.7999  4.261    0  0.000  0.463     0.00     0.00 -1  1.97e-13      0.00 7.000e-01 2.990e-01 1.100e-03 5.880e-04 3.170e-03 -1.000 1.000e-03 3.956 4.281 4.485 4.060 3.761 3.473 3.129 2.843 2.821
0.00100 1.00e+07 1.0000000000    1.000  0.347  3.8034  4.256    0  0.000  0.463     0.00     0.00 -1  2.08e-13      0.00 7.000e-01 2.990e-01 1.100e-03 5.880e-04 3.170e-03 -1.000 1.000e-03 3.902 4.214 4.418 4.002 3.710 3.428 3.091 2.812 2.791
0.00100 1.00e+07 1.0043652058    1.005  0.359  3.8053  4.254    0  0.000  0.463     0.00     0.00 -1  2.12e-13      0.00 7.000e-01 2.990e-01 1.100e-03 5.880e-04 3.170e-03 -1.000 1.000e-03 3.872 4.177 4.380 3.971 3.682 3.402 3.070 2.796 2.775
0.00100 1.00e+07 1.0293837786    1.029  0.422  3.8172  4.250    0  0.000  0.463     0.00     0.00 -1  2.35e-13      0.00 7.000e-01 2.990e-01 1.100e-03 5.880e-04 3.170e-03 -1.000 1.000e-03 3.716 3.988 4.183 3.806 3.538 3.278 2.973 2.723 2.706
0.00100 1.00e+07 1.0499999523    1.050  0.469  3.8278  4.254    0  0.000  0.463     0.00     0.00 -1   2.5e-13      0.00 7.000e-01 2.990e-01 1.100e-03 5.880e-04 3.170e-03 -1.000 1.000e-03 3.599 3.846 4.030 3.680 3.431 3.189 2.909 2.680 2.666
0.00100 1.00e+07 1.0639024973    1.064  0.498  3.8356  4.261    0  0.000  0.463     0.00     0.00 -1  2.58e-13      0.00 7.000e-01 2.990e-01 1.100e-03 5.880e-04 3.170e-03 -1.000 1.000e-03 3.525 3.757 3.930 3.600 3.366 3.136 2.875 2.662 2.650
0.00100 1.00e+07 1.0718035698    1.071  0.510  3.8398  4.269    0  0.000  0.463     0.00     0.00 -1  2.59e-13      0.00 7.000e-01 2.990e-01 1.100e-03 5.880e-04 3.170e-03 -1.000 1.000e-03 3.495 3.721 3.888 3.568 3.340 3.118 2.866 2.662 2.650
0.00100 1.00e+07 1.1000000238    1.100  0.547  3.8549  4.304    0  0.000  0.463     0.00     0.00 -1  2.57e-13      0.00 7.000e-01 2.990e-01 1.100e-03 5.880e-04 3.170e-03 -1.000 1.000e-03 3.403 3.609 3.751 3.465 3.265 3.069 2.851 2.678 2.668
0.00100 1.00e+07 1.1047723293    1.104  0.553  3.8578  4.312    0  0.000  0.463     0.00     0.00 -1  2.55e-13      0.00 7.000e-01 2.990e-01 1.100e-03 5.880e-04 3.170e-03 -1.000 1.000e-03 3.388 3.591 3.728 3.448 3.254 3.063 2.852 2.685 2.675
0.00100 1.00e+07 1.1356581450    1.135  0.579  3.8749  4.366    0  0.000  0.463     0.00     0.00 -1  2.39e-13      0.00 7.000e-01 2.990e-01 1.100e-03 5.880e-04 3.170e-03 -1.000 1.000e-03 3.322 3.512 3.618 3.374 3.210 3.050 2.877 2.743 2.735
0.00100 1.00e+07 1.1499999762    1.150  0.588  3.8820  4.391    0  0.000  0.463     0.00     0.00 -1   2.3e-13      0.00 7.000e-01 2.990e-01 1.100e-03 5.880e-04 3.170e-03 -1.000 1.000e-03 3.301 3.487 3.580 3.349 3.199 3.051 2.893 2.772 2.765
0.00100 1.00e+07 1.1629784107    1.163  0.595  3.8879  4.412    0  0.000  0.463     0.00     0.00 -1  2.22e-13      0.00 7.000e-01 2.990e-01 1.100e-03 5.880e-04 3.170e-03 -1.000 1.000e-03 3.282 3.466 3.548 3.329 3.189 3.052 2.907 2.797 2.790
0.00100 1.00e+07 1.2000000477    1.200  0.621  3.9011  4.453    0  0.000  0.463     0.00     0.00 -1  2.05e-13      0.00 7.000e-01 2.990e-01 1.100e-03 5.880e-04 3.170e-03 -1.000 1.000e-03 3.219 3.399 3.457 3.263 3.148 3.035 2.917 2.830 2.824
0.00100 1.00e+07 1.2168432474    1.217  0.631  3.9075  4.474    0  0.000  0.463     0.00     0.00 -1  1.97e-13      0.00 7.000e-01 2.990e-01 1.100e-03 5.880e-04 3.170e-03 -1.000 1.000e-03 3.193 3.372 3.419 3.237 3.133 3.032 2.927 2.851 2.845
0.00100 1.00e+07 1.2500000000    1.250  0.661  3.9185  4.499    0  0.000  0.463     0.00     0.00 -1  1.88e-13      0.00 7.000e-01 2.990e-01 1.100e-03 5.880e-04 3.170e-03 -1.000 1.000e-03 3.117 3.297 3.325 3.166 3.082 3.000 2.916 2.857 2.851
0.00100 1.00e+07 1.2735133171    1.274  0.682  3.9263  4.518    0  0.000  0.463     0.00     0.00 -1  1.81e-13      0.00 7.000e-01 2.990e-01 1.100e-03 5.880e-04 3.170e-03 -1.000 1.000e-03 3.065 3.247 3.266 3.123 3.052 2.983 2.912 2.864 2.859
0.00100 1.00e+07 1.2999999523    1.300  0.713  3.9346  4.529    0  0.000  0.463     0.00     0.00 -1  1.78e-13      0.00 7.000e-01 2.990e-01 1.100e-03 5.880e-04 3.170e-03 -1.000 1.000e-03 2.987 3.172 3.180 3.056 2.999 2.943 2.886 2.848 2.844
0.00100 1.00e+07 1.3500000238    1.350  0.779  3.9505  4.544    0  0.000  0.463     0.00     0.00 -1  1.75e-13      0.00 7.000e-01 2.990e-01 1.100e-03 5.880e-04 3.170e-03 -1.000 1.000e-03 2.824 3.018 3.020 2.930 2.896 2.860 2.828 2.806 2.802
0.00100 1.00e+07 1.3579466343    1.358  0.788  3.9529  4.546    0  0.000  0.463     0.00     0.00 -1  1.74e-13      0.00 7.000e-01 2.990e-01 1.100e-03 5.880e-04 3.170e-03 -1.000 1.000e-03 2.799 2.995 2.998 2.913 2.881 2.848 2.819 2.799 2.796
0.00100 1.00e+07 1.3999999762    1.401  0.840  3.9654  4.558    0  0.000  0.463     0.00     0.00 -1  1.67e-13      0.00 7.000e-01 2.990e-01 1.100e-03 5.880e-04 3.170e-03 -1.000 1.000e-03 2.671 2.873 2.886 2.822 2.805 2.786 2.775 2.765 2.763
0.00100 1.00e+07 1.4048939943    1.405  0.845  3.9668  4.560    0  0.000  0.463     0.00     0.00 -1  1.65e-13      0.00 7.000e-01 2.990e-01 1.100e-03 5.880e-04 3.170e-03 -1.000 1.000e-03 2.657 2.860 2.874 2.813 2.797 2.780 2.770 2.761 2.760
0.00100 1.00e+07 1.4500000477    1.451  0.897  3.9794  4.572    0  0.000  0.463     0.00     0.00 -1  1.53e-13      0.00 7.000e-01 2.990e-01 1.100e-03 5.880e-04 3.170e-03 -1.000 1.000e-03 2.527 2.738 2.771 2.729 2.724 2.719 2.726 2.726 2.727
0.00100 1.00e+07 1.4608473778    1.461  0.909  3.9822  4.575    0  0.000  0.463     0.00     0.00 -1  1.48e-13      0.00 7.000e-01 2.990e-01 1.100e-03 5.880e-04 3.170e-03 -1.000 1.000e-03 2.497 2.709 2.748 2.711 2.708 2.705 2.716 2.717 2.719
0.00100 1.00e+07 1.5000000000    1.500  0.957  3.9929  4.581    0  0.000  0.463     0.00     0.00 -1  1.36e-13      0.00 7.000e-01 2.990e-01 1.100e-03 5.880e-04 3.170e-03 -1.000 1.000e-03 2.378 2.597 2.658 2.636 2.640 2.647 2.670 2.677 2.681
0.00100 1.00e+07 1.5499999523    1.550  1.015  4.0058  4.589    0  0.000  0.463     0.00     0.00 -1  1.14e-13      0.00 7.000e-01 2.990e-01 1.100e-03 5.880e-04 3.170e-03 -1.000 1.000e-03 2.233 2.461 2.555 2.550 2.562 2.577 2.615 2.628 2.635
0.00100 1.00e+07 1.6000000238    1.600  1.072  4.0184  4.596    0  0.000  0.463     0.00     0.00 -1         0      0.00 7.000e-01 2.990e-01 1.100e-03 5.880e-04 3.170e-03 -1.000 1.000e-03 2.091 2.329 2.457 2.468 2.486 2.508 2.561 2.578 2.588
0.00100 1.00e+07 1.6499999762    1.650  1.124  4.0300  4.603    0  0.000  0.463     0.00     0.00 -1         0      0.00 7.000e-01 2.990e-01 1.100e-03 5.880e-04 3.170e-03 -1.000 1.000e-03 1.960 2.212 2.372 2.397 2.419 2.447 2.512 2.533 2.546
0.00100 1.00e+07 1.7000000477    1.700  1.176  4.0413  4.610    0  0.000  0.463     0.00     0.00 -1         0      0.00 7.000e-01 2.990e-01 1.100e-03 5.880e-04 3.170e-03 -1.000 1.000e-03 1.830 2.100 2.292 2.327 2.353 2.387 2.463 2.487 2.503
0.00100 1.00e+07 1.7500000000    1.749  1.226  4.0522  4.616    0  0.000  0.463     0.00     0.00 -1         0      0.00 7.000e-01 2.990e-01 1.100e-03 5.880e-04 3.170e-03 -1.000 1.000e-03 1.705 1.993 2.216 2.261 2.290 2.328 2.415 2.443 2.461
0.00100 1.00e+07 1.7999999523    1.799  1.275  4.0628  4.621    0  0.000  0.463     0.00     0.00 -1         0      0.00 7.000e-01 2.990e-01 1.100e-03 5.880e-04 3.170e-03 -1.000 1.000e-03 1.582 1.889 2.142 2.196 2.229 2.271 2.368 2.398 2.420
0.00100 1.00e+07 1.8500000238    1.849  1.321  4.0725  4.626    0  0.000  0.463     0.00     0.00 -1         0      0.00 7.000e-01 2.990e-01 1.100e-03 5.880e-04 3.170e-03 -1.000 1.000e-03 1.468 1.795 2.075 2.135 2.171 2.218 2.323 2.356 2.380
0.00100 1.00e+07 1.8999999762    1.900  1.366  4.0821  4.631    0  0.000  0.463     0.00     0.00 -1         0      0.00 7.000e-01 2.990e-01 1.100e-03 5.880e-04 3.170e-03 -1.000 1.000e-03 1.354 1.702 2.008 2.076 2.114 2.164 2.278 2.314 2.340
0.00100 1.00e+07 1.9500000477    1.950  1.410  4.0913  4.635    0  0.000  0.463     0.00     0.00 -1         0      0.00 7.000e-01 2.990e-01 1.100e-03 5.880e-04 3.170e-03 -1.000 1.000e-03 1.245 1.613 1.945 2.018 2.059 2.112 2.235 2.272 2.300
0.00100 1.00e+07 2.0000000000    2.001  1.452  4.0998  4.639    0  0.000  0.463     0.00     0.00 -1         0      0.00 7.000e-01 2.990e-01 1.100e-03 5.880e-04 3.170e-03 -1.000 1.000e-03 1.141 1.530 1.884 1.963 2.006 2.062 2.192 2.231 2.261
0.00100 1.00e+07 2.0499999523    2.050  1.492  4.1080  4.642    0  0.000  0.463     0.00     0.00 -1         0      0.00 7.000e-01 2.990e-01 1.100e-03 5.880e-04 3.170e-03 -1.000 1.000e-03 1.040 1.450 1.825 1.909 1.954 2.013 2.150 2.191 2.223
0.00100 1.00e+07 2.0999999046    2.100  1.531  4.1158  4.644    0  0.000  0.463     0.00     0.00 -1         0      0.00 7.000e-01 2.990e-01 1.100e-03 5.880e-04 3.170e-03 -1.000 1.000e-03 0.942 1.372 1.767 1.855 1.902 1.964 2.107 2.151 2.184
0.00100 1.00e+07 2.1500000954    2.149  1.570  4.1236  4.647    0  0.000  0.463     0.00     0.00 -1         0      0.00 7.000e-01 2.990e-01 1.100e-03 5.880e-04 3.170e-03 -1.000 1.000e-03 0.845 1.297 1.711 1.804 1.852 1.917 2.066 2.112 2.146
0.00100 1.00e+07 2.2000000477    2.199  1.607  4.1307  4.648    0  0.000  0.463     0.00     0.00 -1         0      0.00 7.000e-01 2.990e-01 1.100e-03 5.880e-04 3.170e-03 -1.000 1.000e-03 0.753 1.225 1.656 1.753 1.804 1.871 2.025 2.073 2.108
0.00100 1.00e+07 2.2460389137    2.245  1.640  4.1370  4.649    0  0.000  0.463     0.00     0.00 -1         0      0.00 7.000e-01 2.990e-01 1.100e-03 5.880e-04 3.170e-03 -1.000 1.000e-03 0.669 1.159 1.606 1.707 1.758 1.828 1.987 2.036 2.073
0.00100 1.00e+07 2.2500000000    2.249  1.643  4.1376  4.649    0  0.000  0.463     0.00     0.00 -1         0      0.00 7.000e-01 2.990e-01 1.100e-03 5.880e-04 3.170e-03 -1.000 1.000e-03 0.662 1.154 1.602 1.703 1.755 1.824 1.984 2.033 2.070
0.00100 1.00e+07 2.2999999523    2.299  1.678  4.1441  4.650    0  0.000  0.463     0.00     0.00 -1         0      0.00 7.000e-01 2.990e-01 1.100e-03 5.880e-04 3.170e-03 -1.000 1.000e-03 0.574 1.084 1.549 1.653 1.706 1.778 1.943 1.994 2.032
0.00100 1.00e+07 2.3499999046    2.349  1.713  4.1509  4.652    0  0.000  0.463     0.00     0.00 -1         0      0.00 7.000e-01 2.990e-01 1.100e-03 5.880e-04 3.170e-03 -1.000 1.000e-03 0.488 1.019 1.499 1.607 1.662 1.736 1.906 1.958 1.997
0.00100 1.00e+07 2.4000000954    2.400  1.746  4.1565  4.650    0  0.000  0.463     0.00     0.00 -1         0      0.00 7.000e-01 2.990e-01 1.100e-03 5.880e-04 3.170e-03 -1.000 1.000e-03 0.404 0.952 1.445 1.556 1.612 1.688 1.862 1.915 1.956
0.00100 1.00e+07 2.5999999046    2.601  1.873  4.1785  4.646    0  0.000  0.463     0.00     0.00 -1         0      0.00 7.000e-01 2.990e-01 1.100e-03 5.880e-04 3.170e-03 -1.000 1.000e-03 0.088 0.705 1.247 1.369 1.431 1.514 1.704 1.762 1.807
0.00100 1.00e+07 2.8000001907    2.801  1.988  4.1969  4.637    0  0.000  0.463     0.00     0.00 -1         0      0.00 7.000e-01 2.990e-01 1.100e-03 5.880e-04 3.170e-03 -1.000 1.000e-03 -0.200 0.478 1.059 1.191 1.257 1.346 1.549 1.611 1.659
0.00100 1.00e+07 3.0000000000    3.001  2.096  4.2154  4.633    0  0.000  0.463     0.00     0.00 -1         0      0.00 7.000e-01 2.990e-01 1.100e-03 5.880e-04 3.170e-03 -1.000 1.000e-03 -0.469 0.273 0.891 1.033 1.104 1.198 1.414 1.479 1.531
0.00100 1.00e+07 3.2000000477    3.200  2.195  4.2297  4.619    0  0.000  0.463     0.00     0.00 -1         0      0.00 7.000e-01 2.990e-01 1.100e-03 5.880e-04 3.170e-03 -1.000 1.000e-03 -0.717 0.075 0.722 0.871 0.944 1.044 1.269 1.338 1.391
0.00100 1.00e+07 3.4000000954    3.399  2.288  4.2441  4.610    0  0.000  0.463     0.00     0.00 -1         0      0.00 7.000e-01 2.990e-01 1.100e-03 5.880e-04 3.170e-03 -1.000 1.000e-03 -0.949 -0.105 0.568 0.725 0.802 0.906 1.141 1.212 1.268
0.00100 1.00e+07 3.5999999046    3.599  2.375  4.2577  4.602    0  0.000  0.463     0.00     0.00 -1         0      0.00 7.000e-01 2.990e-01 1.100e-03 5.880e-04 3.170e-03 -1.000 1.000e-03 -1.167 -0.275 0.425 0.589 0.669 0.776 1.020 1.094 1.153
0.00100 1.00e+07 3.8000001907    3.799  2.457  4.2713  4.598    0  0.000  0.463     0.00     0.00 -1         0      0.00 7.000e-01 2.990e-01 1.100e-03 5.880e-04 3.170e-03 -1.000 1.000e-03 -1.374 -0.431 0.294 0.464 0.547 0.659 0.911 0.988 1.049
0.00100 1.00e+07 4.0000000000    4.002  2.535  4.2827  4.588    0  0.000  0.463     0.00     0.00 -1         0      0.00 7.000e-01 2.990e-01 1.100e-03 5.880e-04 3.170e-03 -1.000 1.000e-03 -1.568 -0.584 0.161 0.337 0.423 0.538 0.798 0.877 0.940
0.00100 1.00e+07 4.1380362511    4.138  2.586  4.2903  4.582    0  0.000  0.463     0.00     0.00 -1         0      0.00 7.000e-01 2.990e-01 1.100e-03 5.880e-04 3.170e-03 -1.000 1.000e-03 -1.696 -0.684 0.075 0.255 0.343 0.460 0.724 0.804 0.869
0.00100 1.00e+07 4.1999998093    4.199  2.609  4.2937  4.579    0  0.000  0.463     0.00     0.00 -1         0      0.00 7.000e-01 2.990e-01 1.100e-03 5.880e-04 3.170e-03 -1.000 1.000e-03 -1.752 -0.727 0.037 0.219 0.307 0.425 0.692 0.773 0.838
0.00100 1.00e+07 4.4000000954    4.398  2.679  4.3044  4.572    0  0.000  0.463     0.00     0.00 -1         0      0.00 7.000e-01 2.990e-01 1.100e-03 5.880e-04 3.170e-03 -1.000 1.000e-03 -1.927 -0.863 -0.080 0.107 0.197 0.318 0.591 0.675 0.742
0.00100 1.00e+07 4.5027942657    4.501  2.714  4.3095  4.568    0  0.000  0.463     0.00     0.00 -1         0      0.00 7.000e-01 2.990e-01 1.100e-03 5.880e-04 3.170e-03 -1.000 1.000e-03 -2.014 -0.931 -0.139 0.050 0.142 0.265 0.541 0.625 0.693
0.00100 1.00e+07 4.5999999046    4.599  2.746  4.3143  4.564    0  0.000  0.463     0.00     0.00 -1         0      0.00 7.000e-01 2.990e-01 1.100e-03 5.880e-04 3.170e-03 -1.000 1.000e-03 -2.094 -0.994 -0.193 -0.002 0.091 0.215 0.494 0.580 0.648
0.00100 1.00e+07 4.8000001907    4.799  2.810  4.3238  4.557    0  0.000  0.463     0.00     0.00 -1         0      0.00 7.000e-01 2.990e-01 1.100e-03 5.880e-04 3.170e-03 -1.000 1.000e-03 -2.254 -1.119 -0.302 -0.105 -0.010 0.116 0.401 0.488 0.559
0.00100 1.00e+07 5.0000000000    5.000  2.871  4.3328  4.549    0  0.000  0.463     0.00     0.00 -1         0      0.00 7.000e-01 2.990e-01 1.100e-03 5.880e-04 3.170e-03 -1.000 1.000e-03 -2.407 -1.239 -0.407 -0.205 -0.109 0.021 0.310 0.399 0.472
0.00100 1.00e+07 5.2999997139    5.301  2.958  4.3454  4.538    0  0.000  0.463     0.00     0.00 -1         0      0.00 7.000e-01 2.990e-01 1.100e-03 5.880e-04 3.170e-03 -1.000 1.000e-03 -2.624 -1.409 -0.556 -0.349 -0.249 -0.116 0.181 0.272 0.347
0.00100 1.00e+07 5.5999999046    5.599  3.039  4.3570  4.528    0  0.000  0.463     0.00     0.00 -1         0      0.00 7.000e-01 2.990e-01 1.100e-03 5.880e-04 3.170e-03 -1.000 1.000e-03 -2.826 -1.568 -0.697 -0.484 -0.382 -0.246 0.058 0.152 0.229
0.00100 1.00e+07 5.9000000954    5.901  3.117  4.3681  4.516    0  0.000  0.463     0.00     0.00 -1         0      0.00 7.000e-01 2.990e-01 1.100e-03 5.880e-04 3.170e-03 -1.000 1.000e-03 -3.024 -1.725 -0.836 -0.618 -0.513 -0.374 -0.063 0.033 0.111
0.00100 1.00e+07 6.2000002861    6.198  3.191  4.3784  4.505    0  0.000  0.463     0.00     0.00 -1         0      0.00 7.000e-01 2.990e-01 1.100e-03 5.880e-04 3.170e-03 -1.000 1.000e-03 -3.207 -1.870 -0.966 -0.743 -0.636 -0.494 -0.177 -0.079 0.002
0.00100 1.00e+07 6.3494729996    6.346  3.226  4.3833  4.499    0  0.000  0.463     0.00     0.00 -1         0      0.00 7.000e-01 2.990e-01 1.100e-03 5.880e-04 3.170e-03 -1.000 1.000e-03 -3.295 -1.940 -1.029 -0.803 -0.696 -0.552 -0.233 -0.134 -0.052
0.00100 1.00e+07 6.5000000000    6.496  3.261  4.3880  4.494    0  0.000  0.463     0.00     0.00 -1         0      0.00 7.000e-01 2.990e-01 1.100e-03 5.880e-04 3.170e-03 -1.000 1.000e-03 -3.383 -2.011 -1.092 -0.864 -0.756 -0.611 -0.288 -0.188 -0.105
0.00100 1.00e+07 6.8000001907    6.792  3.328  4.3970  4.482    0  0.000  0.463     0.00     0.00 -1         0      0.00 7.000e-01 2.990e-01 1.100e-03 5.880e-04 3.170e-03 -1.000 1.000e-03 -3.550 -2.145 -1.213 -0.981 -0.871 -0.723 -0.395 -0.293 -0.208
0.00100 1.00e+07 7.0479731560    7.039  3.382  4.4042  4.473    0  0.000  0.463     0.00     0.00 -1         0      0.00 7.000e-01 2.990e-01 1.100e-03 5.880e-04 3.170e-03 -1.000 1.000e-03 -3.684 -2.254 -1.311 -1.076 -0.964 -0.814 -0.483 -0.379 -0.292
0.00100 1.00e+07 7.0999999046    7.092  3.393  4.4057  4.471    0  0.000  0.463     0.00     0.00 -1         0      0.00 7.000e-01 2.990e-01 1.100e-03 5.880e-04 3.170e-03 -1.000 1.000e-03 -3.712 -2.277 -1.332 -1.096 -0.983 -0.833 -0.501 -0.396 -0.309
0.00100 1.00e+07 7.3774147034    7.373  3.450  4.4132  4.460    0  0.000  0.463     0.00     0.00 -1         0      0.00 7.000e-01 2.990e-01 1.100e-03 5.880e-04 3.170e-03 -1.000 1.000e-03 -3.856 -2.394 -1.438 -1.199 -1.085 -0.932 -0.595 -0.489 -0.401
0.00100 1.00e+07 7.9103260040    7.913  3.556  4.4269  4.440    0  0.000  0.463     0.00     0.00 -1         0      0.00 7.000e-01 2.990e-01 1.100e-03 5.880e-04 3.170e-03 -1.000 1.000e-03 -4.121 -2.613 -1.637 -1.391 -1.274 -1.117 -0.772 -0.663 -0.572
0.00100 1.00e+07 8.0000000000    8.003  3.574  4.4291  4.436    0  0.000  0.463     0.00     0.00 -1         0      0.00 7.000e-01 2.990e-01 1.100e-03 5.880e-04 3.170e-03 -1.000 1.000e-03 -4.164 -2.649 -1.670 -1.422 -1.305 -1.148 -0.802 -0.692 -0.601
0.00100 1.00e+07 8.1109066010    8.111  3.593  4.4316  4.432    0  0.000  0.463     0.00     0.00 -1         0      0.00 7.000e-01 2.990e-01 1.100e-03 5.880e-04 3.170e-03 -1.000 1.000e-03 -4.213 -2.690 -1.707 -1.459 -1.341 -1.183 -0.836 -0.725 -0.633
0.00100 1.00e+07 8.6649284363    8.648  3.689  4.4435  4.412    0  0.000  0.463     0.00     0.00 -1         0      0.00 7.000e-01 2.990e-01 1.100e-03 5.880e-04 3.170e-03 -1.000 1.000e-03 -4.452 -2.890 -1.890 -1.636 -1.515 -1.355 -1.000 -0.887 -0.792
0.00100 1.00e+07 9.2635536194    9.227  3.787  4.4554  4.390    1  0.000  0.463     0.00     0.00 -1         0      0.00 7.000e-01 2.990e-01 1.100e-03 5.880e-04 3.170e-03 -1.000 1.000e-03 -4.696 -3.100 -2.082 -1.822 -1.699 -1.535 -1.173 -1.057 -0.961
0.00100 1.00e+07 9.5000000000    9.457  3.824  4.4597  4.380    1  0.000  0.463     0.00     0.00 -1         0      0.00 7.000e-01 2.990e-01 1.100e-03 5.880e-04 3.170e-03 -1.000 1.000e-03 -4.791 -3.182 -2.158 -1.895 -1.771 -1.606 -1.242 -1.125 -1.028
0.00100 1.00e+07 9.7139434814    9.677  3.860  4.4637  4.371    1  0.000  0.463     0.00     0.00 -1         0      0.00 7.000e-01 2.990e-01 1.100e-03 5.880e-04 3.170e-03 -1.000 1.000e-03 -4.879 -3.259 -2.229 -1.965 -1.840 -1.674 -1.307 -1.189 -1.091
0.00100 1.00e+07 10.1093511581   10.085  3.924  4.4706  4.352    1  0.000  0.463     0.00     0.00 -1         0      0.00 7.000e-01 2.990e-01 1.100e-03 5.880e-04 3.170e-03 -1.000 9.999e-04 -5.039 -3.402 -2.362 -2.094 -1.968 -1.799 -1.429 -1.310 -1.211
0.00100 1.00e+07 10.5393438339   10.529  3.992  4.4776  4.331    1  0.000  0.463     0.00     0.00 -1         0      0.00 7.000e-01 2.990e-01 1.100e-03 5.880e-04 3.170e-03 -1.000 1.000e-03 -5.209 -3.555 -2.504 -2.234 -2.105 -1.935 -1.561 -1.440 -1.340
0.00100 1.00e+07 11.0000000000   11.004  4.063  4.4845  4.307    1  0.000  0.463     0.00     0.00 -1         0      0.00 7.000e-01 2.990e-01 1.100e-03 5.880e-04 3.170e-03 -1.000 1.000e-03 -5.387 -3.717 -2.656 -2.382 -2.253 -2.081 -1.703 -1.581 -1.479
0.00100 1.00e+07 11.3712453842   11.368  4.113  4.4894  4.290    1  0.000  0.463     0.00     0.00 -1         0      0.00 7.000e-01 2.990e-01 1.100e-03 5.880e-04 3.170e-03 -1.000 1.000e-03 -5.512 -3.832 -2.764 -2.487 -2.358 -2.185 -1.804 -1.682 -1.579
0.00100 1.00e+07 11.9286785126   11.914  4.187  4.4961  4.263    1  0.000  0.463     0.00     0.00 -1         0      0.00 7.000e-01 2.990e-01 1.100e-03 5.880e-04 3.170e-03 -1.000 1.000e-03 -5.698 -4.003 -2.925 -2.646 -2.515 -2.341 -1.957 -1.834 -1.730
0.00100 1.00e+07 12.5000009537   12.472  4.262  4.5020  4.232    1  0.000  0.463     0.00     0.00 -1         0      0.00 7.000e-01 2.990e-01 1.100e-03 5.880e-04 3.170e-03 -1.000 1.000e-03 -5.884 -4.178 -3.090 -2.809 -2.677 -2.503 -2.116 -1.992 -1.888
0.00100 1.00e+07 12.6184778214   12.592  4.277  4.5031  4.225    1  0.000  0.463     0.00     0.00 -1         0      0.00 7.000e-01 2.990e-01 1.100e-03 5.880e-04 3.170e-03 -1.000 1.000e-03 -5.923 -4.214 -3.125 -2.844 -2.712 -2.537 -2.150 -2.026 -1.922
0.00100 1.00e+07 13.0890331268   13.067  4.339  4.5071  4.196    1  0.000  0.463     0.00     0.00 -1         0      0.00 7.000e-01 2.990e-01 1.100e-03 5.880e-04 3.170e-03 -1.000 1.000e-03 -6.077 -4.361 -3.265 -2.982 -2.850 -2.675 -2.286 -2.162 -2.057
0.00100 1.00e+07 13.5287342072   13.511  4.395  4.5103  4.167    1  0.000  0.463     0.00     0.00 -1         0      0.00 7.000e-01 2.990e-01 1.100e-03 5.880e-04 3.170e-03 -1.000 1.000e-03 -6.218 -4.495 -3.394 -3.110 -2.978 -2.804 -2.414 -2.289 -2.184
0.00100 1.00e+07 13.9228935242   13.909  4.446  4.5124  4.137    1  0.000  0.463     0.00     0.00 -1         0      0.00 7.000e-01 2.990e-01 1.100e-03 5.880e-04 3.170e-03 -1.000 1.000e-03 -6.344 -4.618 -3.514 -3.229 -3.097 -2.922 -2.532 -2.407 -2.302
0.00100 1.00e+07 14.0000000000   13.988  4.456  4.5127  4.131    1  0.000  0.463     0.00     0.00 -1         0      0.00 7.000e-01 2.990e-01 1.100e-03 5.880e-04 3.170e-03 -1.000 1.000e-03 -6.369 -4.642 -3.538 -3.253 -3.121 -2.946 -2.556 -2.431 -2.326
0.00100 1.00e+07 14.3679409027   14.349  4.498  4.5140  4.105    1  0.000  0.463     0.00     0.00 -1         0      0.00 7.000e-01 2.990e-01 1.100e-03 5.880e-04 3.170e-03 -1.000 9.999e-04 -6.475 -4.747 -3.640 -3.355 -3.223 -3.049 -2.658 -2.533 -2.428
0.00100 1.00e+07 14.8009061813   14.773  4.547  4.5149  4.071    1  0.000  0.463     0.00     0.00 -1         0      0.00 7.000e-01 2.990e-01 1.100e-03 5.880e-04 3.170e-03 -1.000 1.000e-03 -6.599 -4.871 -3.762 -3.477 -3.345 -3.171 -2.780 -2.655 -2.550
0.00100 1.00e+07 15.3397150040   15.302  4.608  4.5148  4.025    1  0.000  0.463     0.00     0.00 -1         0      0.00 7.000e-01 2.990e-01 1.100e-03 5.880e-04 3.170e-03 -1.000 9.999e-04 -6.751 -5.029 -3.919 -3.633 -3.502 -3.328 -2.937 -2.812 -2.707
0.00100 1.00e+07 15.5000000000   15.459  4.627  4.5144  4.010    1  0.000  0.463     0.00     0.00 -1         0      0.00 7.000e-01 2.990e-01 1.100e-03 5.880e-04 3.170e-03 -1.000 9.999e-04 -6.796 -5.078 -3.967 -3.682 -3.551 -3.377 -2.986 -2.861 -2.756
0.00100 1.00e+07 15.7274236679   15.685  4.652  4.5138  3.989    1  0.000  0.463     0.00     0.00 -1         0      0.00 7.000e-01 2.990e-01 1.100e-03 5.880e-04 3.170e-03 -1.000 1.000e-03 -6.859 -5.144 -4.033 -3.748 -3.617 -3.443 -3.053 -2.928 -2.823
0.00100 1.00e+07 16.2225856781   16.176  4.706  4.5110  3.936    1  0.000  0.463     0.00     0.00 -1         0      0.00 7.000e-01 2.990e-01 1.100e-03 5.880e-04 3.170e-03 -1.000 1.000e-03 -6.996 -5.291 -4.183 -3.898 -3.767 -3.594 -3.204 -3.079 -2.974
0.00100 1.00e+07 16.6800270081   16.628  4.757  4.5068  3.882    1  0.000  0.463     0.00     0.00 -1         0      0.00 7.000e-01 2.990e-01 1.100e-03 5.880e-04 3.170e-03 -1.000 1.000e-03 -7.121 -5.431 -4.328 -4.044 -3.914 -3.740 -3.351 -3.227 -3.123
0.00100 1.00e+07 17.1644248962   17.107  4.810  4.5000  3.813    1  0.000  0.463     0.00     0.00 -1         0      0.00 7.000e-01 2.990e-01 1.100e-03 5.880e-04 3.170e-03 -1.000 1.000e-03 -7.255 -5.597 -4.498 -4.217 -4.088 -3.917 -3.531 -3.408 -3.304
0.00100 1.00e+07 17.5266742706   17.465  4.850  4.4930  3.754    1  0.000  0.463     0.00     0.00 -1         0      0.00 7.000e-01 2.990e-01 1.100e-03 5.880e-04 3.170e-03 -1.000 1.000e-03 -7.356 -5.737 -4.638 -4.361 -4.235 -4.066 -3.684 -3.562 -3.459
0.00100 1.00e+07 17.8629932404   17.797  4.888  4.4851  3.693    1  0.000  0.463     0.00     0.00 -1         0      0.00 7.000e-01 2.990e-01 1.100e-03 5.880e-04 3.170e-03 -1.000 1.000e-03 -7.449 -5.867 -4.773 -4.499 -4.375 -4.208 -3.829 -3.708 -3.606
0.00100 1.00e+07 18.1627902985   18.093  4.922  4.4762  3.630    1  0.000  0.463     0.00     0.00 -1         0      0.00 7.000e-01 2.990e-01 1.100e-03 5.880e-04 3.170e-03 -1.000 1.000e-03 -7.535 -5.992 -4.904 -4.633 -4.511 -4.346 -3.970 -3.851 -3.750
0.00100 1.00e+07 18.4329586029   18.359  4.953  4.4673  3.570    1  0.000  0.463     0.00     0.00 -1         0      0.00 7.000e-01 2.990e-01 1.100e-03 5.880e-04 3.170e-03 -1.000 1.000e-03 -7.614 -6.106 -5.027 -4.758 -4.637 -4.473 -4.100 -3.982 -3.882
0.00100 1.00e+07 18.5000000000   18.426  4.961  4.4652  3.555    1  0.000  0.463     0.00     0.00 -1         0      0.00 7.000e-01 2.990e-01 1.100e-03 5.880e-04 3.170e-03 -1.000 1.000e-03 -7.633 -6.134 -5.057 -4.788 -4.668 -4.504 -4.132 -4.014 -3.914
0.00100 1.00e+07 18.7211608887   18.641  4.985  4.4617  3.522    1  0.000  0.463     0.00     0.00 -1         0      0.00 7.000e-01 2.990e-01 1.100e-03 5.880e-04 3.170e-03 -1.000 1.000e-03 -7.692 -6.207 -5.133 -4.866 -4.746 -4.583 -4.212 -4.095 -3.996
0.00100 1.00e+07 18.8121147156   18.729  4.996  4.4658  3.530    1  0.000  0.463     0.00     0.00 -1         0      0.00 7.000e-01 2.990e-01 1.100e-03 5.880e-04 3.170e-03 -1.000 1.000e-03 -7.720 -6.224 -5.144 -4.876 -4.756 -4.592 -4.219 -4.101 -4.001
0.00100 1.00e+07 18.8995132446   18.813  5.010  4.4775  3.564    1  0.000  0.463     0.00     0.00 -1         0      0.00 7.000e-01 2.990e-01 1.100e-03 5.880e-04 3.170e-03 -1.000 1.000e-03 -7.756 -6.222 -5.128 -4.857 -4.736 -4.571 -4.194 -4.075 -3.974
0.00100 1.00e+07 18.9168491364   18.830  5.019  4.4873  3.595    1  0.000  0.463     0.00     0.00 -1         0      0.00 7.000e-01 2.990e-01 1.100e-03 5.880e-04 3.170e-03 -1.000 9.999e-04 -7.777 -6.202 -5.099 -4.826 -4.703 -4.537 -4.157 -4.036 -3.934
0.00100 1.00e+07 18.9254398346   18.838  5.032  4.4995  3.631    1  0.000  0.463     0.00     0.00 -1         0      0.00 7.000e-01 2.990e-01 1.100e-03 5.880e-04 3.170e-03 -1.000 1.000e-03 -7.811 -6.169 -5.064 -4.785 -4.658 -4.488 -4.103 -3.980 -3.877
0.00100 1.00e+07 18.9286727905   18.841  5.045  4.5089  3.656    1  0.000  0.463     0.00     0.00 -1         0      0.00 7.000e-01 2.990e-01 1.100e-03 5.880e-04 3.170e-03 -1.000 1.000e-03 -7.842 -6.144 -5.038 -4.754 -4.623 -4.450 -4.060 -3.936 -3.831
0.00100 1.00e+07 18.9305725098   18.842  5.048  4.5119  3.665    1  0.000  0.463     0.00     0.00 -1         0      0.00 7.000e-01 2.990e-01 1.100e-03 5.880e-04 3.170e-03 -1.000 1.000e-03 -7.850 -6.141 -5.033 -4.748 -4.617 -4.443 -4.053 -3.928 -3.824
0.00100 1.00e+07 18.9322586060   18.844  5.044  4.5085  3.655    1  0.000  0.463     0.00     0.00 -1         0      0.00 7.000e-01 2.990e-01 1.100e-03 5.880e-04 3.170e-03 -1.000 1.000e-03 -7.839 -6.143 -5.038 -4.754 -4.623 -4.449 -4.060 -3.935 -3.831
0.00100 1.00e+07 18.9332695007   18.845  5.041  4.5065  3.650    2  0.000  0.463     0.00     0.00 -1         0      0.00 7.000e-01 2.990e-01 1.100e-03 5.880e-04 3.170e-03 -1.000 1.000e-03 -7.833 -6.148 -5.043 -4.760 -4.630 -4.457 -4.068 -3.944 -3.840
0.00100 1.00e+07 18.9341011047   18.846  5.039  4.5048  3.645    2  0.000  0.463     0.00     0.00 -1         0      0.00 7.000e-01 2.990e-01 1.100e-03 5.880e-04 3.170e-03 -1.000 1.000e-03 -7.828 -6.153 -5.048 -4.766 -4.637 -4.465 -4.077 -3.953 -3.849
0.00100 1.00e+07 18.9348621368   18.846  5.038  4.5021  3.636    2  0.000  0.463     0.00     0.00 -1         0      0.00 7.000e-01 2.990e-01 1.100e-03 5.880e-04 3.170e-03 -1.000 1.000e-03 -7.825 -6.167 -5.062 -4.781 -4.653 -4.482 -4.095 -3.972 -3.868
0.00100 1.00e+07 18.9355335236   18.847  5.037  4.4991  3.624    2  0.000  0.463     0.00     0.00 -1         0      0.00 7.000e-01 2.990e-01 1.100e-03 5.880e-04 3.170e-03 -1.000 1.000e-03 -7.823 -6.186 -5.080 -4.801 -4.675 -4.505 -4.120 -3.998 -3.894
0.00100 1.00e+07 18.9361038208   18.848  5.037  4.4964  3.614    2  0.000  0.463     0.00     0.00 -1         0      0.00 7.000e-01 2.990e-01 1.100e-03 5.880e-04 3.170e-03 -1.000 1.000e-03 -7.822 -6.203 -5.096 -4.819 -4.694 -4.526 -4.142 -4.020 -3.917
0.00100 1.00e+07 18.9366836548   18.848  5.037  4.4934  3.602    2  0.000  0.463     0.00     0.00 -1         0      0.00 7.000e-01 2.990e-01 1.100e-03 5.880e-04 3.170e-03 -1.000 1.000e-03 -7.822 -6.222 -5.114 -4.839 -4.716 -4.549 -4.166 -4.045 -3.942
0.00100 1.00e+07 18.9372749329   18.849  5.037  4.4898  3.587    2  0.000  0.463     0.00     0.00 -1         0      0.00 7.000e-01 2.990e-01 1.100e-03 5.880e-04 3.170e-03 -1.000 1.000e-03 -7.823 -6.240 -5.134 -4.860 -4.737 -4.571 -4.190 -4.069 -3.967
0.00100 1.00e+07 18.9379978180   18.850  5.038  4.4853  3.569    2  0.000  0.463     0.00     0.00 -1         0      0.00 7.000e-01 2.990e-01 1.100e-03 5.880e-04 3.170e-03 -1.000 1.000e-03 -7.825 -6.263 -5.160 -4.887 -4.765 -4.600 -4.220 -4.100 -3.998
0.00100 1.00e+07 18.9384899139   18.850  5.039  4.4821  3.555    2  0.000  0.463     0.00     0.00 -1         0      0.00 7.000e-01 2.990e-01 1.100e-03 5.880e-04 3.170e-03 -1.000 1.000e-03 -7.827 -6.280 -5.179 -4.907 -4.786 -4.621 -4.243 -4.123 -4.021
0.00100 1.00e+07 18.9389877319   18.851  5.040  4.4786  3.540    2  0.000  0.463     0.00     0.00 -1         0      0.00 7.000e-01 2.990e-01 1.100e-03 5.880e-04 3.170e-03 -1.000 1.000e-03 -7.829 -6.297 -5.199 -4.928 -4.808 -4.643 -4.266 -4.147 -4.045
0.00100 1.00e+07 18.9396190643   18.851  5.041  4.4740  3.520    2  0.000  0.463     0.00     0.00 -1         0      0.00 7.000e-01 2.990e-01 1.100e-03 5.880e-04 3.170e-03 -1.000 1.000e-03 -7.832 -6.316 -5.223 -4.953 -4.833 -4.669 -4.294 -4.175 -4.074
0.00100 1.00e+07 18.9401321411   18.852  5.042  4.4700  3.503    2  0.000  0.463     0.00     0.00 -1         0      0.00 7.000e-01 2.990e-01 1.100e-03 5.880e-04 3.170e-03 -1.000 1.000e-03 -7.835 -6.333 -5.245 -4.976 -4.856 -4.692 -4.318 -4.199 -4.099
0.00100 1.00e+07 18.9405231476   18.852  5.043  4.4669  3.490    2  0.000  0.463     0.00     0.00 -1         0      0.00 7.000e-01 2.990e-01 1.100e-03 5.880e-04 3.170e-03 -1.000 1.000e-03 -7.838 -6.344 -5.260 -4.992 -4.872 -4.708 -4.335 -4.217 -4.117
0.00100 1.00e+07 18.9409179688   18.852  5.044  4.4637  3.476    2  0.000  0.463     0.00     0.00 -1         0      0.00 7.000e-01 2.990e-01 1.100e-03 5.880e-04 3.170e-03 -1.000 1.000e-03 -7.840 -6.354 -5.275 -5.007 -4.888 -4.724 -4.353 -4.235 -4.135
0.00100 1.00e+07 18.9413166046   18.853  5.045  4.4604  3.462    2  0.000  0.463     0.00     0.00 -1         0      0.00 7.000e-01 2.990e-01 1.100e-03 5.880e-04 3.170e-03 -1.000 1.000e-03 -7.842 -6.364 -5.290 -5.023 -4.904 -4.741 -4.371 -4.254 -4.155
0.00100 1.00e+07 18.9417209625   18.853  5.046  4.4569  3.447    2  0.000  0.463     0.00     0.00 -1         0      0.00 7.000e-01 2.990e-01 1.100e-03 5.880e-04 3.170e-03 -1.000 1.000e-03 -7.845 -6.374 -5.307 -5.041 -4.922 -4.759 -4.391 -4.274 -4.176
0.00100 1.00e+07 18.9421367645   18.854  5.047  4.4533  3.432    2  0.000  0.463     0.00     0.00 -1         0      0.00 7.000e-01 2.990e-01 1.100e-03 5.880e-04 3.170e-03 -1.000 9.999e-04 -7.848 -6.385 -5.323 -5.058 -4.940 -4.778 -4.411 -4.295 -4.197
0.00100 1.00e+07 18.9425659180   18.854  5.048  4.4496  3.415    2  0.000  0.463     0.00     0.00 -1         0      0.00 7.000e-01 2.990e-01 1.100e-03 5.880e-04 3.170e-03 -1.000 1.000e-03 -7.851 -6.397 -5.341 -5.077 -4.959 -4.798 -4.433 -4.318 -4.220
0.00100 1.00e+07 18.9428710938   18.854  5.049  4.4468  3.403    2  0.000  0.463     0.00     0.00 -1         0      0.00 7.000e-01 2.990e-01 1.100e-03 5.880e-04 3.170e-03 -1.000 1.000e-03 -7.853 -6.405 -5.354 -5.091 -4.973 -4.813 -4.450 -4.335 -4.238
0.00100 1.00e+07 18.9431953430   18.854  5.050  4.4437  3.390    2  0.000  0.463     0.00     0.00 -1         0      0.00 7.000e-01 2.990e-01 1.100e-03 5.880e-04 3.170e-03 -1.000 1.000e-03 -7.855 -6.414 -5.368 -5.106 -4.989 -4.829 -4.469 -4.354 -4.258
0.00100 1.00e+07 18.9435405731   18.854  5.051  4.4404  3.376    2  0.000  0.463     0.00     0.00 -1         0      0.00 7.000e-01 2.990e-01 1.100e-03 5.880e-04 3.170e-03 -1.000 1.000e-03 -7.857 -6.424 -5.383 -5.122 -5.006 -4.846 -4.488 -4.374 -4.279
0.00100 1.00e+07 18.9439277649   18.855  5.052  4.4368  3.361    2  0.000  0.463     0.00     0.00 -1         0      0.00 7.000e-01 2.990e-01 1.100e-03 5.880e-04 3.170e-03 -1.000 1.000e-03 -7.859 -6.437 -5.401 -5.142 -5.026 -4.867 -4.511 -4.399 -4.303
0.00100 1.00e+07 18.9441490173   18.855  5.052  4.4346  3.351    2  0.000  0.463     0.00     0.00 -1         0      0.00 7.000e-01 2.990e-01 1.100e-03 5.880e-04 3.170e-03 -1.000 1.000e-03 -7.861 -6.447 -5.413 -5.155 -5.040 -4.882 -4.527 -4.415 -4.320
0.00100 1.00e+07 18.9443969727   18.855  5.053  4.4321  3.341    2  0.000  0.463     0.00     0.00 -1         0      0.00 7.000e-01 2.990e-01 1.100e-03 5.880e-04 3.170e-03 -1.000 1.000e-03 -7.863 -6.458 -5.426 -5.170 -5.055 -4.898 -4.545 -4.433 -4.339
0.00100 1.00e+07 18.9446735382   18.856  5.054  4.4293  3.329    2  0.000  0.463     0.00     0.00 -1         0      0.00 7.000e-01 2.990e-01 1.100e-03 5.880e-04 3.170e-03 -1.000 1.000e-03 -7.865 -6.472 -5.442 -5.187 -5.073 -4.917 -4.565 -4.454 -4.360
0.00100 1.00e+07 18.9449844360   18.856  5.055  4.4262  3.316    2  0.000  0.463     0.00     0.00 -1         0      0.00 7.000e-01 2.990e-01 1.100e-03 5.880e-04 3.170e-03 -1.000 1.000e-03 -7.867 -6.487 -5.459 -5.206 -5.093 -4.939 -4.588 -4.478 -4.385
0.00100 1.00e+07 18.9453296661   18.857  5.056  4.4227  3.301    2  0.000  0.463     0.00     0.00 -1         0      0.00 7.000e-01 2.990e-01 1.100e-03 5.880e-04 3.170e-03 -1.000 1.000e-03 -7.869 -6.506 -5.480 -5.228 -5.117 -4.964 -4.615 -4.506 -4.413
0.00100 1.00e+07 18.9457168579   18.857  5.057  4.4186  3.283    2  0.000  0.463     0.00     0.00 -1         0      0.00 7.000e-01 2.990e-01 1.100e-03 5.880e-04 3.170e-03 -1.000 1.000e-03 -7.872 -6.531 -5.506 -5.256 -5.146 -4.995 -4.648 -4.540 -4.448
0.00100 1.00e+07 18.9461498260   18.857  5.058  4.4139  3.264    2  0.000  0.463     0.00     0.00 -1         0      0.00 7.000e-01 2.990e-01 1.100e-03 5.880e-04 3.170e-03 -1.000 1.000e-03 -7.874 -6.559 -5.535 -5.288 -5.180 -5.031 -4.686 -4.578 -4.487
0.00100 1.00e+07 18.9466304779   18.858  5.059  4.4085  3.241    2  0.000  0.463     0.00     0.00 -1         0      0.00 7.000e-01 2.990e-01 1.100e-03 5.880e-04 3.170e-03 -1.000 1.000e-03 -7.877 -6.590 -5.567 -5.324 -5.218 -5.071 -4.728 -4.622 -4.532
0.00100 1.00e+07 18.9471721649   18.858  5.060  4.4024  3.215    2  0.000  0.463     0.00     0.00 -1         0      0.00 7.000e-01 2.990e-01 1.100e-03 5.880e-04 3.170e-03 -1.000 1.000e-03 -7.881 -6.615 -5.599 -5.358 -5.254 -5.108 -4.769 -4.665 -4.576
0.00100 1.00e+07 18.9477081299   18.859  5.061  4.3961  3.189    2  0.000  0.463     0.00     0.00 -1         0      0.00 7.000e-01 2.990e-01 1.100e-03 5.880e-04 3.170e-03 -1.000 9.999e-04 -7.884 -6.639 -5.632 -5.393 -5.290 -5.146 -4.810 -4.707 -4.620
0.00100 1.00e+07 18.9481983185   18.859  5.063  4.3903  3.164    2  0.000  0.463     0.00     0.00 -1         0      0.00 7.000e-01 2.990e-01 1.100e-03 5.880e-04 3.170e-03 -1.000 1.000e-03 -7.887 -6.663 -5.663 -5.427 -5.325 -5.183 -4.850 -4.749 -4.663
0.00100 1.00e+07 18.9486236572   18.860  5.064  4.3850  3.142    2  0.000  0.463     0.00     0.00 -1         0      0.00 7.000e-01 2.990e-01 1.100e-03 5.880e-04 3.170e-03 -1.000 1.000e-03 -7.889 -6.684 -5.691 -5.457 -5.357 -5.216 -4.886 -4.787 -4.701
0.00100 1.00e+07 18.9488029480   18.860  5.064  4.3827  3.132    2  0.000  0.463     0.00     0.00 -1         0      0.00 7.000e-01 2.990e-01 1.100e-03 5.880e-04 3.170e-03 -1.000 1.000e-03 -7.890 -6.693 -5.703 -5.470 -5.370 -5.230 -4.902 -4.803 -4.717
0.00100 1.00e+07 18.9490013123   18.860  5.065  4.3803  3.122    2  0.000  0.463     0.00     0.00 -1         0      0.00 7.000e-01 2.990e-01 1.100e-03 5.880e-04 3.170e-03 -1.000 1.000e-03 -7.891 -6.704 -5.716 -5.484 -5.385 -5.246 -4.919 -4.820 -4.736
0.00100 1.00e+07 18.9492244720   18.860  5.065  4.3774  3.110    2  0.000  0.463     0.00     0.00 -1         0      0.00 7.000e-01 2.990e-01 1.100e-03 5.880e-04 3.170e-03 -1.000 1.000e-03 -7.893 -6.716 -5.732 -5.501 -5.402 -5.264 -4.939 -4.841 -4.757
0.00100 1.00e+07 18.9494743347   18.861  5.066  4.3742  3.097    2  0.000  0.463     0.00     0.00 -1         0      0.00 7.000e-01 2.990e-01 1.100e-03 5.880e-04 3.170e-03 -1.000 1.000e-03 -7.894 -6.729 -5.749 -5.520 -5.422 -5.284 -4.961 -4.864 -4.781
0.00100 1.00e+07 18.9497337341   18.861  5.066  4.3709  3.083    2  0.000  0.463     0.00     0.00 -1         0      0.00 7.000e-01 2.990e-01 1.100e-03 5.880e-04 3.170e-03 -1.000 1.000e-03 -7.896 -6.743 -5.768 -5.539 -5.442 -5.306 -4.985 -4.888 -4.805
0.00100 1.00e+07 18.9500656128   18.861  5.067  4.3664  3.064    3  0.000  0.463     0.00     0.00 -1         0      0.00 7.000e-01 2.990e-01 1.100e-03 5.880e-04 3.170e-03 -1.000 1.000e-03 -7.897 -6.761 -5.792 -5.566 -5.469 -5.334 -5.016 -4.920 -4.838
0.00100 1.00e+07 18.9508438110   18.862  5.069  4.3558  3.020    3  0.000  0.463     0.00     0.00 -1         0      0.00 7.000e-01 2.990e-01 1.100e-03 5.880e-04 3.170e-03 -1.000 1.000e-03 -7.902 -6.806 -5.850 -5.628 -5.535 -5.403 -5.090 -4.997 -4.917
0.00100 1.00e+07 18.9518165588   18.863  5.071  4.3421  2.963    3  0.000  0.463     0.00     0.00 -1         0      0.00 7.000e-01 2.990e-01 1.100e-03 5.880e-04 3.170e-03 -1.000 1.000e-03 -7.908 -6.858 -5.924 -5.707 -5.617 -5.489 -5.184 -5.095 -5.017
0.00100 1.00e+07 18.9530315399   18.864  5.075  4.3247  2.890    3  0.000  0.463     0.00     0.00 -1         0      0.00 7.000e-01 2.990e-01 1.100e-03 5.880e-04 3.170e-03 -1.000 1.000e-03 -7.917 -6.924 -6.021 -5.810 -5.724 -5.600 -5.307 -5.220 -5.146
0.00100 1.00e+07 18.9537506104   18.865  5.077  4.3145  2.846    3  0.000  0.463     0.00     0.00 -1         0      0.00 7.000e-01 2.990e-01 1.100e-03 5.880e-04 3.170e-03 -1.000 1.000e-03 -7.923 -6.964 -6.079 -5.873 -5.788 -5.668 -5.380 -5.296 -5.224
0.00100 1.00e+07 18.9545478821   18.865  5.080  4.3033  2.799    3  0.000  0.463     0.00     0.00 -1         0      0.00 7.000e-01 2.990e-01 1.100e-03 5.880e-04 3.170e-03 -1.000 1.000e-03 -7.930 -7.010 -6.144 -5.942 -5.860 -5.744 -5.463 -5.382 -5.312
0.00100 1.00e+07 18.9554405212   18.866  5.083  4.2910  2.746    3  0.000  0.463     0.00     0.00 -1         0      0.00 7.000e-01 2.990e-01 1.100e-03 5.880e-04 3.170e-03 -1.000 1.000e-03 -7.939 -7.073 -6.216 -6.022 -5.944 -5.833 -5.559 -5.480 -5.412
0.00100 1.00e+07 18.9564361572   18.867  5.087  4.2780  2.690    3  0.000  0.463     0.00     0.00 -1         0      0.00 7.000e-01 2.990e-01 1.100e-03 5.880e-04 3.170e-03 -1.000 1.000e-03 -7.948 -7.148 -6.293 -6.109 -6.036 -5.931 -5.664 -5.589 -5.523
0.00100 1.00e+07 18.9575519562   18.868  5.092  4.2643  2.631    3  0.000  0.463     0.00     0.00 -1         0      0.00 7.000e-01 2.990e-01 1.100e-03 5.880e-04 3.170e-03 -1.000 1.000e-03 -7.959 -7.216 -6.376 -6.198 -6.131 -6.031 -5.771 -5.700 -5.636
0.00100 1.00e+07 18.9588317871   18.870  5.097  4.2499  2.569    3  0.000  0.463     0.00     0.00 -1         0      0.00 7.000e-01 2.990e-01 1.100e-03 5.880e-04 3.170e-03 -1.000 1.000e-03 -7.971 -7.282 -6.463 -6.292 -6.229 -6.133 -5.883 -5.815 -5.754
0.00100 1.00e+07 18.9602622986   18.871  5.102  4.2357  2.507    3  0.000  0.463     0.00     0.00 -1         0      0.00 7.000e-01 2.990e-01 1.100e-03 5.880e-04 3.170e-03 -1.000 1.000e-03 -7.984 -7.347 -6.550 -6.386 -6.327 -6.237 -5.995 -5.931 -5.872
0.00100 1.00e+07 18.9618625641   18.872  5.107  4.2223  2.448    3  0.000  0.463     0.00     0.00 -1         0      0.00 7.000e-01 2.990e-01 1.100e-03 5.880e-04 3.170e-03 -1.000 1.000e-03 -7.998 -7.402 -6.634 -6.475 -6.418 -6.333 -6.101 -6.039 -5.983
0.00100 1.00e+07 18.9636478424   18.874  5.112  4.2104  2.395    3  0.000  0.463     0.00     0.00 -1         0      0.00 7.000e-01 2.990e-01 1.100e-03 5.880e-04 3.170e-03 -1.000 1.000e-03 -8.011 -7.452 -6.710 -6.555 -6.502 -6.420 -6.196 -6.138 -6.083
0.00100 1.00e+07 18.9656486511   18.876  5.117  4.2004  2.350    3  0.000  0.463     0.00     0.00 -1         0      0.00 7.000e-01 2.990e-01 1.100e-03 5.880e-04 3.170e-03 -1.000 1.000e-03 -8.023 -7.494 -6.774 -6.623 -6.572 -6.493 -6.277 -6.221 -6.169
0.00100 1.00e+07 18.9703826904   18.880  5.126  4.1876  2.291    3  0.000  0.463     0.00     0.00 -1         0      0.00 7.000e-01 2.990e-01 1.100e-03 5.880e-04 3.170e-03 -1.000 1.000e-03 -8.044 -7.556 -6.863 -6.718 -6.669 -6.595 -6.388 -6.335 -6.284
0.00100 1.00e+07 18.9731750488   18.883  5.130  4.1849  2.276    3  0.000  0.463     0.00     0.00 -1         0      0.00 7.000e-01 2.990e-01 1.100e-03 5.880e-04 3.170e-03 -1.000 9.999e-04 -8.054 -7.573 -6.886 -6.742 -6.694 -6.621 -6.416 -6.364 -6.313
0.00100 1.00e+07 18.9736347198   18.883  5.130  4.1854  2.278    3  0.000  0.463     0.00     0.00 -1         0      0.00 7.000e-01 2.990e-01 1.100e-03 5.880e-04 3.170e-03 -1.000 1.000e-03 -8.055 -7.573 -6.885 -6.741 -6.693 -6.620 -6.414 -6.362 -6.311
0.00100 1.00e+07 18.9759864807   18.886  5.132  4.1875  2.284    3  0.000  0.463     0.00     0.00 -1         0      0.00 7.000e-01 2.990e-01 1.100e-03 5.880e-04 3.170e-03 -1.000 1.000e-03 -8.059 -7.571 -6.878 -6.733 -6.685 -6.611 -6.404 -6.351 -6.300
0.00100 1.00e+07 18.9791698456   18.889  5.134  4.1903  2.293    4  0.000  0.463     0.00     0.00 -1         0      0.00 7.000e-01 2.990e-01 1.100e-03 5.880e-04 3.170e-03 -1.000 1.000e-03 -8.066 -7.568 -6.870 -6.723 -6.674 -6.599 -6.390 -6.336 -6.286
0.00100 1.00e+07 18.9796524048   18.889  5.135  4.1908  2.295    4  0.000  0.463     0.00     0.00 -1         0      0.00 7.000e-01 2.990e-01 1.100e-03 5.880e-04 3.170e-03 -1.000 1.000e-03 -8.067 -7.568 -6.868 -6.722 -6.673 -6.598 -6.388 -6.334 -6.283
0.00100 1.00e+07 18.9961128235   18.904  5.138  4.2241  2.425    5  0.000  0.463     0.00     0.00 -1         0      0.00 7.000e-01 2.990e-01 1.100e-03 5.880e-04 3.170e-03 -1.000 1.000e-03 -8.074 -7.473 -6.701 -6.541 -6.484 -6.398 -6.164 -6.103 -6.046
0.00100 1.00e+07 18.9977855682   18.905  5.138  4.2275  2.439    5  0.000  0.463     0.00     0.00 -1         0      0.00 7.000e-01 2.990e-01 1.100e-03 5.880e-04 3.170e-03 -1.000 1.000e-03 -8.074 -7.463 -6.683 -6.522 -6.464 -6.377 -6.141 -6.079 -6.021
0.00100 1.00e+07 18.9984092712   18.906  5.138  4.2286  2.443    5  0.000  0.463     0.00     0.00 -1         0      0.00 7.000e-01 2.990e-01 1.100e-03 5.880e-04 3.170e-03 -1.000 1.000e-03 -8.074 -7.459 -6.677 -6.515 -6.458 -6.370 -6.133 -6.071 -6.013
0.00100 1.00e+07 18.9990329742   18.906  5.138  4.2297  2.448    5  0.000  0.463     0.00     0.00 -1         0      0.00 7.000e-01 2.990e-01 1.100e-03 5.880e-04 3.170e-03 -1.000 1.000e-03 -8.074 -7.456 -6.671 -6.509 -6.451 -6.363 -6.126 -6.063 -6.005
0.00100 1.00e+07 18.9995880127   18.907  5.138  4.2307  2.452    5  0.000  0.463     0.00     0.00 -1         0      0.00 7.000e-01 2.990e-01 1.100e-03 5.880e-04 3.170e-03 -1.000 1.000e-03 -8.074 -7.453 -6.666 -6.504 -6.446 -6.358 -6.119 -6.056 -5.998
0.00100 1.00e+07 19.0000724792   18.907  5.138  4.2315  2.455    5  0.000  0.463     0.00     0.00 -1         0      0.00 7.000e-01 2.990e-01 1.100e-03 5.880e-04 3.170e-03 -1.000 1.000e-03 -8.074 -7.450 -6.662 -6.499 -6.441 -6.352 -6.114 -6.050 -5.992
0.00100 1.00e+07 19.0005302429   18.908  5.138  4.2323  2.458    5  0.000  0.463     0.00     0.00 -1         0      0.00 7.000e-01 2.990e-01 1.100e-03 5.880e-04 3.170e-03 -1.000 1.000e-03 -8.074 -7.448 -6.658 -6.495 -6.436 -6.347 -6.108 -6.045 -5.987
0.00100 1.00e+07 19.0010242462   18.908  5.138  4.2332  2.462    5  0.000  0.463     0.00     0.00 -1         0      0.00 7.000e-01 2.990e-01 1.100e-03 5.880e-04 3.170e-03 -1.000 1.000e-03 -8.074 -7.445 -6.653 -6.490 -6.431 -6.342 -6.102 -6.039 -5.980
0.00100 1.00e+07 19.0015773773   18.909  5.138  4.2341  2.466    5  0.000  0.463     0.00     0.00 -1         0      0.00 7.000e-01 2.990e-01 1.100e-03 5.880e-04 3.170e-03 -1.000 1.000e-03 -8.074 -7.442 -6.648 -6.485 -6.426 -6.336 -6.096 -6.032 -5.973
0.00100 1.00e+07 19.0021953583   18.909  5.138  4.2352  2.470    5  0.000  0.463     0.00     0.00 -1         0      0.00 7.000e-01 2.990e-01 1.100e-03 5.880e-04 3.170e-03 -1.000 1.000e-03 -8.074 -7.439 -6.643 -6.479 -6.419 -6.330 -6.089 -6.024 -5.966
0.00100 1.00e+07 19.0028858185   18.910  5.138  4.2364  2.475    5  0.000  0.463     0.00     0.00 -1         0      0.00 7.000e-01 2.990e-01 1.100e-03 5.880e-04 3.170e-03 -1.000 1.000e-03 -8.074 -7.435 -6.636 -6.472 -6.412 -6.322 -6.080 -6.016 -5.957
0.00100 1.00e+07 19.0036582947   18.911  5.138  4.2378  2.480    5  0.000  0.463     0.00     0.00 -1         0      0.00 7.000e-01 2.990e-01 1.100e-03 5.880e-04 3.170e-03 -1.000 1.000e-03 -8.074 -7.431 -6.629 -6.464 -6.404 -6.314 -6.071 -6.006 -5.947
0.00100 1.00e+07 19.0045223236   18.912  5.138  4.2392  2.486    5  0.000  0.463     0.00     0.00 -1         0      0.00 7.000e-01 2.990e-01 1.100e-03 5.880e-04 3.170e-03 -1.000 1.000e-03 -8.074 -7.426 -6.622 -6.456 -6.396 -6.305 -6.061 -5.996 -5.937
0.00100 1.00e+07 19.0054874420   18.912  5.138  4.2409  2.493    5  0.000  0.463     0.00     0.00 -1         0      0.00 7.000e-01 2.990e-01 1.100e-03 5.880e-04 3.170e-03 -1.000 1.000e-03 -8.074 -7.421 -6.613 -6.447 -6.386 -6.295 -6.050 -5.984 -5.925
0.00100 1.00e+07 19.0065650940   18.914  5.138  4.2426  2.500    5  0.000  0.463     0.00     0.00 -1         0      0.00 7.000e-01 2.990e-01 1.100e-03 5.880e-04 3.170e-03 -1.000 1.000e-03 -8.074 -7.416 -6.604 -6.437 -6.376 -6.284 -6.038 -5.972 -5.912
0.00100 1.00e+07 19.0077705383   18.915  5.138  4.2444  2.507    5  0.000  0.463     0.00     0.00 -1         0      0.00 7.000e-01 2.990e-01 1.100e-03 5.880e-04 3.170e-03 -1.000 1.000e-03 -8.074 -7.409 -6.595 -6.427 -6.366 -6.273 -6.026 -5.959 -5.899
0.00100 1.00e+07 19.0091171265   18.916  5.138  4.2464  2.515    5  0.000  0.463     0.00     0.00 -1         0      0.00 7.000e-01 2.990e-01 1.100e-03 5.880e-04 3.170e-03 -1.000 9.999e-04 -8.074 -7.402 -6.584 -6.416 -6.354 -6.260 -6.012 -5.945 -5.885
0.00100 1.00e+07 19.0123062134   18.919  5.137  4.2510  2.533    5  0.000  0.463     0.00     0.00 -1         0      0.00 7.000e-01 2.990e-01 1.100e-03 5.880e-04 3.170e-03 -1.000 1.000e-03 -8.074 -7.385 -6.560 -6.389 -6.327 -6.231 -5.980 -5.912 -5.851
0.00100 1.00e+07 19.0162887573   18.922  5.137  4.2563  2.555    5  0.000  0.463     0.00     0.00 -1         0      0.00 7.000e-01 2.990e-01 1.100e-03 5.880e-04 3.170e-03 -1.000 1.000e-03 -8.074 -7.366 -6.532 -6.359 -6.295 -6.198 -5.943 -5.874 -5.812
0.00100 1.00e+07 19.0226268768   18.928  5.138  4.2639  2.585    5  0.000  0.463     0.00     0.00 -1         0      0.00 7.000e-01 2.990e-01 1.100e-03 5.880e-04 3.170e-03 -1.000 1.000e-03 -8.074 -7.339 -6.492 -6.316 -6.250 -6.150 -5.891 -5.820 -5.756
0.00100 1.00e+07 19.0295982361   18.934  5.138  4.2708  2.613    5  0.000  0.463     0.00     0.00 -1         0      0.00 7.000e-01 2.990e-01 1.100e-03 5.880e-04 3.170e-03 -1.000 1.000e-03 -8.074 -7.313 -6.457 -6.278 -6.209 -6.107 -5.844 -5.771 -5.706
0.00100 1.00e+07 19.0361728668   18.940  5.138  4.2770  2.638    5  0.000  0.463     0.00     0.00 -1         0      0.00 7.000e-01 2.990e-01 1.100e-03 5.880e-04 3.170e-03 -1.000 1.000e-03 -8.074 -7.284 -6.425 -6.242 -6.171 -6.066 -5.799 -5.725 -5.659
0.00100 1.00e+07 19.0449752808   18.948  5.138  4.2839  2.665    5  0.000  0.463     0.00     0.00 -1         0      0.00 7.000e-01 2.990e-01 1.100e-03 5.880e-04 3.170e-03 -1.000 1.000e-03 -8.075 -7.254 -6.389 -6.202 -6.129 -6.021 -5.750 -5.674 -5.607
0.00100 1.00e+07 19.0539035797   18.956  5.138  4.2896  2.688    5  0.000  0.463     0.00     0.00 -1         0      0.00 7.000e-01 2.990e-01 1.100e-03 5.880e-04 3.170e-03 -1.000 9.999e-04 -8.076 -7.222 -6.360 -6.168 -6.091 -5.981 -5.708 -5.630 -5.562
0.00100 1.00e+07 19.0647888184   18.966  5.139  4.2959  2.713    5  0.000  0.463     0.00     0.00 -1         0      0.00 7.000e-01 2.990e-01 1.100e-03 5.880e-04 3.170e-03 -1.000 1.000e-03 -8.077 -7.189 -6.329 -6.132 -6.052 -5.938 -5.662 -5.582 -5.514
0.00100 1.00e+07 19.0754814148   18.976  5.139  4.3001  2.729    5  0.000  0.463     0.00     0.00 -1         0      0.00 7.000e-01 2.990e-01 1.100e-03 5.880e-04 3.170e-03 -1.000 1.000e-03 -8.078 -7.171 -6.308 -6.108 -6.027 -5.912 -5.633 -5.552 -5.483
0.00100 1.00e+07 19.0921230316   18.991  5.140  4.3055  2.750    5  0.000  0.463     0.00     0.00 -1         0      0.00 7.000e-01 2.990e-01 1.100e-03 5.880e-04 3.170e-03 -1.000 1.000e-03 -8.081 -7.153 -6.282 -6.080 -5.997 -5.880 -5.598 -5.516 -5.446
0.00100 1.00e+07 19.1123313904   19.010  5.142  4.3091  2.764    5  0.000  0.463     0.00     0.00 -1         0      0.00 7.000e-01 2.990e-01 1.100e-03 5.880e-04 3.170e-03 -1.000 9.999e-04 -8.084 -7.143 -6.267 -6.063 -5.980 -5.861 -5.577 -5.494 -5.424
0.00100 1.00e+07 19.1557712555   19.052  5.145  4.3157  2.788    5  0.000  0.463     0.00     0.00 -1         0      0.00 7.000e-01 2.990e-01 1.100e-03 5.880e-04 3.170e-03 -1.000 1.000e-03 -8.091 -7.128 -6.241 -6.034 -5.949 -5.828 -5.540 -5.456 -5.384
0.00100 1.00e+07 19.2997665405   19.178  5.156  4.3059  2.740    6  0.000  0.463     0.00     0.00 -1         0      0.00 7.000e-01 2.990e-01 1.100e-03 5.880e-04 3.170e-03 -1.000 1.000e-03 -8.120 -7.191 -6.320 -6.117 -6.034 -5.917 -5.635 -5.553 -5.483
0.00100 1.00e+07 19.4217319489   19.287  5.166  4.2967  2.696    6  0.000  0.463     0.00     0.00 -1         0      0.00 7.000e-01 2.990e-01 1.100e-03 5.880e-04 3.170e-03 -1.000 1.000e-03 -8.144 -7.252 -6.391 -6.194 -6.113 -6.000 -5.723 -5.643 -5.574
0.00100 1.00e+07 19.5420665741   19.394  5.175  4.2875  2.653    6  0.000  0.463     0.00     0.00 -1         0      0.00 7.000e-01 2.990e-01 1.100e-03 5.880e-04 3.170e-03 -1.000 1.000e-03 -8.167 -7.327 -6.462 -6.272 -6.197 -6.088 -5.815 -5.738 -5.670
0.00100 1.00e+07 19.6394119263   19.481  5.182  4.2783  2.611    6  0.000  0.463     0.00     0.00 -1         0      0.00 7.000e-01 2.990e-01 1.100e-03 5.880e-04 3.170e-03 -1.000 1.000e-03 -8.185 -7.393 -6.529 -6.345 -6.274 -6.170 -5.902 -5.827 -5.761
0.00100 1.00e+07 19.7137241364   19.547  5.188  4.2696  2.572    6  0.000  0.463     0.00     0.00 -1         0      0.00 7.000e-01 2.990e-01 1.100e-03 5.880e-04 3.170e-03 -1.000 1.000e-03 -8.199 -7.448 -6.588 -6.410 -6.343 -6.242 -5.979 -5.906 -5.841
0.00100 1.00e+07 19.7770309448   19.603  5.192  4.2607  2.533    6  0.000  0.463     0.00     0.00 -1         0      0.00 7.000e-01 2.990e-01 1.100e-03 5.880e-04 3.170e-03 -1.000 9.999e-04 -8.211 -7.493 -6.646 -6.473 -6.408 -6.310 -6.052 -5.982 -5.919
0.00100 1.00e+07 19.8280868530   19.648  5.196  4.2521  2.496    6  0.000  0.463     0.00     0.00 -1         0      0.00 7.000e-01 2.990e-01 1.100e-03 5.880e-04 3.170e-03 -1.000 1.000e-03 -8.221 -7.533 -6.701 -6.531 -6.468 -6.373 -6.120 -6.052 -5.991
0.00100 1.00e+07 19.8754806519   19.690  5.200  4.2429  2.456    6  0.000  0.463     0.00     0.00 -1         0      0.00 7.000e-01 2.990e-01 1.100e-03 5.880e-04 3.170e-03 -1.000 1.000e-03 -8.229 -7.570 -6.758 -6.591 -6.530 -6.438 -6.192 -6.125 -6.066
0.00100 1.00e+07 19.9142532349   19.725  5.203  4.2345  2.420    6  0.000  0.463     0.00     0.00 -1         0      0.00 7.000e-01 2.990e-01 1.100e-03 5.880e-04 3.170e-03 -1.000 1.000e-03 -8.237 -7.604 -6.809 -6.645 -6.586 -6.497 -6.256 -6.192 -6.133
0.00100 1.00e+07 19.9482631683   19.755  5.205  4.2264  2.386    6  0.000  0.463     0.00     0.00 -1         0      0.00 7.000e-01 2.990e-01 1.100e-03 5.880e-04 3.170e-03 -1.000 1.000e-03 -8.243 -7.635 -6.858 -6.697 -6.640 -6.553 -6.317 -6.255 -6.198
0.00100 1.00e+07 19.9756946564   19.779  5.207  4.2191  2.355    6  0.000  0.463     0.00     0.00 -1         0      0.00 7.000e-01 2.990e-01 1.100e-03 5.880e-04 3.170e-03 -1.000 1.000e-03 -8.248 -7.663 -6.901 -6.743 -6.688 -6.603 -6.373 -6.313 -6.257
0.00100 1.00e+07 20.0002040863   19.801  5.209  4.2117  2.324    6  0.000  0.463     0.00     0.00 -1         0      0.00 7.000e-01 2.990e-01 1.100e-03 5.880e-04 3.170e-03 -1.000 1.000e-03 -8.253 -7.690 -6.945 -6.790 -6.736 -6.654 -6.429 -6.370 -6.316
0.00100 1.00e+07 20.0241394043   19.823  5.211  4.2038  2.291    6  0.000  0.463     0.00     0.00 -1         0      0.00 7.000e-01 2.990e-01 1.100e-03 5.880e-04 3.170e-03 -1.000 1.000e-03 -8.258 -7.719 -6.991 -6.839 -6.787 -6.707 -6.488 -6.431 -6.378
0.00100 1.00e+07 20.0459632874   19.842  5.213  4.1957  2.258    6  0.000  0.463     0.00     0.00 -1         0      0.00 7.000e-01 2.990e-01 1.100e-03 5.880e-04 3.170e-03 -1.000 1.000e-03 -8.262 -7.748 -7.038 -6.889 -6.839 -6.762 -6.549 -6.494 -6.442
0.00100 1.00e+07 20.0613975525   19.856  5.214  4.1892  2.231    6  0.000  0.463     0.00     0.00 -1         0      0.00 7.000e-01 2.990e-01 1.100e-03 5.880e-04 3.170e-03 -1.000 1.000e-03 -8.265 -7.771 -7.075 -6.929 -6.880 -6.806 -6.597 -6.544 -6.493
0.00100 1.00e+07 20.0756187439   19.868  5.215  4.1830  2.205    6  0.000  0.463     0.00     0.00 -1         0      0.00 7.000e-01 2.990e-01 1.100e-03 5.880e-04 3.170e-03 -1.000 1.000e-03 -8.268 -7.794 -7.109 -6.967 -6.920 -6.847 -6.643 -6.592 -6.542
0.00100 1.00e+07 20.0886535645   19.880  5.216  4.1765  2.178    6  0.000  0.463     0.00     0.00 -1         0      0.00 7.000e-01 2.990e-01 1.100e-03 5.880e-04 3.170e-03 -1.000 1.000e-03 -8.270 -7.818 -7.144 -7.005 -6.961 -6.891 -6.692 -6.642 -6.593
0.00100 1.00e+07 20.1005649567   19.891  5.217  4.1702  2.153    6  0.000  0.463     0.00     0.00 -1         0      0.00 7.000e-01 2.990e-01 1.100e-03 5.880e-04 3.170e-03 -1.000 1.000e-03 -8.272 -7.843 -7.176 -7.042 -7.000 -6.933 -6.738 -6.690 -6.643
0.00100 1.00e+07 20.1114273071   19.900  5.218  4.1637  2.126    6  0.000  0.463     0.00     0.00 -1         0      0.00 7.000e-01 2.990e-01 1.100e-03 5.880e-04 3.170e-03 -1.000 1.000e-03 -8.274 -7.873 -7.207 -7.079 -7.041 -6.978 -6.787 -6.741 -6.696
0.00100 1.00e+07 20.1212978363   19.909  5.219  4.1572  2.099    6  0.000  0.463     0.00     0.00 -1         0      0.00 7.000e-01 2.990e-01 1.100e-03 5.880e-04 3.170e-03 -1.000 1.000e-03 -8.276 -7.904 -7.236 -7.115 -7.081 -7.023 -6.836 -6.792 -6.749
0.00100 1.00e+07 20.1302547455   19.917  5.219  4.1508  2.073    6  0.000  0.463     0.00     0.00 -1         0      0.00 7.000e-01 2.990e-01 1.100e-03 5.880e-04 3.170e-03 -1.000 1.000e-03 -8.278 -7.932 -7.266 -7.151 -7.121 -7.067 -6.883 -6.842 -6.800
0.00100 1.00e+07 20.1383571625   19.925  5.220  4.1444  2.047    6  0.000  0.463     0.00     0.00 -1         0      0.00 7.000e-01 2.990e-01 1.100e-03 5.880e-04 3.170e-03 -1.000 1.000e-03 -8.280 -7.962 -7.294 -7.186 -7.161 -7.111 -6.931 -6.892 -6.851
0.00100 1.00e+07 20.1456680298   19.931  5.220  4.1381  2.021    6  0.000  0.463     0.00     0.00 -1         0      0.00 7.000e-01 2.990e-01 1.100e-03 5.880e-04 3.170e-03 -1.000 1.000e-03 -8.281 -7.975 -7.332 -7.224 -7.199 -7.150 -6.976 -6.939 -6.899
0.00100 1.00e+07 20.1501369476   19.935  5.221  4.1336  2.003    6  0.000  0.463     0.00     0.00 -1         0      0.00 7.000e-01 2.990e-01 1.100e-03 5.880e-04 3.170e-03 -1.000 1.000e-03 -8.282 -7.984 -7.360 -7.251 -7.226 -7.178 -7.008 -6.971 -6.931
0.00100 1.00e+07 20.1543006897   19.939  5.221  4.1293  1.986    6  0.000  0.463     0.00     0.00 -1         0      0.00 7.000e-01 2.990e-01 1.100e-03 5.880e-04 3.170e-03 -1.000 1.000e-03 -8.283 -7.991 -7.388 -7.278 -7.252 -7.204 -7.038 -7.002 -6.963
0.00100 1.00e+07 20.1581802368   19.942  5.221  4.1253  1.969    6  0.000  0.463     0.00     0.00 -1         0      0.00 7.000e-01 2.990e-01 1.100e-03 5.880e-04 3.170e-03 -1.000 1.000e-03 -8.283 -7.997 -7.414 -7.304 -7.277 -7.229 -7.067 -7.031 -6.993
0.00100 1.00e+07 20.1617908478   19.945  5.222  4.1209  1.952    6  0.000  0.463     0.00     0.00 -1         0      0.00 7.000e-01 2.990e-01 1.100e-03 5.880e-04 3.170e-03 -1.000 9.999e-04 -8.284 -8.004 -7.442 -7.331 -7.302 -7.255 -7.098 -7.062 -7.024
0.00100 1.00e+07 20.1651439667   19.948  5.222  4.1168  1.935    6  0.000  0.463     0.00     0.00 -1         0      0.00 7.000e-01 2.990e-01 1.100e-03 5.880e-04 3.170e-03 -1.000 1.000e-03 -8.285 -8.010 -7.469 -7.356 -7.327 -7.280 -7.126 -7.091 -7.054
0.00100 1.00e+07 20.1682643890   19.951  5.222  4.1127  1.919    6  0.000  0.463     0.00     0.00 -1         0      0.00 7.000e-01 2.990e-01 1.100e-03 5.880e-04 3.170e-03 -1.000 1.000e-03 -8.285 -8.020 -7.492 -7.380 -7.352 -7.305 -7.156 -7.122 -7.085
0.00100 1.00e+07 20.1711654663   19.954  5.222  4.1084  1.902    6  0.000  0.463     0.00     0.00 -1         0      0.00 7.000e-01 2.990e-01 1.100e-03 5.880e-04 3.170e-03 -1.000 1.000e-03 -8.285 -8.030 -7.515 -7.405 -7.377 -7.332 -7.186 -7.153 -7.117
0.00100 1.00e+07 20.1738548279   19.957  5.222  4.1044  1.885    6  0.000  0.463     0.00     0.00 -1         0      0.00 7.000e-01 2.990e-01 1.100e-03 5.880e-04 3.170e-03 -1.000 1.000e-03 -8.286 -8.041 -7.536 -7.428 -7.401 -7.358 -7.215 -7.183 -7.148
0.00100 1.00e+07 20.1763572693   19.959  5.222  4.1004  1.869    6  0.000  0.463     0.00     0.00 -1         0      0.00 7.000e-01 2.990e-01 1.100e-03 5.880e-04 3.170e-03 -1.000 9.999e-04 -8.286 -8.051 -7.558 -7.451 -7.425 -7.383 -7.244 -7.213 -7.178
0.00100 1.00e+07 20.1786766052   19.961  5.223  4.0962  1.852    6  0.000  0.463     0.00     0.00 -1         0      0.00 7.000e-01 2.990e-01 1.100e-03 5.880e-04 3.170e-03 -1.000 9.999e-04 -8.286 -8.062 -7.579 -7.474 -7.449 -7.409 -7.273 -7.243 -7.209
0.00100 1.00e+07 20.1808300018   19.963  5.223  4.0923  1.837    6  0.000  0.463     0.00     0.00 -1         0      0.00 7.000e-01 2.990e-01 1.100e-03 5.880e-04 3.170e-03 -1.000 1.000e-03 -8.287 -8.072 -7.599 -7.496 -7.471 -7.433 -7.300 -7.272 -7.239
0.00100 1.00e+07 20.1829872131   19.965  5.223  4.0881  1.820    6  0.000  0.463     0.00     0.00 -1         0      0.00 7.000e-01 2.990e-01 1.100e-03 5.880e-04 3.170e-03 -1.000 1.000e-03 -8.287 -8.083 -7.620 -7.519 -7.496 -7.459 -7.330 -7.303 -7.270
0.00100 1.00e+07 20.1842594147   19.966  5.223  4.0854  1.809    6  0.000  0.463     0.00     0.00 -1         0      0.00 7.000e-01 2.990e-01 1.100e-03 5.880e-04 3.170e-03 -1.000 1.000e-03 -8.287 -8.094 -7.630 -7.533 -7.512 -7.477 -7.350 -7.323 -7.291
0.00100 1.00e+07 20.1856803894   19.967  5.223  4.0823  1.797    6  0.000  0.463     0.00     0.00 -1         0      0.00 7.000e-01 2.990e-01 1.100e-03 5.880e-04 3.170e-03 -1.000 1.000e-03 -8.287 -8.106 -7.642 -7.547 -7.529 -7.496 -7.371 -7.346 -7.315
0.00100 1.00e+07 20.1872692108   19.969  5.223  4.0786  1.782    6  0.000  0.463     0.00     0.00 -1         0      0.00 7.000e-01 2.990e-01 1.100e-03 5.880e-04 3.170e-03 -1.000 1.000e-03 -8.287 -8.120 -7.656 -7.565 -7.549 -7.520 -7.397 -7.374 -7.343
0.00100 1.00e+07 20.1890335083   19.970  5.223  4.0742  1.764    6  0.000  0.463     0.00     0.00 -1         0      0.00 7.000e-01 2.990e-01 1.100e-03 5.880e-04 3.170e-03 -1.000 1.000e-03 -8.287 -8.137 -7.672 -7.587 -7.574 -7.548 -7.428 -7.407 -7.377
0.00100 1.00e+07 20.1899261475   19.971  5.223  4.0719  1.755    6  0.000  0.463     0.00     0.00 -1         0      0.00 7.000e-01 2.990e-01 1.100e-03 5.880e-04 3.170e-03 -1.000 1.000e-03 -8.287 -8.145 -7.681 -7.598 -7.587 -7.562 -7.444 -7.424 -7.395
0.00100 1.00e+07 20.1909313202   19.972  5.223  4.0691  1.744    6  0.000  0.463     0.00     0.00 -1         0      0.00 7.000e-01 2.990e-01 1.100e-03 5.880e-04 3.170e-03 -1.000 1.000e-03 -8.287 -8.154 -7.692 -7.612 -7.603 -7.580 -7.463 -7.444 -7.416
0.00100 1.00e+07 20.1921138763   19.973  5.223  4.0658  1.731    6  0.000  0.463     0.00     0.00 -1         0      0.00 7.000e-01 2.990e-01 1.100e-03 5.880e-04 3.170e-03 -1.000 1.000e-03 -8.287 -8.165 -7.705 -7.628 -7.621 -7.600 -7.486 -7.469 -7.441
0.00100 1.00e+07 20.1928119659   19.974  5.223  4.0637  1.722    6  0.000  0.463     0.00     0.00 -1         0      0.00 7.000e-01 2.990e-01 1.100e-03 5.880e-04 3.170e-03 -1.000 1.000e-03 -8.287 -8.172 -7.713 -7.639 -7.633 -7.614 -7.501 -7.484 -7.457
0.00100 1.00e+07 20.1935939789   19.974  5.223  4.0611  1.712    6  0.000  0.463     0.00     0.00 -1         0      0.00 7.000e-01 2.990e-01 1.100e-03 5.880e-04 3.170e-03 -1.000 1.000e-03 -8.287 -8.180 -7.723 -7.651 -7.647 -7.629 -7.519 -7.503 -7.476
0.00100 1.00e+07 20.1944694519   19.975  5.223  4.0583  1.701    6  0.000  0.463     0.00     0.00 -1         0      0.00 7.000e-01 2.990e-01 1.100e-03 5.880e-04 3.170e-03 -1.000 1.000e-03 -8.287 -8.187 -7.736 -7.666 -7.663 -7.647 -7.539 -7.524 -7.497
0.00100 1.00e+07 20.1954460144   19.976  5.223  4.0551  1.688    6  0.000  0.463     0.00     0.00 -1         0      0.00 7.000e-01 2.990e-01 1.100e-03 5.880e-04 3.170e-03 -1.000 1.000e-03 -8.287 -8.193 -7.752 -7.683 -7.680 -7.665 -7.560 -7.546 -7.521
0.00100 1.00e+07 20.1966018677   19.977  5.223  4.0511  1.672    6  0.000  0.463     0.00     0.00 -1         0      0.00 7.000e-01 2.990e-01 1.100e-03 5.880e-04 3.170e-03 -1.000 1.000e-03 -8.287 -8.200 -7.771 -7.704 -7.702 -7.688 -7.587 -7.574 -7.549
0.00100 1.00e+07 20.1989021301   19.979  5.222  4.0420  1.636    6  0.000  0.463     0.00     0.00 -1         0      0.00 7.000e-01 2.990e-01 1.100e-03 5.880e-04 3.170e-03 -1.000 1.000e-03 -8.286 -8.216 -7.815 -7.751 -7.751 -7.741 -7.649 -7.639 -7.615
0.00100 1.00e+07 20.2015190125   19.981  5.222  4.0302  1.590    6  0.000  0.463     0.00     0.00 -1         0      0.00 7.000e-01 2.990e-01 1.100e-03 5.880e-04 3.170e-03 -1.000 9.999e-04 -8.285 -8.233 -7.870 -7.810 -7.813 -7.808 -7.728 -7.721 -7.699
0.00100 1.00e+07 20.2044010162   19.984  5.221  4.0148  1.529    6  0.000  0.463     0.00     0.00 -1         0      0.00 7.000e-01 2.990e-01 1.100e-03 5.880e-04 3.170e-03 -1.000 1.000e-03 -8.283 -8.251 -7.939 -7.886 -7.892 -7.894 -7.830 -7.828 -7.809
0.00100 1.00e+07 20.2119159698   19.991  5.214  3.9469  1.265    6  0.000  0.463     0.00     0.00 -1         0      0.00 7.000e-01 2.990e-01 1.100e-03 5.880e-04 3.170e-03 -1.000 1.000e-03 -8.264 -8.285 -8.161 -8.161 -8.195 -8.237 -8.253 -8.279 -8.275
0.00100 1.00e+07 20.2128257751   19.992  5.211  3.9329  1.211    7  0.000  0.463     0.00     0.00 -1         0      0.00 7.000e-01 2.990e-01 1.100e-03 5.880e-04 3.170e-03 -1.000 1.000e-03 -8.257 -8.267 -8.210 -8.212 -8.246 -8.294 -8.334 -8.366 -8.366
0.00100 1.00e+07 20.2135353088   19.993  5.208  3.9202  1.164    7  0.000  0.463     0.00     0.00 -1         0      0.00 7.000e-01 2.990e-01 1.100e-03 5.880e-04 3.170e-03 -1.000 1.000e-03 -8.249 -8.248 -8.210 -8.239 -8.287 -8.347 -8.403 -8.443 -8.447
0.00100 1.00e+07 20.2142162323   19.993  5.204  3.9058  1.110    7  0.000  0.463     0.00     0.00 -1         0      0.00 7.000e-01 2.990e-01 1.100e-03 5.880e-04 3.170e-03 -1.000 1.000e-03 -8.240 -8.221 -8.233 -8.271 -8.324 -8.396 -8.477 -8.527 -8.535
0.00100 1.00e+07 20.2147293091   19.993  5.200  3.8930  1.062    7  0.000  0.463     0.00     0.00 -1         0      0.00 7.000e-01 2.990e-01 1.100e-03 5.880e-04 3.170e-03 -1.000 1.000e-03 -8.231 -8.188 -8.254 -8.292 -8.349 -8.433 -8.542 -8.603 -8.615
0.00100 1.00e+07 20.2152538300   19.994  5.196  3.8775  1.005    7  0.000  0.463     0.00     0.00 -1         0      0.00 7.000e-01 2.990e-01 1.100e-03 5.880e-04 3.170e-03 -1.000 1.000e-03 -8.221 -8.133 -8.249 -8.301 -8.374 -8.477 -8.621 -8.699 -8.716
0.00100 1.00e+07 20.2156066895   19.994  5.193  3.8653  0.959    7  0.000  0.463     0.00     0.00 -1         0      0.00 7.000e-01 2.990e-01 1.100e-03 5.880e-04 3.170e-03 -1.000 1.000e-03 -8.213 -8.078 -8.223 -8.299 -8.391 -8.513 -8.683 -8.777 -8.797
0.00100 1.00e+07 20.2159633636   19.994  5.189  3.8513  0.907    7  0.000  0.463     0.00     0.00 -1         0      0.00 7.000e-01 2.990e-01 1.100e-03 5.880e-04 3.170e-03 -1.000 1.000e-03 -8.204 -8.010 -8.178 -8.290 -8.406 -8.553 -8.754 -8.869 -8.894
0.00100 1.00e+07 20.2163314819   19.995  5.185  3.8352  0.846    7  0.000  0.463     0.00     0.00 -1         0      0.00 7.000e-01 2.990e-01 1.100e-03 5.880e-04 3.170e-03 -1.000 1.000e-03 -8.193 -7.922 -8.108 -8.271 -8.422 -8.598 -8.837 -8.979 -9.008
0.00100 1.00e+07 20.2167053223   19.995  5.180  3.8164  0.776    7  0.000  0.463     0.00     0.00 -1         0      0.00 7.000e-01 2.990e-01 1.100e-03 5.880e-04 3.170e-03 -1.000 1.000e-03 -8.181 -7.805 -8.001 -8.242 -8.436 -8.649 -8.931 -9.110 -9.143
0.00100 1.00e+07 20.2168960571   19.995  5.177  3.8059  0.737    7  0.000  0.463     0.00     0.00 -1         0      0.00 7.000e-01 2.990e-01 1.100e-03 5.880e-04 3.170e-03 -1.000 1.000e-03 -8.173 -7.732 -7.933 -8.222 -8.442 -8.676 -8.984 -9.183 -9.219
0.00100 1.00e+07 20.2170906067   19.995  5.174  3.7947  0.696    7  0.000  0.463     0.00     0.00 -1         0      0.00 7.000e-01 2.990e-01 1.100e-03 5.880e-04 3.170e-03 -1.000 1.000e-03 -8.165 -7.648 -7.855 -8.198 -8.446 -8.702 -9.037 -9.262 -9.300
0.00100 1.00e+07 20.2172870636   19.995  5.170  3.7828  0.652    7  0.000  0.463     0.00     0.00 -1         0      0.00 7.000e-01 2.990e-01 1.100e-03 5.880e-04 3.170e-03 -1.000 1.000e-03 -8.154 -7.551 -7.768 -8.166 -8.444 -8.724 -9.090 -9.342 -9.383
0.00100 1.00e+07 20.2174911499   19.996  5.165  3.7704  0.607    7  0.000  0.463     0.00     0.00 -1         0      0.00 7.000e-01 2.990e-01 1.100e-03 5.880e-04 3.170e-03 -1.000 1.000e-03 -8.142 -7.435 -7.668 -8.127 -8.438 -8.743 -9.142 -9.424 -9.469
0.00100 1.00e+07 20.2176971436   19.996  5.159  3.7579  0.563    7  0.000  0.463     0.00     0.00 -1         0      0.00 7.000e-01 2.990e-01 1.100e-03 5.880e-04 3.170e-03 -1.000 1.000e-03 -8.128 -7.303 -7.559 -8.082 -8.426 -8.757 -9.190 -9.504 -9.551
0.00100 1.00e+07 20.2179107666   19.996  5.152  3.7451  0.519    7  0.000  0.463     0.00     0.00 -1         0      0.00 7.000e-01 2.990e-01 1.100e-03 5.880e-04 3.170e-03 -1.000 1.000e-03 -8.110 -7.146 -7.435 -8.029 -8.407 -8.766 -9.234 -9.582 -9.632
0.00100 1.00e+07 20.2181301117   19.996  5.143  3.7323  0.477    7  0.000  0.463     0.00     0.00 -1         0      0.00 7.000e-01 2.990e-01 1.100e-03 5.880e-04 3.170e-03 -1.000 1.000e-03 -8.088 -6.962 -7.296 -7.967 -8.381 -8.767 -9.272 -9.654 -9.708
0.00100 1.00e+07 20.2183551788   19.996  5.134  3.7195  0.435    7  0.000  0.463     0.00     0.00 -1         0      0.00 7.000e-01 2.990e-01 1.100e-03 5.880e-04 3.170e-03 -1.000 1.000e-03 -8.065 -6.744 -7.141 -7.898 -8.348 -8.763 -9.307 -9.723 -9.782
0.00100 1.00e+07 20.2185916901   19.996  5.128  3.7069  0.390    7  0.000  0.463     0.00     0.00 -1         0      0.00 7.000e-01 2.990e-01 1.100e-03 5.880e-04 3.170e-03 -1.000 1.000e-03 -8.050 -6.503 -6.982 -7.830 -8.319 -8.763 -9.346 -9.798 -9.861
0.00100 1.00e+07 20.2188358307   19.997  5.121  3.6945  0.348    7  0.000  0.463     0.00     0.00 -1         0      0.00 7.000e-01 2.990e-01 1.100e-03 5.880e-04 3.170e-03 -1.000 1.000e-03 -8.032 -6.233 -6.811 -7.754 -8.283 -8.756 -9.380 -9.867 -9.933
0.00100 1.00e+07 20.2190914154   19.997  5.121  3.6832  0.303    7  0.000  0.463     0.00     0.00 -1         0      0.00 7.000e-01 2.990e-01 1.100e-03 5.880e-04 3.170e-03 -1.000 1.000e-03 -8.033 -5.944 -6.647 -7.691 -8.260 -8.762 -9.425 -9.946 -10.014
0.00100 1.00e+07 20.2193546295   19.997  5.120  3.6729  0.263    7  0.000  0.463     0.00     0.00 -1         0      0.00 7.000e-01 2.990e-01 1.100e-03 5.880e-04 3.170e-03 -1.000 1.000e-03 -8.030 -5.635 -6.477 -7.621 -8.230 -8.759 -9.461 -10.012 -10.083
0.00100 1.00e+07 20.2196311951   19.997  5.117  3.6641  0.230    7  0.000  0.463     0.00     0.00 -1         0      0.00 7.000e-01 2.990e-01 1.100e-03 5.880e-04 3.170e-03 -1.000 1.000e-03 -8.023 -5.342 -6.315 -7.550 -8.196 -8.748 -9.486 -10.064 -10.137
0.00100 1.00e+07 20.2202110291   19.998  5.123  3.6516  0.175    7  0.000  0.463     0.00     0.00 -1         0      0.00 7.000e-01 2.990e-01 1.100e-03 5.880e-04 3.170e-03 -1.000 1.000e-03 -8.037 -4.902 -6.086 -7.459 -8.163 -8.752 -9.543 -10.159 -10.238
0.00100 1.00e+07 20.2208061218   19.998  5.139  3.6421  0.120    7  0.000  0.463     0.00     0.00 -1         0      0.00 7.000e-01 2.990e-01 1.100e-03 5.880e-04 3.170e-03 -1.000 1.000e-03 -8.078 -4.562 -5.925 -7.405 -8.158 -8.776 -9.614 -10.260 -10.346
0.00100 1.00e+07 20.2214126587   19.999  5.162  3.6362  0.074    7  0.000  0.463     0.00     0.00 -1         0      0.00 7.000e-01 2.990e-01 1.100e-03 5.880e-04 3.170e-03 -1.000 1.000e-03 -8.134 -4.366 -5.846 -7.395 -8.182 -8.820 -9.687 -10.352 -10.443
0.00100 1.00e+07 20.2223110199   19.999  5.187  3.6311  0.029    7  0.000  0.463     0.00     0.00 -1         0      0.00 7.000e-01 2.990e-01 1.100e-03 5.880e-04 3.170e-03 -1.000 1.000e-03 -8.196 -4.197 -5.784 -7.395 -8.212 -8.869 -9.764 -10.444 -10.541
0.00100 1.00e+07 20.2234878540   20.000  5.212  3.6277 -0.010    7  0.000  0.463     0.00     0.00 -1         0      0.00 7.000e-01 2.990e-01 1.100e-03 5.880e-04 3.170e-03 -1.000 1.000e-03 -8.261 -4.099 -5.761 -7.417 -8.256 -8.926 -9.839 -10.529 -10.629
0.00100 1.00e+07 20.2285137177   20.003  5.272  3.6212 -0.097    7  0.000  0.463     0.00     0.00 -1         0      0.00 7.000e-01 2.990e-01 1.100e-03 5.880e-04 3.170e-03 -1.000 1.000e-03 -8.411 -3.930 -5.734 -7.475 -8.358 -9.056 -10.006 -10.717 -10.824
0.00100 1.00e+07 20.2322902679   20.006  5.313  3.6174 -0.152    7  0.000  0.463     0.00     0.00 -1         0      0.00 7.000e-01 2.990e-01 1.100e-03 5.880e-04 3.170e-03 -1.000 1.000e-03 -8.512 -3.837 -5.727 -7.520 -8.430 -9.145 -10.118 -10.840 -10.953
0.00100 1.00e+07 20.2345504761   20.008  5.329  3.6160 -0.174    7  0.000  0.463     0.00     0.00 -1         0      0.00 7.000e-01 2.990e-01 1.100e-03 5.880e-04 3.170e-03 -1.000 1.000e-03 -8.552 -3.804 -5.727 -7.539 -8.459 -9.181 -10.161 -10.888 -11.002
0.00100 1.00e+07 20.2350826263   20.008  5.332  3.6157 -0.178    7  0.000  0.463     0.00     0.00 -1         0      0.00 7.000e-01 2.990e-01 1.100e-03 5.880e-04 3.170e-03 -1.000 1.000e-03 -8.560 -3.797 -5.727 -7.543 -8.465 -9.188 -10.170 -10.898 -11.012
0.00100 1.00e+07 20.2355499268   20.009  5.330  3.6160 -0.175    7  0.000  0.463     0.00     0.00 -1         0      0.00 7.000e-01 2.990e-01 1.100e-03 5.880e-04 3.170e-03 -1.000 1.000e-03 -8.554 -3.804 -5.728 -7.540 -8.461 -9.183 -10.163 -10.890 -11.004
0.00100 1.00e+07 20.2361183167   20.008  5.329  3.6161 -0.173    7  0.000  0.463     0.00     0.00 -1         0      0.00 7.000e-01 2.990e-01 1.100e-03 5.880e-04 3.170e-03 -1.000 1.000e-03 -8.552 -3.810 -5.730 -7.541 -8.460 -9.181 -10.161 -10.887 -11.001
#isochrone terminated
