# File generated by CMD 3.0 (http://stev.oapd.inaf.it/cmd) on Thu Jun  8 21:01:25 CEST 2017
# isochrones PARSEC release v1.2S + COLIBRI release PR16, as in Marigo et al. 2017
# Basic reference: Marigo et al. (2017), ApJ, 835, 77
# Photometric system: <i>UBVRIJHK</i> (cf. Maiz-Apellaniz 2006 + Bessell 1990)
# O-rich circumstellar dust ignored
# C-rich circumstellar dust ignored
# Kind of output: isochrone tables
# Zini Age Mini  Mass   logL    logTe  logg  label   McoreTP C_O  period0 period1 pmode  Mloss  tau1m   X   Y   Xc  Xn  Xo  Cexcess  Z 	 mbolmag  Umag    Bmag    Vmag    Rmag    Imag    Jmag    Hmag    Kmag
0.00010 1.00e+09 0.1000000015    0.100 -2.790  3.5571  5.409    0  0.000  0.463     0.00     0.00 -1  1.27e-16      0.00 7.000e-01 2.990e-01 1.100e-03 5.880e-04 3.170e-03 -1.000 1.000e-03 11.746 16.501 14.680 12.997 11.971 11.099 10.081 9.509 9.322
0.00010 1.00e+09 0.1006477326    0.101 -2.780  3.5581  5.405    0  0.000  0.463     0.00     0.00 -1  1.31e-16      0.00 7.000e-01 2.990e-01 1.100e-03 5.880e-04 3.170e-03 -1.000 1.000e-03 11.720 16.442 14.637 12.962 11.940 11.073 10.059 9.486 9.299
0.00010 1.00e+09 0.1032739505    0.103 -2.740  3.5623  5.392    0  0.000  0.463     0.00     0.00 -1  1.44e-16      0.00 7.000e-01 2.990e-01 1.100e-03 5.880e-04 3.170e-03 -1.000 9.999e-04 11.619 16.209 14.464 12.824 11.816 10.971 9.970 9.398 9.208
0.00010 1.00e+09 0.1067620367    0.106 -2.687  3.5678  5.375    0  0.000  0.463     0.00     0.00 -1  1.63e-16      0.00 7.000e-01 2.990e-01 1.100e-03 5.880e-04 3.170e-03 -1.000 1.000e-03 11.487 15.904 14.238 12.643 11.653 10.836 9.854 9.281 9.089
0.00010 1.00e+09 0.1098214313    0.109 -2.642  3.5725  5.360    0  0.000  0.463     0.00     0.00 -1  1.81e-16      0.00 7.000e-01 2.990e-01 1.100e-03 5.880e-04 3.170e-03 -1.000 1.000e-03 11.375 15.638 14.051 12.489 11.515 10.718 9.749 9.181 8.990
0.00010 1.00e+09 0.1238498837    0.123 -2.468  3.5890  5.305    0  0.000  0.463     0.00     0.00 -1  2.72e-16      0.00 7.000e-01 2.990e-01 1.100e-03 5.880e-04 3.170e-03 -1.000 1.000e-03 10.939 14.494 13.297 11.882 10.982 10.250 9.330 8.785 8.621
0.00010 1.00e+09 0.1294642836    0.129 -2.403  3.5951  5.284    0  0.000  0.463     0.00     0.00 -1  3.16e-16      0.00 7.000e-01 2.990e-01 1.100e-03 5.880e-04 3.170e-03 -1.000 1.000e-03 10.778 13.953 12.965 11.631 10.778 10.077 9.186 8.644 8.489
0.00010 1.00e+09 0.1491071582    0.149 -2.249  3.6064  5.237    0  0.000  0.463     0.00     0.00 -1  4.43e-16      0.00 7.000e-01 2.990e-01 1.100e-03 5.880e-04 3.170e-03 -1.000 1.000e-03 10.392 13.210 12.393 11.146 10.351 9.683 8.833 8.291 8.136
0.00010 1.00e+09 0.1687500030    0.168 -2.132  3.6138  5.203    0  0.000  0.463     0.00     0.00 -1  5.67e-16      0.00 7.000e-01 2.990e-01 1.100e-03 5.880e-04 3.170e-03 -1.000 1.000e-03 10.100 12.767 12.012 10.806 10.042 9.390 8.563 8.022 7.862
0.00010 1.00e+09 0.2080357224    0.207 -1.943  3.6251  5.150    0  0.000  0.463     0.00     0.00 -1  8.37e-16      0.00 7.000e-01 2.990e-01 1.100e-03 5.880e-04 3.170e-03 -1.000 1.000e-03 9.628 12.070 11.407 10.261 9.541 8.916 8.123 7.588 7.423
0.00010 1.00e+09 0.2571428716    0.257 -1.760  3.6354  5.101    0  0.000  0.463     0.00     0.00 -1  1.21e-15      0.00 7.000e-01 2.990e-01 1.100e-03 5.880e-04 3.170e-03 -1.000 1.000e-03 9.170 11.419 10.837 9.740 9.056 8.455 7.694 7.171 7.011
0.00010 1.00e+09 0.3062500358    0.306 -1.609  3.6437  5.059    0  0.000  0.463     0.00     0.00 -1  1.65e-15      0.00 7.000e-01 2.990e-01 1.100e-03 5.880e-04 3.170e-03 -1.000 1.000e-03 8.793 10.891 10.374 9.313 8.659 8.076 7.341 6.830 6.674
0.00010 1.00e+09 0.3553571403    0.355 -1.479  3.6511  5.024    0  0.000  0.463     0.00     0.00 -1  2.15e-15      0.00 7.000e-01 2.990e-01 1.100e-03 5.880e-04 3.170e-03 -1.000 1.000e-03 8.467 10.430 9.971 8.944 8.313 7.747 7.036 6.536 6.385
0.00010 1.00e+09 0.3708106875    0.371 -1.438  3.6536  5.011    0  0.000  0.463     0.00     0.00 -1  2.35e-15      0.00 7.000e-01 2.990e-01 1.100e-03 5.880e-04 3.170e-03 -1.000 1.000e-03 8.365 10.282 9.842 8.826 8.204 7.644 6.941 6.444 6.295
0.00010 1.00e+09 0.4044643044    0.404 -1.352  3.6586  4.983    0  0.000  0.463     0.00     0.00 -1  2.84e-15      0.00 7.000e-01 2.990e-01 1.100e-03 5.880e-04 3.170e-03 -1.000 1.000e-03 8.150 9.976 9.580 8.587 7.980 7.431 6.742 6.252 6.108
0.00010 1.00e+09 0.4535714388    0.453 -1.220  3.6701  4.947    0  0.000  0.463     0.00     0.00 -1  3.78e-15      0.00 7.000e-01 2.990e-01 1.100e-03 5.880e-04 3.170e-03 -1.000 1.000e-03 7.820 9.444 9.144 8.205 7.632 7.106 6.449 5.975 5.842
0.00010 1.00e+09 0.5026785731    0.503 -1.076  3.6830  4.899    0  0.000  0.463     0.00     0.00 -1  5.29e-15      0.00 7.000e-01 2.990e-01 1.100e-03 5.880e-04 3.170e-03 -1.000 1.000e-03 7.460 8.861 8.668 7.791 7.253 6.755 6.133 5.675 5.556
0.00010 1.00e+09 0.5517857671    0.551 -0.919  3.6983  4.844    0  0.000  0.463     0.00     0.00 -1  7.71e-15      0.00 7.000e-01 2.990e-01 1.100e-03 5.880e-04 3.170e-03 -1.000 1.000e-03 7.067 8.223 8.150 7.346 6.847 6.379 5.797 5.359 5.255
0.00010 1.00e+09 0.6008928418    0.601 -0.757  3.7175  4.796    0  0.000  0.463     0.00     0.00 -1  1.13e-14      0.00 7.000e-01 2.990e-01 1.100e-03 5.880e-04 3.170e-03 -1.000 1.000e-03 6.663 7.555 7.608 6.896 6.440 6.007 5.471 5.058 4.971
0.00010 1.00e+09 0.6499999762    0.650 -0.599  3.7383  4.755    0  0.000  0.463     0.00     0.00 -1  1.64e-14      0.00 7.000e-01 2.990e-01 1.100e-03 5.880e-04 3.170e-03 -1.000 1.000e-03 6.267 6.917 7.084 6.465 6.053 5.656 5.167 4.779 4.712
0.00010 1.00e+09 0.6999999881    0.700 -0.445  3.7607  4.723    0  0.000  0.463     0.00     0.00 -1  2.34e-14      0.00 7.000e-01 2.990e-01 1.100e-03 5.880e-04 3.170e-03 -1.000 1.000e-03 5.882 6.345 6.592 6.059 5.689 5.329 4.888 4.529 4.480
0.00010 1.00e+09 0.7306236625    0.731 -0.354  3.7737  4.703    0  0.000  0.463     0.00     0.00 -1  2.89e-14      0.00 7.000e-01 2.990e-01 1.100e-03 5.880e-04 3.170e-03 -1.000 1.000e-03 5.656 6.034 6.313 5.824 5.477 5.137 4.725 4.384 4.345
0.00010 1.00e+09 0.7500000000    0.750 -0.299  3.7817  4.691    0  0.000  0.463     0.00     0.00 -1  3.28e-14      0.00 7.000e-01 2.990e-01 1.100e-03 5.880e-04 3.170e-03 -1.000 1.000e-03 5.518 5.852 6.145 5.681 5.348 5.021 4.625 4.297 4.263
0.00010 1.00e+09 0.7614440918    0.762 -0.267  3.7857  4.682    0  0.000  0.463     0.00     0.00 -1  3.54e-14      0.00 7.000e-01 2.990e-01 1.100e-03 5.880e-04 3.170e-03 -1.000 1.000e-03 5.439 5.755 6.052 5.599 5.274 4.952 4.566 4.244 4.213
0.00010 1.00e+09 0.8000000119    0.800 -0.164  3.7989  4.652    0  0.000  0.463     0.00     0.00 -1  4.54e-14      0.00 7.000e-01 2.990e-01 1.100e-03 5.880e-04 3.170e-03 -1.000 1.000e-03 5.179 5.446 5.749 5.332 5.029 4.728 4.371 4.072 4.048
0.00010 1.00e+09 0.8500000238    0.850 -0.035  3.8154  4.616    0  0.000  0.463     0.00     0.00 -1  6.17e-14      0.00 7.000e-01 2.990e-01 1.100e-03 5.880e-04 3.170e-03 -1.000 1.000e-03 4.858 5.083 5.376 5.000 4.725 4.451 4.131 3.863 3.846
0.00010 1.00e+09 0.8653044105    0.865  0.003  3.8204  4.606    0  0.000  0.463     0.00     0.00 -1  6.76e-14      0.00 7.000e-01 2.990e-01 1.100e-03 5.880e-04 3.170e-03 -1.000 1.000e-03 4.763 4.978 5.266 4.902 4.635 4.369 4.061 3.803 3.788
0.00010 1.00e+09 0.8999999762    0.900  0.087  3.8314  4.583    0  0.000  0.463     0.00     0.00 -1  8.25e-14      0.00 7.000e-01 2.990e-01 1.100e-03 5.880e-04 3.170e-03 -1.000 1.000e-03 4.553 4.753 5.023 4.684 4.436 4.188 3.906 3.670 3.658
0.00010 1.00e+09 0.9129099846    0.913  0.117  3.8357  4.576    0  0.000  0.463     0.00     0.00 -1  8.85e-14      0.00 7.000e-01 2.990e-01 1.100e-03 5.880e-04 3.170e-03 -1.000 1.000e-03 4.478 4.672 4.934 4.605 4.365 4.124 3.852 3.625 3.614
0.00010 1.00e+09 0.9499999881    0.950  0.202  3.8477  4.557    0  0.000  0.463     0.00     0.00 -1  1.08e-13      0.00 7.000e-01 2.990e-01 1.100e-03 5.880e-04 3.170e-03 -1.000 1.000e-03 4.266 4.451 4.685 4.382 4.164 3.944 3.700 3.498 3.489
0.00010 1.00e+09 0.9701553583    0.970  0.246  3.8547  4.549    0  0.000  0.463     0.00     0.00 -1  1.19e-13      0.00 7.000e-01 2.990e-01 1.100e-03 5.880e-04 3.170e-03 -1.000 1.000e-03 4.155 4.336 4.553 4.265 4.059 3.851 3.623 3.436 3.428
0.00010 1.00e+09 1.0000000000    1.000  0.311  3.8648  4.539    0  0.000  0.463     0.00     0.00 -1  1.38e-13      0.00 7.000e-01 2.990e-01 1.100e-03 5.880e-04 3.170e-03 -1.000 1.000e-03 3.993 4.172 4.361 4.095 3.906 3.717 3.513 3.346 3.341
0.00010 1.00e+09 1.0243315697    1.024  0.362  3.8742  4.536    0  0.000  0.463     0.00     0.00 -1  1.48e-13      0.00 7.000e-01 2.990e-01 1.100e-03 5.880e-04 3.170e-03 -1.000 9.999e-04 3.866 4.044 4.207 3.959 3.788 3.616 3.434 3.287 3.281
0.00010 1.00e+09 1.0499999523    1.050  0.415  3.8842  4.533    0  0.000  0.463     0.00     0.00 -1   1.6e-13      0.00 7.000e-01 2.990e-01 1.100e-03 5.880e-04 3.170e-03 -1.000 1.000e-03 3.733 3.912 4.046 3.818 3.666 3.513 3.353 3.226 3.221
0.00010 1.00e+09 1.0764495134    1.076  0.467  3.8953  4.536    0  0.000  0.463     0.00     0.00 -1   1.7e-13      0.00 7.000e-01 2.990e-01 1.100e-03 5.880e-04 3.170e-03 -1.000 1.000e-03 3.602 3.781 3.885 3.679 3.549 3.417 3.281 3.176 3.172
0.00010 1.00e+09 1.1000000238    1.099  0.513  3.9051  4.538    0  0.000  0.463     0.00     0.00 -1   1.8e-13      0.00 7.000e-01 2.990e-01 1.100e-03 5.880e-04 3.170e-03 -1.000 9.999e-04 3.487 3.668 3.746 3.559 3.447 3.334 3.219 3.133 3.128
0.00010 1.00e+09 1.1206098795    1.120  0.553  3.9135  4.540    0  0.000  0.463     0.00     0.00 -1  1.88e-13      0.00 7.000e-01 2.990e-01 1.100e-03 5.880e-04 3.170e-03 -1.000 1.000e-03 3.388 3.572 3.630 3.460 3.364 3.267 3.168 3.097 3.092
0.00010 1.00e+09 1.1499999762    1.149  0.608  3.9252  4.543    0  0.000  0.463     0.00     0.00 -1  1.99e-13      0.00 7.000e-01 2.990e-01 1.100e-03 5.880e-04 3.170e-03 -1.000 1.000e-03 3.250 3.439 3.473 3.328 3.253 3.176 3.100 3.046 3.042
0.00010 1.00e+09 1.1560158730    1.155  0.619  3.9275  4.544    0  0.000  0.463     0.00     0.00 -1  2.02e-13      0.00 7.000e-01 2.990e-01 1.100e-03 5.880e-04 3.170e-03 -1.000 1.000e-03 3.222 3.412 3.443 3.303 3.231 3.159 3.086 3.036 3.032
0.00010 1.00e+09 1.2000000477    1.200  0.699  3.9441  4.546    0  0.000  0.463     0.00     0.00 -1  2.18e-13      0.00 7.000e-01 2.990e-01 1.100e-03 5.880e-04 3.170e-03 -1.000 1.000e-03 3.023 3.225 3.235 3.131 3.086 3.038 2.992 2.962 2.958
0.00010 1.00e+09 1.2176679373    1.217  0.730  3.9505  4.547    0  0.000  0.463     0.00     0.00 -1  2.24e-13      0.00 7.000e-01 2.990e-01 1.100e-03 5.880e-04 3.170e-03 -1.000 1.000e-03 2.944 3.152 3.159 3.068 3.031 2.993 2.956 2.932 2.929
0.00010 1.00e+09 1.2500000000    1.250  0.788  3.9621  4.548    0  0.000  0.463     0.00     0.00 -1  2.36e-13      0.00 7.000e-01 2.990e-01 1.100e-03 5.880e-04 3.170e-03 -1.000 1.000e-03 2.801 3.017 3.027 2.958 2.935 2.910 2.891 2.877 2.875
0.00010 1.00e+09 1.2987289429    1.299  0.872  3.9790  4.547    0  0.000  0.463     0.00     0.00 -1   2.5e-13      0.00 7.000e-01 2.990e-01 1.100e-03 5.880e-04 3.170e-03 -1.000 1.000e-03 2.589 2.816 2.846 2.805 2.798 2.791 2.794 2.792 2.792
0.00010 1.00e+09 1.2999999523    1.300  0.875  3.9795  4.547    0  0.000  0.463     0.00     0.00 -1  2.51e-13      0.00 7.000e-01 2.990e-01 1.100e-03 5.880e-04 3.170e-03 -1.000 1.000e-03 2.583 2.811 2.842 2.801 2.795 2.788 2.791 2.790 2.790
0.00010 1.00e+09 1.3263618946    1.327  0.921  3.9884  4.546    0  0.000  0.463     0.00     0.00 -1  2.58e-13      0.00 7.000e-01 2.990e-01 1.100e-03 5.880e-04 3.170e-03 -1.000 1.000e-03 2.467 2.702 2.749 2.721 2.722 2.723 2.737 2.741 2.743
0.00010 1.00e+09 1.3500000238    1.350  0.963  3.9965  4.544    0  0.000  0.463     0.00     0.00 -1  2.65e-13      0.00 7.000e-01 2.990e-01 1.100e-03 5.880e-04 3.170e-03 -1.000 1.000e-03 2.363 2.604 2.669 2.653 2.658 2.665 2.689 2.696 2.701
0.00010 1.00e+09 1.3644765615    1.365  0.988  4.0013  4.542    0  0.000  0.463     0.00     0.00 -1  2.68e-13      0.00 7.000e-01 2.990e-01 1.100e-03 5.880e-04 3.170e-03 -1.000 1.000e-03 2.300 2.546 2.621 2.612 2.620 2.630 2.660 2.669 2.675
0.00010 1.00e+09 1.3999093771    1.400  1.050  4.0131  4.538    0  0.000  0.463     0.00     0.00 -1  2.75e-13      0.00 7.000e-01 2.990e-01 1.100e-03 5.880e-04 3.170e-03 -1.000 9.999e-04 2.144 2.403 2.508 2.513 2.527 2.545 2.588 2.602 2.610
0.00010 1.00e+09 1.3999999762    1.400  1.050  4.0131  4.538    0  0.000  0.463     0.00     0.00 -1  2.75e-13      0.00 7.000e-01 2.990e-01 1.100e-03 5.880e-04 3.170e-03 -1.000 9.999e-04 2.144 2.402 2.507 2.513 2.527 2.545 2.587 2.602 2.610
0.00010 1.00e+09 1.4201478958    1.421  1.086  4.0199  4.536    0  0.000  0.463     0.00     0.00 -1  2.76e-13      0.00 7.000e-01 2.990e-01 1.100e-03 5.880e-04 3.170e-03 -1.000 9.999e-04 2.055 2.321 2.443 2.457 2.475 2.496 2.546 2.563 2.573
0.00010 1.00e+09 1.4466137886    1.447  1.134  4.0287  4.531    0  0.000  0.463     0.00     0.00 -1  2.79e-13      0.00 7.000e-01 2.990e-01 1.100e-03 5.880e-04 3.170e-03 -1.000 1.000e-03 1.935 2.212 2.359 2.383 2.404 2.431 2.490 2.510 2.522
0.00010 1.00e+09 1.4500000477    1.450  1.140  4.0299  4.531    0  0.000  0.463     0.00     0.00 -1  2.79e-13      0.00 7.000e-01 2.990e-01 1.100e-03 5.880e-04 3.170e-03 -1.000 1.000e-03 1.919 2.198 2.348 2.374 2.395 2.422 2.482 2.503 2.515
0.00010 1.00e+09 1.4708927870    1.471  1.179  4.0372  4.527    0  0.000  0.463     0.00     0.00 -1  2.77e-13      0.00 7.000e-01 2.990e-01 1.100e-03 5.880e-04 3.170e-03 -1.000 1.000e-03 1.822 2.112 2.283 2.315 2.340 2.370 2.437 2.460 2.474
0.00010 1.00e+09 1.4931671619    1.493  1.221  4.0447  4.522    0  0.000  0.463     0.00     0.00 -1  2.76e-13      0.00 7.000e-01 2.990e-01 1.100e-03 5.880e-04 3.170e-03 -1.000 1.000e-03 1.718 2.020 2.212 2.252 2.279 2.312 2.388 2.412 2.428
0.00010 1.00e+09 1.5000000000    1.500  1.233  4.0470  4.521    0  0.000  0.463     0.00     0.00 -1  2.75e-13      0.00 7.000e-01 2.990e-01 1.100e-03 5.880e-04 3.170e-03 -1.000 1.000e-03 1.686 1.991 2.190 2.233 2.260 2.295 2.372 2.397 2.414
0.00010 1.00e+09 1.5055696964    1.506  1.244  4.0488  4.519    0  0.000  0.463     0.00     0.00 -1  2.73e-13      0.00 7.000e-01 2.990e-01 1.100e-03 5.880e-04 3.170e-03 -1.000 1.000e-03 1.661 1.969 2.173 2.217 2.245 2.280 2.359 2.385 2.402
0.00010 1.00e+09 1.5312923193    1.532  1.292  4.0565  4.509    0  0.000  0.463     0.00     0.00 -1  2.64e-13      0.00 7.000e-01 2.990e-01 1.100e-03 5.880e-04 3.170e-03 -1.000 1.000e-03 1.539 1.860 2.086 2.137 2.168 2.206 2.292 2.320 2.339
0.00010 1.00e+09 1.5499999523    1.550  1.328  4.0613  4.497    0  0.000  0.463     0.00     0.00 -1  2.59e-13      0.00 7.000e-01 2.990e-01 1.100e-03 5.880e-04 3.170e-03 -1.000 1.000e-03 1.450 1.779 2.019 2.075 2.107 2.147 2.238 2.267 2.287
0.00010 1.00e+09 1.5554159880    1.556  1.338  4.0625  4.494    0  0.000  0.463     0.00     0.00 -1         0      0.00 7.000e-01 2.990e-01 1.100e-03 5.880e-04 3.170e-03 -1.000 1.000e-03 1.425 1.756 2.000 2.057 2.089 2.130 2.221 2.251 2.272
0.00010 1.00e+09 1.5781855583    1.578  1.380  4.0667  4.475    0  0.000  0.463     0.00     0.00 -1         0      0.00 7.000e-01 2.990e-01 1.100e-03 5.880e-04 3.170e-03 -1.000 1.000e-03 1.319 1.658 1.914 1.974 2.008 2.050 2.146 2.176 2.198
0.00010 1.00e+09 1.6000000238    1.600  1.421  4.0690  4.449    0  0.000  0.463     0.00     0.00 -1         0      0.00 7.000e-01 2.990e-01 1.100e-03 5.880e-04 3.170e-03 -1.000 1.000e-03 1.216 1.559 1.822 1.885 1.919 1.962 2.060 2.091 2.113
0.00010 1.00e+09 1.6074687243    1.607  1.435  4.0695  4.439    0  0.000  0.463     0.00     0.00 -1         0      0.00 7.000e-01 2.990e-01 1.100e-03 5.880e-04 3.170e-03 -1.000 1.000e-03 1.181 1.524 1.790 1.853 1.887 1.930 2.029 2.060 2.082
0.00010 1.00e+09 1.6266387701    1.627  1.472  4.0698  4.408    0  0.000  0.463     0.00     0.00 -1         0      0.00 7.000e-01 2.990e-01 1.100e-03 5.880e-04 3.170e-03 -1.000 1.000e-03 1.090 1.432 1.699 1.764 1.798 1.841 1.939 1.971 1.993
0.00010 1.00e+09 1.6484261751    1.648  1.514  4.0683  4.366    0  0.000  0.463     0.00     0.00 -1         0      0.00 7.000e-01 2.990e-01 1.100e-03 5.880e-04 3.170e-03 -1.000 1.000e-03 0.985 1.320 1.585 1.651 1.684 1.727 1.824 1.854 1.877
0.00010 1.00e+09 1.6499999762    1.650  1.517  4.0680  4.362    0  0.000  0.463     0.00     0.00 -1         0      0.00 7.000e-01 2.990e-01 1.100e-03 5.880e-04 3.170e-03 -1.000 1.000e-03 0.977 1.311 1.576 1.641 1.674 1.717 1.813 1.844 1.866
0.00010 1.00e+09 1.6625466347    1.662  1.542  4.0663  4.334    0  0.000  0.463     0.00     0.00 -1         0      0.00 7.000e-01 2.990e-01 1.100e-03 5.880e-04 3.170e-03 -1.000 9.999e-04 0.915 1.244 1.505 1.570 1.602 1.644 1.739 1.769 1.791
0.00010 1.00e+09 1.6845175028    1.684  1.588  4.0617  4.275    0  0.000  0.463     0.00     0.00 -1         0      0.00 7.000e-01 2.990e-01 1.100e-03 5.880e-04 3.170e-03 -1.000 1.000e-03 0.799 1.115 1.365 1.430 1.461 1.500 1.591 1.620 1.641
0.00010 1.00e+09 1.7000000477    1.700  1.623  4.0583  4.230    0  0.000  0.463     0.00     0.00 -1         0      0.00 7.000e-01 2.990e-01 1.100e-03 5.880e-04 3.170e-03 -1.000 1.000e-03 0.711 1.017 1.260 1.323 1.353 1.391 1.479 1.506 1.527
0.00010 1.00e+09 1.7095222473    1.709  1.646  4.0561  4.201    0  0.000  0.463     0.00     0.00 -1         0      0.00 7.000e-01 2.990e-01 1.100e-03 5.880e-04 3.170e-03 -1.000 1.000e-03 0.656 0.956 1.193 1.256 1.285 1.322 1.408 1.434 1.454
0.00010 1.00e+09 1.7129471302    1.712  1.658  4.0598  4.205    0  0.000  0.463     0.00     0.00 -1         0      0.00 7.000e-01 2.990e-01 1.100e-03 5.880e-04 3.170e-03 -1.000 1.000e-03 0.625 0.932 1.180 1.246 1.276 1.315 1.404 1.432 1.453
0.00010 1.00e+09 1.7187032700    1.718  1.683  4.0701  4.223    0  0.000  0.463     0.00     0.00 -1         0      0.00 7.000e-01 2.990e-01 1.100e-03 5.880e-04 3.170e-03 -1.000 1.000e-03 0.563 0.893 1.169 1.241 1.274 1.317 1.415 1.446 1.469
0.00010 1.00e+09 1.7201435566    1.720  1.698  4.0791  4.244    0  0.000  0.463     0.00     0.00 -1         0      0.00 7.000e-01 2.990e-01 1.100e-03 5.880e-04 3.170e-03 -1.000 1.000e-03 0.526 0.877 1.177 1.254 1.289 1.336 1.442 1.475 1.500
0.00010 1.00e+09 1.7207697630    1.720  1.714  4.0879  4.264    0  0.000  0.463     0.00     0.00 -1         0      0.00 7.000e-01 2.990e-01 1.100e-03 5.880e-04 3.170e-03 -1.000 1.000e-03 0.486 0.858 1.181 1.264 1.301 1.351 1.466 1.501 1.528
0.00010 1.00e+09 1.7210897207    1.721  1.730  4.0952  4.277    0  0.000  0.463     0.00     0.00 -1         0      0.00 7.000e-01 2.990e-01 1.100e-03 5.880e-04 3.170e-03 -1.000 1.000e-03 0.445 0.836 1.178 1.264 1.304 1.356 1.477 1.514 1.542
0.00010 1.00e+09 1.7212600708    1.721  1.742  4.0998  4.283    0  0.000  0.463     0.00     0.00 -1         0      0.00 7.000e-01 2.990e-01 1.100e-03 5.880e-04 3.170e-03 -1.000 1.000e-03 0.416 0.819 1.172 1.261 1.302 1.356 1.480 1.519 1.548
0.00010 1.00e+09 1.7214527130    1.721  1.735  4.0887  4.245    0  0.000  0.463     0.00     0.00 -1         0      0.00 7.000e-01 2.990e-01 1.100e-03 5.880e-04 3.170e-03 -1.000 1.000e-03 0.432 0.805 1.131 1.214 1.252 1.302 1.417 1.452 1.479
0.00010 1.00e+09 1.7216068506    1.721  1.747  4.0794  4.196    0  0.000  0.463     0.00     0.00 -1         0      0.00 7.000e-01 2.990e-01 1.100e-03 5.880e-04 3.170e-03 -1.000 1.000e-03 0.403 0.751 1.054 1.133 1.168 1.214 1.321 1.354 1.379
0.00010 1.00e+09 1.7218437195    1.721  1.768  4.0696  4.136    0  0.000  0.463     0.00     0.00 -1         0      0.00 7.000e-01 2.990e-01 1.100e-03 5.880e-04 3.170e-03 -1.000 9.999e-04 0.350 0.673 0.951 1.026 1.058 1.101 1.198 1.228 1.252
0.00010 1.00e+09 1.7222086191    1.722  1.785  4.0592  4.078    0  0.000  0.463     0.00     0.00 -1         0      0.00 7.000e-01 2.990e-01 1.100e-03 5.880e-04 3.170e-03 -1.000 1.000e-03 0.308 0.605 0.857 0.927 0.957 0.994 1.082 1.109 1.131
0.00010 1.00e+09 1.7227368355    1.722  1.798  4.0481  4.021    0  0.000  0.463     0.00     0.00 -1         0      0.00 7.000e-01 2.990e-01 1.100e-03 5.880e-04 3.170e-03 -1.000 1.000e-03 0.276 0.549 0.771 0.835 0.862 0.894 0.972 0.996 1.014
0.00010 1.00e+09 1.7233986855    1.723  1.808  4.0365  3.964    0  0.000  0.463     0.00     0.00 -1         0      0.00 7.000e-01 2.990e-01 1.100e-03 5.880e-04 3.170e-03 -1.000 1.000e-03 0.250 0.499 0.690 0.748 0.771 0.798 0.864 0.885 0.900
0.00010 1.00e+09 1.7241096497    1.724  1.817  4.0247  3.908    0  0.000  0.463     0.00     0.00 -1         0      0.00 7.000e-01 2.990e-01 1.100e-03 5.880e-04 3.170e-03 -1.000 1.000e-03 0.227 0.455 0.613 0.663 0.682 0.704 0.757 0.774 0.787
0.00010 1.00e+09 1.7247806787    1.724  1.825  4.0126  3.852    0  0.000  0.463     0.00     0.00 -1         0      0.00 7.000e-01 2.990e-01 1.100e-03 5.880e-04 3.170e-03 -1.000 1.000e-03 0.207 0.415 0.541 0.581 0.596 0.612 0.653 0.665 0.675
0.00010 1.00e+09 1.7253688574    1.725  1.832  4.0005  3.797    0  0.000  0.463     0.00     0.00 -1         0      0.00 7.000e-01 2.990e-01 1.100e-03 5.880e-04 3.170e-03 -1.000 1.000e-03 0.190 0.382 0.474 0.505 0.514 0.525 0.551 0.559 0.567
0.00010 1.00e+09 1.7258707285    1.725  1.838  3.9884  3.743    0  0.000  0.463     0.00     0.00 -1         0      0.00 7.000e-01 2.990e-01 1.100e-03 5.880e-04 3.170e-03 -1.000 1.000e-03 0.175 0.355 0.413 0.433 0.438 0.441 0.453 0.457 0.461
0.00010 1.00e+09 1.7262985706    1.726  1.843  3.9763  3.690    0  0.000  0.463     0.00     0.00 -1         0      0.00 7.000e-01 2.990e-01 1.100e-03 5.880e-04 3.170e-03 -1.000 1.000e-03 0.164 0.334 0.360 0.369 0.367 0.362 0.359 0.357 0.358
0.00010 1.00e+09 1.7266672850    1.726  1.846  3.9643  3.638    0  0.000  0.463     0.00     0.00 -1         0      0.00 7.000e-01 2.990e-01 1.100e-03 5.880e-04 3.170e-03 -1.000 1.000e-03 0.154 0.322 0.317 0.312 0.302 0.288 0.268 0.260 0.258
0.00010 1.00e+09 1.7269889116    1.726  1.849  3.9524  3.587    0  0.000  0.463     0.00     0.00 -1         0      0.00 7.000e-01 2.990e-01 1.100e-03 5.880e-04 3.170e-03 -1.000 1.000e-03 0.146 0.314 0.282 0.262 0.243 0.218 0.181 0.165 0.161
0.00010 1.00e+09 1.7272726297    1.727  1.852  3.9405  3.537    0  0.000  0.463     0.00     0.00 -1         0      0.00 7.000e-01 2.990e-01 1.100e-03 5.880e-04 3.170e-03 -1.000 1.000e-03 0.140 0.311 0.256 0.220 0.190 0.153 0.098 0.073 0.066
0.00010 1.00e+09 1.7275260687    1.727  1.854  3.9286  3.488    0  0.000  0.463     0.00     0.00 -1         0      0.00 7.000e-01 2.990e-01 1.100e-03 5.880e-04 3.170e-03 -1.000 1.000e-03 0.136 0.311 0.240 0.186 0.143 0.091 0.018 -0.019 -0.028
0.00010 1.00e+09 1.7277549505    1.727  1.855  3.9168  3.439    0  0.000  0.463     0.00     0.00 -1         0      0.00 7.000e-01 2.990e-01 1.100e-03 5.880e-04 3.170e-03 -1.000 1.000e-03 0.132 0.313 0.236 0.160 0.102 0.034 -0.060 -0.110 -0.121
0.00010 1.00e+09 1.7279632092    1.727  1.856  3.9050  3.391    0  0.000  0.463     0.00     0.00 -1         0      0.00 7.000e-01 2.990e-01 1.100e-03 5.880e-04 3.170e-03 -1.000 1.000e-03 0.130 0.318 0.244 0.141 0.065 -0.020 -0.136 -0.200 -0.212
0.00010 1.00e+09 1.7281538248    1.728  1.857  3.8932  3.344    0  0.000  0.463     0.00     0.00 -1         0      0.00 7.000e-01 2.990e-01 1.100e-03 5.880e-04 3.170e-03 -1.000 1.000e-03 0.128 0.326 0.265 0.132 0.036 -0.070 -0.207 -0.290 -0.302
0.00010 1.00e+09 1.7283291817    1.728  1.857  3.8815  3.296    0  0.000  0.463     0.00     0.00 -1         0      0.00 7.000e-01 2.990e-01 1.100e-03 5.880e-04 3.170e-03 -1.000 1.000e-03 0.127 0.337 0.295 0.132 0.013 -0.114 -0.275 -0.377 -0.391
0.00010 1.00e+09 1.7284914255    1.728  1.857  3.8698  3.250    0  0.000  0.463     0.00     0.00 -1         0      0.00 7.000e-01 2.990e-01 1.100e-03 5.880e-04 3.170e-03 -1.000 1.000e-03 0.128 0.350 0.329 0.137 -0.005 -0.153 -0.340 -0.464 -0.479
0.00010 1.00e+09 1.7286421061    1.728  1.857  3.8581  3.204    0  0.000  0.463     0.00     0.00 -1         0      0.00 7.000e-01 2.990e-01 1.100e-03 5.880e-04 3.170e-03 -1.000 1.000e-03 0.128 0.365 0.367 0.147 -0.018 -0.189 -0.401 -0.548 -0.565
0.00010 1.00e+09 1.7287826538    1.728  1.856  3.8465  3.158    0  0.000  0.463     0.00     0.00 -1         0      0.00 7.000e-01 2.990e-01 1.100e-03 5.880e-04 3.170e-03 -1.000 1.000e-03 0.130 0.383 0.409 0.159 -0.028 -0.222 -0.460 -0.632 -0.650
0.00010 1.00e+09 1.7289144993    1.728  1.855  3.8349  3.112    0  0.000  0.463     0.00     0.00 -1         0      0.00 7.000e-01 2.990e-01 1.100e-03 5.880e-04 3.170e-03 -1.000 1.000e-03 0.132 0.403 0.453 0.175 -0.036 -0.251 -0.517 -0.714 -0.733
0.00010 1.00e+09 1.7290390730    1.728  1.854  3.8233  3.067    0  0.000  0.463     0.00     0.00 -1         0      0.00 7.000e-01 2.990e-01 1.100e-03 5.880e-04 3.170e-03 -1.000 1.000e-03 0.135 0.427 0.499 0.193 -0.041 -0.279 -0.572 -0.795 -0.816
0.00010 1.00e+09 1.7291603088    1.729  1.852  3.8117  3.022    0  0.000  0.463     0.00     0.00 -1         0      0.00 7.000e-01 2.990e-01 1.100e-03 5.880e-04 3.170e-03 -1.000 1.000e-03 0.139 0.457 0.549 0.212 -0.043 -0.303 -0.624 -0.874 -0.897
0.00010 1.00e+09 1.7292928696    1.729  1.850  3.8002  2.978    0  0.000  0.463     0.00     0.00 -1         0      0.00 7.000e-01 2.990e-01 1.100e-03 5.880e-04 3.170e-03 -1.000 1.000e-03 0.145 0.492 0.602 0.234 -0.043 -0.324 -0.674 -0.950 -0.975
0.00010 1.00e+09 1.7294563055    1.729  1.846  3.7885  2.935    0  0.000  0.463     0.00     0.00 -1         0      0.00 7.000e-01 2.990e-01 1.100e-03 5.880e-04 3.170e-03 -1.000 1.000e-03 0.154 0.537 0.661 0.261 -0.039 -0.340 -0.719 -1.023 -1.051
0.00010 1.00e+09 1.7296780348    1.729  1.839  3.7766  2.895    0  0.000  0.463     0.00     0.00 -1         0      0.00 7.000e-01 2.990e-01 1.100e-03 5.880e-04 3.170e-03 -1.000 9.999e-04 0.172 0.599 0.732 0.298 -0.025 -0.347 -0.757 -1.089 -1.120
0.00010 1.00e+09 1.7299536467    1.729  1.827  3.7651  2.861    0  0.000  0.463     0.00     0.00 -1         0      0.00 7.000e-01 2.990e-01 1.100e-03 5.880e-04 3.170e-03 -1.000 1.000e-03 0.202 0.682 0.818 0.348 0.004 -0.339 -0.779 -1.138 -1.173
0.00010 1.00e+09 1.7302091122    1.730  1.814  3.7562  2.839    0  0.000  0.463     0.00     0.00 -1         0      0.00 7.000e-01 2.990e-01 1.100e-03 5.880e-04 3.170e-03 -1.000 1.000e-03 0.236 0.765 0.897 0.398 0.037 -0.322 -0.785 -1.164 -1.204
0.00010 1.00e+09 1.7306015491    1.730  1.811  3.7474  2.807    0  0.000  0.463     0.00     0.00 -1         0      0.00 7.000e-01 2.990e-01 1.100e-03 5.880e-04 3.170e-03 -1.000 1.000e-03 0.242 0.826 0.949 0.420 0.042 -0.332 -0.817 -1.217 -1.261
0.00010 1.00e+09 1.7310683727    1.731  1.828  3.7405  2.762    0  0.000  0.463     0.00     0.00 -1         0      0.00 7.000e-01 2.990e-01 1.100e-03 5.880e-04 3.170e-03 -1.000 1.000e-03 0.199 0.830 0.944 0.390 -0.002 -0.388 -0.892 -1.308 -1.354
0.00010 1.00e+09 1.7315307856    1.731  1.859  3.7366  2.716    0  0.000  0.463     0.00     0.00 -1         0      0.00 7.000e-01 2.990e-01 1.100e-03 5.880e-04 3.170e-03 -1.000 9.999e-04 0.123 0.785 0.889 0.321 -0.078 -0.471 -0.985 -1.410 -1.458
0.00010 1.00e+09 1.7319885492    1.731  1.892  3.7341  2.673    0  0.000  0.463     0.00     0.00 -1         0      0.00 7.000e-01 2.990e-01 1.100e-03 5.880e-04 3.170e-03 -1.000 1.000e-03 0.041 0.727 0.821 0.243 -0.160 -0.558 -1.079 -1.509 -1.559
0.00010 1.00e+09 1.7325172424    1.732  1.930  3.7317  2.626    0  0.000  0.463     0.00     0.00 -1         0      0.00 7.000e-01 2.990e-01 1.100e-03 5.880e-04 3.170e-03 -1.000 1.000e-03 -0.055 0.654 0.738 0.152 -0.257 -0.658 -1.185 -1.621 -1.671
0.00010 1.00e+09 1.7330400944    1.732  1.968  3.7298  2.580    0  0.000  0.463     0.00     0.00 -1         0      0.00 7.000e-01 2.990e-01 1.100e-03 5.880e-04 3.170e-03 -1.000 1.000e-03 -0.150 0.578 0.654 0.061 -0.351 -0.756 -1.288 -1.728 -1.780
0.00010 1.00e+09 1.7334100008    1.733  1.994  3.7286  2.549    0  0.000  0.463     0.00     0.00 -1         0      0.00 7.000e-01 2.990e-01 1.100e-03 5.880e-04 3.170e-03 -1.000 1.000e-03 -0.216 0.524 0.595 -0.003 -0.418 -0.824 -1.360 -1.803 -1.855
0.00010 1.00e+09 1.7335737944    1.733  2.006  3.7281  2.535    0  0.000  0.463     0.00     0.00 -1         0      0.00 7.000e-01 2.990e-01 1.100e-03 5.880e-04 3.170e-03 -1.000 1.000e-03 -0.246 0.499 0.568 -0.032 -0.448 -0.855 -1.393 -1.837 -1.889
0.00010 1.00e+09 1.7336556911    1.733  2.012  3.7278  2.528    0  0.000  0.463     0.00     0.00 -1         0      0.00 7.000e-01 2.990e-01 1.100e-03 5.880e-04 3.170e-03 -1.000 1.000e-03 -0.261 0.487 0.555 -0.046 -0.463 -0.870 -1.409 -1.853 -1.906
0.00010 1.00e+09 1.7341017723    1.734  2.044  3.7265  2.491    0  0.000  0.463     0.00     0.00 -1         0      0.00 7.000e-01 2.990e-01 1.100e-03 5.880e-04 3.170e-03 -1.000 1.000e-03 -0.339 0.422 0.484 -0.123 -0.541 -0.952 -1.493 -1.941 -1.994
0.00010 1.00e+09 1.7346060276    1.734  2.079  3.7250  2.450    0  0.000  0.463     0.00     0.00 -1         0      0.00 7.000e-01 2.990e-01 1.100e-03 5.880e-04 3.170e-03 -1.000 1.000e-03 -0.427 0.350 0.404 -0.208 -0.630 -1.043 -1.589 -2.039 -2.093
0.00010 1.00e+09 1.7351088524    1.735  2.114  3.7236  2.409    0  0.000  0.463     0.00     0.00 -1         0      0.00 7.000e-01 2.990e-01 1.100e-03 5.880e-04 3.170e-03 -1.000 1.000e-03 -0.515 0.279 0.325 -0.293 -0.718 -1.133 -1.683 -2.137 -2.191
0.00010 1.00e+09 1.7356251478    1.735  2.151  3.7221  2.367    0  0.000  0.463     0.00     0.00 -1         0      0.00 7.000e-01 2.990e-01 1.100e-03 5.880e-04 3.170e-03 -1.000 1.000e-03 -0.607 0.207 0.243 -0.382 -0.810 -1.228 -1.782 -2.239 -2.295
0.00010 1.00e+09 1.7361454964    1.736  2.187  3.7206  2.325    0  0.000  0.463     0.00     0.00 -1         0      0.00 7.000e-01 2.990e-01 1.100e-03 5.880e-04 3.170e-03 -1.000 1.000e-03 -0.698 0.136 0.163 -0.470 -0.901 -1.321 -1.879 -2.340 -2.396
0.00010 1.00e+09 1.7366250753    1.736  2.221  3.7192  2.286    0  0.000  0.463     0.00     0.00 -1         0      0.00 7.000e-01 2.990e-01 1.100e-03 5.880e-04 3.170e-03 -1.000 1.000e-03 -0.781 0.071 0.089 -0.550 -0.984 -1.408 -1.969 -2.433 -2.489
0.00010 1.00e+09 1.7371119261    1.737  2.254  3.7178  2.247    0  0.000  0.463     0.00     0.00 -1         0      0.00 7.000e-01 2.990e-01 1.100e-03 5.880e-04 3.170e-03 -1.000 1.000e-03 -0.865 0.007 0.015 -0.631 -1.068 -1.494 -2.059 -2.526 -2.583
0.00010 1.00e+09 1.7375943661    1.737  2.288  3.7165  2.208    0  0.000  0.463     0.00     0.00 -1         0      0.00 7.000e-01 2.990e-01 1.100e-03 5.880e-04 3.170e-03 -1.000 1.000e-03 -0.949 -0.059 -0.059 -0.712 -1.152 -1.580 -2.149 -2.619 -2.677
0.00010 1.00e+09 1.7380253077    1.737  2.318  3.7152  2.172    0  0.000  0.463     0.00     0.00 -1         0      0.00 7.000e-01 2.990e-01 1.100e-03 5.880e-04 3.170e-03 -1.000 1.000e-03 -1.026 -0.118 -0.127 -0.786 -1.229 -1.659 -2.232 -2.705 -2.763
0.00010 1.00e+09 1.7382646799    1.738  2.335  3.7145  2.153    0  0.000  0.463     0.00     0.00 -1         0      0.00 7.000e-01 2.990e-01 1.100e-03 5.880e-04 3.170e-03 -1.000 1.000e-03 -1.067 -0.150 -0.163 -0.825 -1.270 -1.702 -2.277 -2.751 -2.810
0.00010 1.00e+09 1.7382856607    1.738  2.315  3.7155  2.177    0  0.000  0.463     0.00     0.00 -1         0      0.00 7.000e-01 2.990e-01 1.100e-03 5.880e-04 3.170e-03 -1.000 1.000e-03 -1.017 -0.113 -0.120 -0.778 -1.220 -1.650 -2.222 -2.694 -2.753
0.00010 1.00e+09 1.7382886410    1.738  2.301  3.7161  2.193    0  0.000  0.463     0.00     0.00 -1         0      0.00 7.000e-01 2.990e-01 1.100e-03 5.880e-04 3.170e-03 -1.000 1.000e-03 -0.983 -0.088 -0.091 -0.745 -1.186 -1.615 -2.185 -2.656 -2.714
0.00010 1.00e+09 1.7382900715    1.738  2.291  3.7166  2.205    0  0.000  0.463     0.00     0.00 -1         0      0.00 7.000e-01 2.990e-01 1.100e-03 5.880e-04 3.170e-03 -1.000 1.000e-03 -0.957 -0.068 -0.068 -0.720 -1.160 -1.588 -2.157 -2.627 -2.685
0.00010 1.00e+09 1.7382918596    1.738  2.278  3.7172  2.221    0  0.000  0.463     0.00     0.00 -1         0      0.00 7.000e-01 2.990e-01 1.100e-03 5.880e-04 3.170e-03 -1.000 1.000e-03 -0.926 -0.045 -0.041 -0.690 -1.129 -1.556 -2.123 -2.591 -2.648
0.00010 1.00e+09 1.7382938862    1.738  2.266  3.7178  2.235    0  0.000  0.463     0.00     0.00 -1         0      0.00 7.000e-01 2.990e-01 1.100e-03 5.880e-04 3.170e-03 -1.000 1.000e-03 -0.894 -0.020 -0.013 -0.660 -1.097 -1.523 -2.088 -2.555 -2.613
0.00010 1.00e+09 1.7382965088    1.738  2.253  3.7184  2.251    0  0.000  0.463     0.00     0.00 -1         0      0.00 7.000e-01 2.990e-01 1.100e-03 5.880e-04 3.170e-03 -1.000 1.000e-03 -0.861 0.004 0.015 -0.629 -1.065 -1.489 -2.053 -2.518 -2.575
0.00010 1.00e+09 1.7382996082    1.738  2.239  3.7190  2.267    0  0.000  0.463     0.00     0.00 -1         0      0.00 7.000e-01 2.990e-01 1.100e-03 5.880e-04 3.170e-03 -1.000 1.000e-03 -0.828 0.029 0.044 -0.596 -1.031 -1.454 -2.016 -2.480 -2.537
0.00010 1.00e+09 1.7383034229    1.738  2.223  3.7199  2.287    0  0.000  0.463     0.00     0.00 -1         0      0.00 7.000e-01 2.990e-01 1.100e-03 5.880e-04 3.170e-03 -1.000 1.000e-03 -0.787 0.059 0.079 -0.557 -0.990 -1.412 -1.972 -2.434 -2.490
0.00010 1.00e+09 1.7383080721    1.738  2.199  3.7210  2.315    0  0.000  0.463     0.00     0.00 -1         0      0.00 7.000e-01 2.990e-01 1.100e-03 5.880e-04 3.170e-03 -1.000 1.000e-03 -0.727 0.104 0.131 -0.500 -0.931 -1.350 -1.907 -2.367 -2.422
0.00010 1.00e+09 1.7383153439    1.738  2.169  3.7225  2.351    0  0.000  0.463     0.00     0.00 -1         0      0.00 7.000e-01 2.990e-01 1.100e-03 5.880e-04 3.170e-03 -1.000 1.000e-03 -0.652 0.159 0.195 -0.429 -0.856 -1.273 -1.826 -2.282 -2.337
0.00010 1.00e+09 1.7383295298    1.738  2.121  3.7249  2.409    0  0.000  0.463     0.00     0.00 -1         0      0.00 7.000e-01 2.990e-01 1.100e-03 5.880e-04 3.170e-03 -1.000 1.000e-03 -0.531 0.250 0.300 -0.313 -0.735 -1.148 -1.694 -2.145 -2.198
0.00010 1.00e+09 1.7383608818    1.738  2.026  3.7298  2.523    0  0.000  0.463     0.00     0.00 -1         0      0.00 7.000e-01 2.990e-01 1.100e-03 5.880e-04 3.170e-03 -1.000 1.000e-03 -0.296 0.435 0.506 -0.086 -0.498 -0.903 -1.435 -1.875 -1.926
0.00010 1.00e+09 1.7384893894    1.738  1.938  3.7371  2.640    0  0.000  0.463     0.00     0.00 -1         0      0.00 7.000e-01 2.990e-01 1.100e-03 5.880e-04 3.170e-03 -1.000 1.000e-03 -0.076 0.586 0.683 0.119 -0.279 -0.670 -1.183 -1.606 -1.653
0.00010 1.00e+09 1.7386530638    1.738  1.896  3.7422  2.703    0  0.000  0.463     0.00     0.00 -1         0      0.00 7.000e-01 2.990e-01 1.100e-03 5.880e-04 3.170e-03 -1.000 1.000e-03 0.030 0.653 0.762 0.215 -0.172 -0.555 -1.054 -1.466 -1.511
0.00010 1.00e+09 1.7388920784    1.738  1.870  3.7430  2.732    0  0.000  0.463     0.00     0.00 -1         0      0.00 7.000e-01 2.990e-01 1.100e-03 5.880e-04 3.170e-03 -1.000 1.000e-03 0.094 0.711 0.823 0.279 -0.108 -0.489 -0.986 -1.396 -1.441
0.00010 1.00e+09 1.7393246889    1.739  1.873  3.7430  2.729    0  0.000  0.463     0.00     0.00 -1         0      0.00 7.000e-01 2.990e-01 1.100e-03 5.880e-04 3.170e-03 -1.000 1.000e-03 0.088 0.706 0.818 0.273 -0.113 -0.495 -0.992 -1.402 -1.447
0.00010 1.00e+09 1.7432835102    1.743  1.890  3.7465  2.727    0  0.000  0.463     0.00     0.00 -1         0      0.00 7.000e-01 2.990e-01 1.100e-03 5.880e-04 3.170e-03 -1.000 1.000e-03 0.044 0.638 0.753 0.221 -0.158 -0.533 -1.021 -1.422 -1.466
0.00010 1.00e+09 1.7464935780    1.746  1.913  3.7541  2.736    0  0.000  0.463     0.00     0.00 -1         0      0.00 7.000e-01 2.990e-01 1.100e-03 5.880e-04 3.170e-03 -1.000 1.000e-03 -0.011 0.535 0.655 0.151 -0.214 -0.575 -1.043 -1.426 -1.466
0.00010 1.00e+09 1.7488620281    1.748  1.938  3.7620  2.743    0  0.000  0.463     0.00     0.00 -1         0      0.00 7.000e-01 2.990e-01 1.100e-03 5.880e-04 3.170e-03 -1.000 1.000e-03 -0.074 0.430 0.551 0.073 -0.276 -0.623 -1.070 -1.435 -1.472
0.00010 1.00e+09 1.7500000000    1.749  1.951  3.7661  2.747    0  0.000  0.463     0.00     0.00 -1         0      0.00 7.000e-01 2.990e-01 1.100e-03 5.880e-04 3.170e-03 -1.000 1.000e-03 -0.106 0.375 0.497 0.033 -0.308 -0.648 -1.084 -1.439 -1.474
0.00010 1.00e+09 1.7519725561    1.751  1.971  3.7761  2.767    0  0.000  0.463     0.00     0.00 -1         0      0.00 7.000e-01 2.990e-01 1.100e-03 5.880e-04 3.170e-03 -1.000 1.000e-03 -0.156 0.281 0.398 -0.035 -0.357 -0.679 -1.089 -1.419 -1.451
0.00010 1.00e+09 1.7535084486    1.753  1.984  3.7862  2.794    0  0.000  0.463     0.00     0.00 -1         0      0.00 7.000e-01 2.990e-01 1.100e-03 5.880e-04 3.170e-03 -1.000 1.000e-03 -0.190 0.209 0.318 -0.086 -0.388 -0.692 -1.076 -1.383 -1.412
0.00010 1.00e+09 1.7550239563    1.754  1.996  3.7996  2.837    0  0.000  0.463     0.00     0.00 -1         0      0.00 7.000e-01 2.990e-01 1.100e-03 5.880e-04 3.170e-03 -1.000 1.000e-03 -0.219 0.136 0.228 -0.137 -0.413 -0.692 -1.043 -1.318 -1.344
0.00010 1.00e+09 1.7563819885    1.756  2.006  3.8141  2.885    0  0.000  0.463     0.00     0.00 -1         0      0.00 7.000e-01 2.990e-01 1.100e-03 5.880e-04 3.170e-03 -1.000 9.999e-04 -0.244 0.074 0.142 -0.183 -0.431 -0.683 -0.998 -1.239 -1.262
0.00010 1.00e+09 1.7577733994    1.757  2.015  3.8289  2.935    0  0.000  0.463     0.00     0.00 -1         0      0.00 7.000e-01 2.990e-01 1.100e-03 5.880e-04 3.170e-03 -1.000 1.000e-03 -0.268 0.019 0.059 -0.227 -0.446 -0.670 -0.949 -1.156 -1.177
0.00010 1.00e+09 1.7592535019    1.759  2.025  3.8433  2.984    0  0.000  0.463     0.00     0.00 -1         0      0.00 7.000e-01 2.990e-01 1.100e-03 5.880e-04 3.170e-03 -1.000 1.000e-03 -0.292 -0.029 -0.020 -0.269 -0.459 -0.655 -0.900 -1.075 -1.094
0.00010 1.00e+09 1.7608506680    1.760  2.035  3.8572  3.030    0  0.000  0.463     0.00     0.00 -1         0      0.00 7.000e-01 2.990e-01 1.100e-03 5.880e-04 3.170e-03 -1.000 1.000e-03 -0.316 -0.075 -0.095 -0.308 -0.470 -0.639 -0.852 -0.997 -1.014
0.00010 1.00e+09 1.7624975443    1.762  2.044  3.8701  3.072    0  0.000  0.463     0.00     0.00 -1         0      0.00 7.000e-01 2.990e-01 1.100e-03 5.880e-04 3.170e-03 -1.000 1.000e-03 -0.341 -0.117 -0.162 -0.342 -0.478 -0.622 -0.807 -0.926 -0.942
0.00010 1.00e+09 1.7641689777    1.764  2.054  3.8816  3.109    0  0.000  0.463     0.00     0.00 -1         0      0.00 7.000e-01 2.990e-01 1.100e-03 5.880e-04 3.170e-03 -1.000 1.000e-03 -0.364 -0.157 -0.221 -0.370 -0.483 -0.605 -0.765 -0.864 -0.878
0.00010 1.00e+09 1.7663378716    1.766  2.065  3.8939  3.147    0  0.000  0.463     0.00     0.00 -1         0      0.00 7.000e-01 2.990e-01 1.100e-03 5.880e-04 3.170e-03 -1.000 1.000e-03 -0.394 -0.201 -0.283 -0.397 -0.487 -0.587 -0.723 -0.802 -0.815
0.00010 1.00e+09 1.7682769299    1.768  2.075  3.9020  3.170    0  0.000  0.463     0.00     0.00 -1         0      0.00 7.000e-01 2.990e-01 1.100e-03 5.880e-04 3.170e-03 -1.000 9.999e-04 -0.419 -0.235 -0.322 -0.416 -0.491 -0.579 -0.699 -0.766 -0.779
0.00010 1.00e+09 1.7706061602    1.770  2.087  3.9075  3.181    0  0.000  0.463     0.00     0.00 -1         0      0.00 7.000e-01 2.990e-01 1.100e-03 5.880e-04 3.170e-03 -1.000 1.000e-03 -0.447 -0.270 -0.360 -0.439 -0.506 -0.584 -0.695 -0.754 -0.766
0.00010 1.00e+09 1.7732335329    1.773  2.100  3.9133  3.192    0  0.000  0.463     0.00     0.00 -1         0      0.00 7.000e-01 2.990e-01 1.100e-03 5.880e-04 3.170e-03 -1.000 1.000e-03 -0.479 -0.308 -0.395 -0.463 -0.521 -0.591 -0.691 -0.743 -0.754
0.00010 1.00e+09 1.7762645483    1.776  2.114  3.9192  3.202    0  0.000  0.463     0.00     0.00 -1         0      0.00 7.000e-01 2.990e-01 1.100e-03 5.880e-04 3.170e-03 -1.000 1.000e-03 -0.516 -0.351 -0.436 -0.491 -0.540 -0.601 -0.691 -0.735 -0.746
0.00010 1.00e+09 1.7852513790    1.785  2.157  3.9296  3.203    0  0.000  0.463     0.00     0.00 -1         0      0.00 7.000e-01 2.990e-01 1.100e-03 5.880e-04 3.170e-03 -1.000 1.000e-03 -0.622 -0.468 -0.540 -0.575 -0.612 -0.660 -0.731 -0.765 -0.774
0.00010 1.00e+09 1.7948323488    1.794  2.201  3.9393  3.200    0  0.000  0.463     0.00     0.00 -1         0      0.00 7.000e-01 2.990e-01 1.100e-03 5.880e-04 3.170e-03 -1.000 9.999e-04 -0.733 -0.588 -0.643 -0.661 -0.688 -0.724 -0.780 -0.805 -0.811
0.00010 1.00e+09 1.7999999523    1.799  2.225  3.9439  3.196    0  0.000  0.463     0.00     0.00 -1         0      0.00 7.000e-01 2.990e-01 1.100e-03 5.880e-04 3.170e-03 -1.000 9.999e-04 -0.792 -0.652 -0.696 -0.706 -0.729 -0.760 -0.809 -0.831 -0.836
0.00010 1.00e+09 1.8068883419    1.806  2.256  3.9484  3.184    0  0.000  0.463     0.00     0.00 -1         0      0.00 7.000e-01 2.990e-01 1.100e-03 5.880e-04 3.170e-03 -1.000 1.000e-03 -0.870 -0.735 -0.768 -0.771 -0.789 -0.816 -0.858 -0.876 -0.880
0.00010 1.00e+09 1.8137044907    1.813  2.287  3.9449  3.141    0  0.000  0.463     0.00     0.00 -1         0      0.00 7.000e-01 2.990e-01 1.100e-03 5.880e-04 3.170e-03 -1.000 1.000e-03 -0.948 -0.814 -0.854 -0.860 -0.881 -0.911 -0.958 -0.979 -0.984
0.00010 1.00e+09 1.8182528019    1.818  2.309  3.9374  3.090    0  0.000  0.463     0.00     0.00 -1         0      0.00 7.000e-01 2.990e-01 1.100e-03 5.880e-04 3.170e-03 -1.000 1.000e-03 -1.003 -0.865 -0.923 -0.938 -0.965 -1.002 -1.061 -1.088 -1.094
0.00010 1.00e+09 1.8197304010    1.819  2.322  3.9369  3.075    0  0.000  0.463     0.00     0.00 -1         0      0.00 7.000e-01 2.990e-01 1.100e-03 5.880e-04 3.170e-03 -1.000 1.000e-03 -1.035 -0.898 -0.957 -0.972 -0.999 -1.037 -1.096 -1.123 -1.130
0.00010 1.00e+09 1.8203125000    1.820  2.317  3.9396  3.091    0  0.000  0.463     0.00     0.00 -1         0      0.00 7.000e-01 2.990e-01 1.100e-03 5.880e-04 3.170e-03 -1.000 1.000e-03 -1.024 -0.888 -0.940 -0.952 -0.977 -1.012 -1.067 -1.092 -1.098
0.00010 1.00e+09 1.8214391470    1.821  2.324  3.9303  3.047    0  0.000  0.463     0.00     0.00 -1         0      0.00 7.000e-01 2.990e-01 1.100e-03 5.880e-04 3.170e-03 -1.000 9.999e-04 -1.041 -0.899 -0.971 -0.995 -1.029 -1.074 -1.144 -1.177 -1.185
0.00010 1.00e+09 1.8222447634    1.822  2.330  3.9216  3.007    0  0.000  0.463     0.00     0.00 -1         0      0.00 7.000e-01 2.990e-01 1.100e-03 5.880e-04 3.170e-03 -1.000 1.000e-03 -1.055 -0.904 -0.992 -1.030 -1.072 -1.128 -1.213 -1.253 -1.263
0.00010 1.00e+09 1.8228697777    1.822  2.334  3.9133  2.969    0  0.000  0.463     0.00     0.00 -1         0      0.00 7.000e-01 2.990e-01 1.100e-03 5.880e-04 3.170e-03 -1.000 9.999e-04 -1.066 -0.907 -1.004 -1.055 -1.108 -1.175 -1.275 -1.325 -1.336
0.00010 1.00e+09 1.8233835697    1.823  2.338  3.9040  2.928    0  0.000  0.463     0.00     0.00 -1         0      0.00 7.000e-01 2.990e-01 1.100e-03 5.880e-04 3.170e-03 -1.000 9.999e-04 -1.075 -0.906 -1.009 -1.078 -1.144 -1.225 -1.341 -1.403 -1.415
0.00010 1.00e+09 1.8237084150    1.823  2.341  3.8941  2.886    0  0.000  0.463     0.00     0.00 -1         0      0.00 7.000e-01 2.990e-01 1.100e-03 5.880e-04 3.170e-03 -1.000 1.000e-03 -1.082 -0.900 -1.003 -1.095 -1.177 -1.273 -1.407 -1.482 -1.496
0.00010 1.00e+09 1.8239405155    1.823  2.343  3.8839  2.843    0  0.000  0.463     0.00     0.00 -1         0      0.00 7.000e-01 2.990e-01 1.100e-03 5.880e-04 3.170e-03 -1.000 1.000e-03 -1.089 -0.892 -0.986 -1.106 -1.206 -1.319 -1.474 -1.565 -1.580
0.00010 1.00e+09 1.8241360188    1.823  2.346  3.8730  2.797    0  0.000  0.463     0.00     0.00 -1         0      0.00 7.000e-01 2.990e-01 1.100e-03 5.880e-04 3.170e-03 -1.000 1.000e-03 -1.094 -0.881 -0.961 -1.112 -1.232 -1.365 -1.543 -1.652 -1.668
0.00010 1.00e+09 1.8243000507    1.824  2.348  3.8618  2.750    0  0.000  0.463     0.00     0.00 -1         0      0.00 7.000e-01 2.990e-01 1.100e-03 5.880e-04 3.170e-03 -1.000 1.000e-03 -1.099 -0.866 -0.930 -1.112 -1.255 -1.409 -1.611 -1.740 -1.758
0.00010 1.00e+09 1.8244369030    1.824  2.349  3.8504  2.703    0  0.000  0.463     0.00     0.00 -1         0      0.00 7.000e-01 2.990e-01 1.100e-03 5.880e-04 3.170e-03 -1.000 1.000e-03 -1.103 -0.850 -0.893 -1.107 -1.274 -1.450 -1.676 -1.829 -1.848
0.00010 1.00e+09 1.8245502710    1.824  2.350  3.8385  2.655    0  0.000  0.463     0.00     0.00 -1         0      0.00 7.000e-01 2.990e-01 1.100e-03 5.880e-04 3.170e-03 -1.000 9.999e-04 -1.106 -0.830 -0.851 -1.097 -1.288 -1.487 -1.741 -1.919 -1.940
0.00010 1.00e+09 1.8246500492    1.824  2.351  3.8253  2.601    0  0.000  0.463     0.00     0.00 -1         0      0.00 7.000e-01 2.990e-01 1.100e-03 5.880e-04 3.170e-03 -1.000 1.000e-03 -1.108 -0.804 -0.801 -1.083 -1.300 -1.526 -1.811 -2.018 -2.040
0.00010 1.00e+09 1.8247293234    1.824  2.352  3.8123  2.548    0  0.000  0.463     0.00     0.00 -1         0      0.00 7.000e-01 2.990e-01 1.100e-03 5.880e-04 3.170e-03 -1.000 1.000e-03 -1.109 -0.773 -0.747 -1.065 -1.309 -1.559 -1.876 -2.114 -2.139
0.00010 1.00e+09 1.8247944117    1.824  2.351  3.7990  2.496    0  0.000  0.463     0.00     0.00 -1         0      0.00 7.000e-01 2.990e-01 1.100e-03 5.880e-04 3.170e-03 -1.000 1.000e-03 -1.108 -0.735 -0.688 -1.044 -1.315 -1.590 -1.939 -2.208 -2.236
0.00010 1.00e+09 1.8248491287    1.824  2.350  3.7858  2.444    0  0.000  0.463     0.00     0.00 -1         0      0.00 7.000e-01 2.990e-01 1.100e-03 5.880e-04 3.170e-03 -1.000 1.000e-03 -1.106 -0.687 -0.624 -1.019 -1.316 -1.617 -1.999 -2.300 -2.330
0.00010 1.00e+09 1.8249036074    1.824  2.348  3.7721  2.391    0  0.000  0.463     0.00     0.00 -1         0      0.00 7.000e-01 2.990e-01 1.100e-03 5.880e-04 3.170e-03 -1.000 1.000e-03 -1.100 -0.623 -0.551 -0.989 -1.313 -1.639 -2.057 -2.390 -2.425
0.00010 1.00e+09 1.8249622583    1.824  2.342  3.7595  2.347    0  0.000  0.463     0.00     0.00 -1         0      0.00 7.000e-01 2.990e-01 1.100e-03 5.880e-04 3.170e-03 -1.000 1.000e-03 -1.086 -0.542 -0.470 -0.950 -1.300 -1.648 -2.100 -2.464 -2.503
0.00010 1.00e+09 1.8250210285    1.824  2.325  3.7487  2.320    0  0.000  0.463     0.00     0.00 -1         0      0.00 7.000e-01 2.990e-01 1.100e-03 5.880e-04 3.170e-03 -1.000 1.000e-03 -1.044 -0.435 -0.366 -0.885 -1.257 -1.625 -2.105 -2.497 -2.539
0.00010 1.00e+09 1.8250571489    1.824  2.304  3.7417  2.314    0  0.000  0.463     0.00     0.00 -1         0      0.00 7.000e-01 2.990e-01 1.100e-03 5.880e-04 3.170e-03 -1.000 1.000e-03 -0.989 -0.334 -0.270 -0.814 -1.201 -1.582 -2.081 -2.490 -2.535
0.00010 1.00e+09 1.8250609636    1.824  2.302  3.7409  2.313    0  0.000  0.463     0.00     0.00 -1         0      0.00 7.000e-01 2.990e-01 1.100e-03 5.880e-04 3.170e-03 -1.000 1.000e-03 -0.985 -0.324 -0.261 -0.808 -1.196 -1.579 -2.080 -2.491 -2.536
0.00010 1.00e+09 1.8251013756    1.824  2.301  3.7316  2.277    0  0.000  0.463     0.00     0.00 -1         0      0.00 7.000e-01 2.990e-01 1.100e-03 5.880e-04 3.170e-03 -1.000 1.000e-03 -0.982 -0.245 -0.199 -0.783 -1.191 -1.591 -2.117 -2.551 -2.600
0.00010 1.00e+09 1.8251247406    1.824  2.331  3.7263  2.225    0  0.000  0.463     0.00     0.00 -1         0      0.00 7.000e-01 2.990e-01 1.100e-03 5.880e-04 3.170e-03 -1.000 1.000e-03 -1.058 -0.272 -0.242 -0.848 -1.267 -1.676 -2.217 -2.663 -2.716
0.00010 1.00e+09 1.8251432180    1.824  2.365  3.7233  2.179    0  0.000  0.463     0.00     0.00 -1         0      0.00 7.000e-01 2.990e-01 1.100e-03 5.880e-04 3.170e-03 -1.000 1.000e-03 -1.143 -0.325 -0.307 -0.926 -1.351 -1.766 -2.315 -2.769 -2.822
0.00010 1.00e+09 1.8251863718    1.824  2.398  3.7214  2.139    0  0.000  0.463     0.00     0.00 -1         0      0.00 7.000e-01 2.990e-01 1.100e-03 5.880e-04 3.170e-03 -1.000 1.000e-03 -1.225 -0.383 -0.375 -1.004 -1.433 -1.852 -2.406 -2.864 -2.918
0.00010 1.00e+09 1.8253123760    1.825  2.388  3.7229  2.155    0  0.000  0.463     0.00     0.00 -1         0      0.00 7.000e-01 2.990e-01 1.100e-03 5.880e-04 3.170e-03 -1.000 1.000e-03 -1.200 -0.375 -0.360 -0.982 -1.408 -1.824 -2.374 -2.828 -2.882
0.00010 1.00e+09 1.8257992268    1.825  2.408  3.7199  2.122    0  0.000  0.463     0.00     0.00 -1         0      0.00 7.000e-01 2.990e-01 1.100e-03 5.880e-04 3.170e-03 -1.000 1.000e-03 -1.251 -0.390 -0.389 -1.025 -1.458 -1.879 -2.438 -2.900 -2.955
0.00010 1.00e+09 1.8260123730    1.825  2.442  3.7173  2.078    0  0.000  0.463     0.00     0.00 -1         0      0.00 7.000e-01 2.990e-01 1.100e-03 5.880e-04 3.170e-03 -1.000 1.000e-03 -1.335 -0.442 -0.454 -1.103 -1.541 -1.968 -2.534 -3.002 -3.059
0.00010 1.00e+09 1.8261864185    1.825  2.480  3.7147  2.030    0  0.000  0.463     0.00     0.00 -1         0      0.00 7.000e-01 2.990e-01 1.100e-03 5.880e-04 3.170e-03 -1.000 1.000e-03 -1.430 -0.503 -0.529 -1.191 -1.635 -2.067 -2.641 -3.114 -3.172
0.00010 1.00e+09 1.8264490366    1.826  2.529  3.7119  1.970    0  0.000  0.463     0.00     0.00 -1         0      0.00 7.000e-01 2.990e-01 1.100e-03 5.880e-04 3.170e-03 -1.000 1.000e-03 -1.552 -0.588 -0.630 -1.306 -1.756 -2.193 -2.775 -3.255 -3.314
0.00010 1.00e+09 1.8266854286    1.826  2.570  3.7095  1.919    0  0.000  0.463     0.00     0.00 -1         0      0.00 7.000e-01 2.990e-01 1.100e-03 5.880e-04 3.170e-03 -1.000 1.000e-03 -1.656 -0.657 -0.715 -1.403 -1.859 -2.301 -2.889 -3.375 -3.435
0.00010 1.00e+09 1.8268998861    1.826  2.611  3.7076  1.871    0  0.000  0.463     0.00     0.00 -1         0      0.00 7.000e-01 2.990e-01 1.100e-03 5.880e-04 3.170e-03 -1.000 1.000e-03 -1.758 -0.727 -0.800 -1.500 -1.961 -2.407 -3.001 -3.490 -3.552
0.00010 1.00e+09 1.8270977736    1.826  2.652  3.7054  1.821    0  0.000  0.463     0.00     0.00 -1         0      0.00 7.000e-01 2.990e-01 1.100e-03 5.880e-04 3.170e-03 -1.000 1.000e-03 -1.861 -0.794 -0.883 -1.596 -2.063 -2.513 -3.113 -3.607 -3.670
0.00010 1.00e+09 1.8272790909    1.827  2.693  3.7034  1.772    0  0.000  0.463     0.00     0.00 -1         0      0.00 7.000e-01 2.990e-01 1.100e-03 5.880e-04 3.170e-03 -1.000 1.000e-03 -1.963 -0.862 -0.967 -1.692 -2.164 -2.618 -3.224 -3.724 -3.788
0.00010 1.00e+09 1.8274445534    1.827  2.734  3.7014  1.723    0  0.000  0.463     0.00     0.00 -1         0      0.00 7.000e-01 2.990e-01 1.100e-03 5.880e-04 3.170e-03 -1.000 1.000e-03 -2.065 -0.929 -1.050 -1.788 -2.265 -2.724 -3.336 -3.840 -3.905
0.00010 1.00e+09 1.8275954723    1.827  2.775  3.6993  1.674    0  0.000  0.463     0.00     0.00 -1         0      0.00 7.000e-01 2.990e-01 1.100e-03 5.880e-04 3.170e-03 -1.000 1.000e-03 -2.168 -0.996 -1.134 -1.884 -2.367 -2.830 -3.448 -3.958 -4.023
0.00010 1.00e+09 1.8277314901    1.827  2.816  3.6975  1.625    0  0.000  0.463     0.00     0.00 -1         0      0.00 7.000e-01 2.990e-01 1.100e-03 5.880e-04 3.170e-03 -1.000 1.000e-03 -2.271 -1.067 -1.219 -1.981 -2.469 -2.936 -3.559 -4.073 -4.140
0.00010 1.00e+09 1.8278555870    1.827  2.858  3.6953  1.575    0  0.000  0.463     0.00     0.00 -1         0      0.00 7.000e-01 2.990e-01 1.100e-03 5.880e-04 3.170e-03 -1.000 1.000e-03 -2.374 -1.130 -1.300 -2.076 -2.571 -3.042 -3.672 -4.191 -4.259
0.00010 1.00e+09 1.8279689550    1.827  2.899  3.6933  1.526    0  0.000  0.463     0.00     0.00 -1         0      0.00 7.000e-01 2.990e-01 1.100e-03 5.880e-04 3.170e-03 -1.000 1.000e-03 -2.477 -1.188 -1.381 -2.171 -2.672 -3.148 -3.784 -4.308 -4.377
0.00010 1.00e+09 1.8280738592    1.827  2.940  3.6913  1.477    0  0.000  0.463     0.00     0.00 -1         0      0.00 7.000e-01 2.990e-01 1.100e-03 5.880e-04 3.170e-03 -1.000 1.000e-03 -2.581 -1.245 -1.460 -2.266 -2.773 -3.254 -3.896 -4.425 -4.494
0.00010 1.00e+09 1.8281716108    1.827  2.982  3.6891  1.427    0  0.000  0.463     0.00     0.00 -1         0      0.00 7.000e-01 2.990e-01 1.100e-03 5.880e-04 3.170e-03 -1.000 1.000e-03 -2.684 -1.297 -1.537 -2.360 -2.874 -3.361 -4.009 -4.543 -4.614
0.00010 1.00e+09 1.8282630444    1.828  3.023  3.6872  1.378    0  0.000  0.463     0.00     0.00 -1         0      0.00 7.000e-01 2.990e-01 1.100e-03 5.880e-04 3.170e-03 -1.000 1.000e-03 -2.788 -1.354 -1.616 -2.456 -2.977 -3.467 -4.122 -4.660 -4.731
0.00010 1.00e+09 1.8283487558    1.828  3.065  3.6849  1.327    0  0.000  0.463     0.00     0.00 -1         0      0.00 7.000e-01 2.990e-01 1.100e-03 5.880e-04 3.170e-03 -1.000 1.000e-03 -2.893 -1.402 -1.691 -2.550 -3.078 -3.575 -4.237 -4.780 -4.853
0.00010 1.00e+09 1.8284293413    1.828  3.107  3.6829  1.276    0  0.000  0.463     0.00     0.00 -1         0      0.00 7.000e-01 2.990e-01 1.100e-03 5.880e-04 3.170e-03 -1.000 1.000e-03 -2.998 -1.455 -1.768 -2.646 -3.181 -3.683 -4.351 -4.899 -4.973
0.00010 1.00e+09 1.8285061121    1.828  3.149  3.6807  1.225    0  0.000  0.463     0.00     0.00 -1         0      0.00 7.000e-01 2.990e-01 1.100e-03 5.880e-04 3.170e-03 -1.000 1.000e-03 -3.103 -1.498 -1.842 -2.740 -3.284 -3.791 -4.466 -5.019 -5.094
0.00010 1.00e+09 1.8285802603    1.828  3.192  3.6785  1.174    0  0.603  0.463     0.00     0.00 -1         0      0.00 7.000e-01 2.990e-01 1.100e-03 5.880e-04 3.170e-03 -1.000 1.000e-03 -3.209 -1.534 -1.912 -2.833 -3.386 -3.899 -4.582 -5.140 -5.216
0.00010 1.00e+09 1.8291177750    1.828  3.639  3.6527  0.624    0  0.603  0.463     0.00     0.00 -1         0      0.00 7.000e-01 2.990e-01 1.100e-03 5.880e-04 3.170e-03 -1.000 1.000e-03 -4.327 -1.625 -2.496 -3.752 -4.439 -5.035 -5.814 -6.434 -6.520
0.00010 1.00e+09 1.8291184902    1.828  3.639  3.6522  0.622    8  0.603  0.283    50.62    31.17  1 -7.31e-07      0.00 7.313e-01 2.686e-01 8.984e-06 1.707e-05 4.236e-05 -1.000 1.254e-04 -4.327 -1.604 -2.485 -3.747 -4.437 -5.035 -5.815 -6.437 -6.523
0.00010 1.00e+09 1.8291188478    1.827  3.639  3.6522  0.622    8  0.603  0.283    50.62    31.17  1 -7.31e-07      0.00 7.313e-01 2.686e-01 8.984e-06 1.707e-05 4.236e-05 -1.000 1.255e-04 -4.327 -1.604 -2.484 -3.747 -4.436 -5.034 -5.815 -6.436 -6.523
0.00010 1.00e+09 1.8291190863    1.827  3.589  3.6553  0.684    8  0.603  0.283    44.32    27.79  1 -5.95e-07      0.00 7.313e-01 2.686e-01 8.984e-06 1.707e-05 4.236e-05 -1.000 1.254e-04 -4.203 -1.628 -2.438 -3.654 -4.324 -4.911 -5.678 -6.292 -6.377
0.00010 1.00e+09 1.8291199207    1.826  3.385  3.6677  0.937    8  0.604  0.283    25.66    17.32  1 -2.68e-07      0.00 7.313e-01 2.686e-01 8.984e-06 1.707e-05 4.236e-05 -1.000 1.254e-04 -3.693 -1.654 -2.209 -3.249 -3.850 -4.394 -5.113 -5.698 -5.778
0.00010 1.00e+09 1.8291211128    1.825  3.288  3.6736  1.057    8  0.604  0.283    19.80    13.84  1 -1.89e-07      0.00 7.313e-01 2.686e-01 8.984e-06 1.707e-05 4.236e-05 -1.000 1.254e-04 -3.451 -1.615 -2.072 -3.045 -3.619 -4.146 -4.845 -5.415 -5.493
0.00010 1.00e+09 1.8291227818    1.823  3.307  3.6724  1.033    8  0.604  0.283    20.86    14.48  1 -2.02e-07      0.00 7.313e-01 2.686e-01 8.984e-06 1.707e-05 4.236e-05 -1.000 1.255e-04 -3.499 -1.624 -2.100 -3.086 -3.664 -4.195 -4.898 -5.471 -5.550
0.00010 1.00e+09 1.8291250467    1.820  3.408  3.6662  0.907    8  0.604  0.283    27.37    18.31  1 -2.93e-07      0.00 7.313e-01 2.686e-01 8.984e-06 1.707e-05 4.236e-05 -1.000 1.255e-04 -3.750 -1.651 -2.235 -3.295 -3.903 -4.452 -5.177 -5.765 -5.846
0.00010 1.00e+09 1.8291276693    1.817  3.517  3.6595  0.771    8  0.604  0.283    36.68    23.58  1 -4.46e-07      0.00 7.313e-01 2.686e-01 8.984e-06 1.707e-05 4.236e-05 -1.000 1.254e-04 -4.021 -1.638 -2.358 -3.511 -4.155 -4.727 -5.478 -6.081 -6.165
0.00010 1.00e+09 1.8291307688    1.814  3.592  3.6548  0.675    8  0.604  0.283    45.05    28.16  1 -6.08e-07      0.00 7.313e-01 2.686e-01 8.984e-06 1.707e-05 4.236e-05 -1.000 1.255e-04 -4.211 -1.615 -2.435 -3.658 -4.331 -4.919 -5.688 -6.303 -6.389
0.00010 1.00e+09 1.8291344643    1.810  3.631  3.6523  0.625    8  0.604  0.283    50.18    30.90  1 -7.17e-07      0.00 7.313e-01 2.686e-01 8.984e-06 1.707e-05 4.236e-05 -1.000 1.255e-04 -4.309 -1.590 -2.469 -3.730 -4.419 -5.016 -5.797 -6.418 -6.504
0.00010 1.00e+09 1.8291386366    1.805  3.647  3.6512  0.604    8  0.605  0.283    52.47    32.11  1 -7.69e-07      0.00 7.313e-01 2.686e-01 8.984e-06 1.707e-05 4.236e-05 -1.000 1.255e-04 -4.348 -1.575 -2.479 -3.757 -4.453 -5.055 -5.840 -6.464 -6.551
0.00010 1.00e+09 1.8291432858    1.800  3.653  3.6507  0.595    8  0.605  0.283    53.51    32.65  1 -7.92e-07      0.00 7.313e-01 2.686e-01 8.984e-06 1.707e-05 4.236e-05 -1.000 1.255e-04 -4.363 -1.566 -2.481 -3.767 -4.466 -5.070 -5.857 -6.483 -6.570
0.00010 1.00e+09 1.8291435242    1.800  3.716  3.6469  0.517    8  0.605  0.283    63.36    37.78  1 -1.04e-06      0.00 7.313e-01 2.686e-01 8.984e-06 1.707e-05 4.236e-05 -1.000 1.255e-04 -4.520 -1.518 -2.530 -3.879 -4.605 -5.225 -6.029 -6.666 -6.754
0.00010 1.00e+09 1.8291441202    1.799  3.606  3.6536  0.653    8  0.605  0.283    47.19    29.29  1  -6.5e-07      0.00 7.313e-01 2.686e-01 8.984e-06 1.707e-05 4.236e-05 -1.000 1.254e-04 -4.246 -1.594 -2.441 -3.681 -4.362 -4.954 -5.728 -6.346 -6.432
0.00010 1.00e+09 1.8291454315    1.797  3.403  3.6660  0.905    8  0.605  0.283    27.39    18.30  1 -2.91e-07      0.00 7.313e-01 2.686e-01 8.984e-06 1.707e-05 4.236e-05 -1.000 1.255e-04 -3.739 -1.633 -2.220 -3.282 -3.891 -4.440 -5.166 -5.754 -5.835
0.00010 1.00e+09 1.8291472197    1.795  3.307  3.6719  1.025    8  0.605  0.283    21.13    14.62  1 -2.05e-07      0.00 7.313e-01 2.686e-01 8.984e-06 1.707e-05 4.236e-05 -1.000 1.255e-04 -3.496 -1.607 -2.090 -3.081 -3.661 -4.193 -4.897 -5.472 -5.551
0.00010 1.00e+09 1.8291498423    1.793  3.326  3.6707  1.000    8  0.605  0.283    22.32    15.33  1  -2.2e-07      0.00 7.313e-01 2.686e-01 8.984e-06 1.707e-05 4.236e-05 -1.000 1.255e-04 -3.546 -1.615 -2.118 -3.122 -3.708 -4.243 -4.952 -5.530 -5.609
0.00010 1.00e+09 1.8291530609    1.789  3.427  3.6644  0.873    8  0.605  0.283    29.33    19.40  1  -3.2e-07      0.00 7.313e-01 2.686e-01 8.984e-06 1.707e-05 4.236e-05 -1.000 1.255e-04 -3.798 -1.626 -2.245 -3.328 -3.945 -4.500 -5.232 -5.824 -5.906
0.00010 1.00e+09 1.8291569948    1.785  3.535  3.6577  0.737    8  0.605  0.283    39.33    24.99  1 -4.91e-07      0.00 7.313e-01 2.686e-01 8.984e-06 1.707e-05 4.236e-05 -1.000 1.255e-04 -4.068 -1.605 -2.363 -3.542 -4.197 -4.774 -5.532 -6.141 -6.225
0.00010 1.00e+09 1.8291616440    1.779  3.611  3.6529  0.641    8  0.606  0.283    48.37    29.88  1 -6.72e-07      0.00 7.313e-01 2.686e-01 8.984e-06 1.707e-05 4.236e-05 -1.000 1.255e-04 -4.258 -1.572 -2.435 -3.686 -4.370 -4.966 -5.743 -6.363 -6.449
0.00010 1.00e+09 1.8291671276    1.773  3.651  3.6503  0.589    8  0.606  0.283    54.02    32.86  1 -7.98e-07      0.00 7.313e-01 2.686e-01 8.984e-06 1.707e-05 4.236e-05 -1.000 1.256e-04 -4.357 -1.539 -2.464 -3.756 -4.458 -5.063 -5.852 -6.479 -6.566
0.00010 1.00e+09 1.8291734457    1.766  3.667  3.6491  0.566    8  0.606  0.283    56.71    34.26  1 -8.61e-07      0.00 7.313e-01 2.686e-01 8.984e-06 1.707e-05 4.236e-05 -1.000 1.255e-04 -4.398 -1.520 -2.473 -3.784 -4.494 -5.104 -5.898 -6.529 -6.616
0.00010 1.00e+09 1.8291804790    1.759  3.675  3.6485  0.555    8  0.607  0.283    58.13    34.98  1 -8.94e-07      0.00 7.313e-01 2.686e-01 8.984e-06 1.707e-05 4.236e-05 -1.000 1.256e-04 -4.417 -1.506 -2.475 -3.795 -4.509 -5.122 -5.919 -6.552 -6.639
0.00010 1.00e+09 1.8291808367    1.758  3.741  3.6444  0.472    8  0.607  0.359    69.50    40.82  1 -1.19e-06      0.00 7.313e-01 2.686e-01 1.144e-05 1.707e-05 4.253e-05 -1.000 1.282e-04 -4.582 -1.447 -2.519 -3.910 -4.654 -5.285 -6.101 -6.745 -6.834
0.00010 1.00e+09 1.8291822672    1.756  3.632  3.6510  0.606    8  0.607  0.623    52.01    31.77  1 -7.47e-07      0.00 7.312e-01 2.687e-01 2.016e-05 1.707e-05 4.314e-05 -1.000 1.375e-04 -4.311 -1.531 -2.438 -3.718 -4.415 -5.018 -5.804 -6.429 -6.516
0.00010 1.00e+09 1.8291848898    1.751  3.432  3.6632  0.854    8  0.607  1.072    26.20    22.48  1 -3.34e-07      0.00 7.311e-01 2.688e-01 3.555e-05 1.707e-05 4.424e-05  5.432 1.541e-04 -3.811 999.999 -1.560 -3.495 -4.161 -4.655 -5.366 -5.864 -5.930
0.00010 1.00e+09 1.8291888237    1.745  3.337  3.6690  0.971    8  0.607  1.657    19.97    18.32  1 -2.35e-07      0.00 7.309e-01 2.689e-01 5.689e-05 1.706e-05 4.576e-05  6.410 1.770e-04 -3.573 999.999 -1.383 -3.322 -3.966 -4.437 -5.127 -5.596 -5.662
0.00010 1.00e+09 1.8291940689    1.736  3.360  3.6672  0.938    8  0.608  2.308    21.50    19.35  1 -2.56e-07      0.00 7.308e-01 2.690e-01 8.246e-05 1.706e-05 4.763e-05  6.727 2.044e-04 -3.630 999.999 -1.403 -3.373 -4.015 -4.476 -5.190 -5.657 -5.733
0.00010 1.00e+09 1.8292008638    1.725  3.464  3.6604  0.805    8  0.608  2.939    29.31    24.39  1 -3.82e-07      0.00 7.306e-01 2.692e-01 1.095e-04 1.706e-05 4.966e-05  6.916 2.335e-04 -3.890 999.999 -1.569 -3.560 -4.225 -4.700 -5.452 -5.947 -6.030
0.00010 1.00e+09 1.8292090893    1.712  3.575  3.6529  0.660    8  0.608  3.463    40.92    31.28  1    -6e-07      0.00 7.304e-01 2.694e-01 1.341e-04 1.706e-05 5.162e-05  7.037 2.601e-04 -4.167 999.999 -1.749 -3.759 -4.449 -4.943 -5.734 -6.257 -6.348
0.00010 1.00e+09 1.8292188644    1.696  3.654  3.6472  0.554    8  0.609  3.790    52.26    37.52  1 -8.46e-07      0.00 7.302e-01 2.695e-01 1.512e-04 1.705e-05 5.321e-05  7.104 2.789e-04 -4.365 999.999 -1.876 -3.898 -4.606 -5.117 -5.936 -6.479 -6.579
0.00010 1.00e+09 1.8292301893    1.677  3.699  3.6436  0.491    8  0.610  3.817    60.49    41.78  1 -1.04e-06      0.00 7.301e-01 2.696e-01 1.547e-04 1.705e-05 5.403e-05  7.115 2.831e-04 -4.476 999.999 -1.946 -3.972 -4.691 -5.214 -6.051 -6.607 -6.711
0.00010 1.00e+09 1.8292433023    1.657  3.721  3.6413  0.453    8  0.611  3.402    65.87    44.43  1 -1.16e-06      0.00 7.302e-01 2.695e-01 1.368e-04 1.706e-05 5.361e-05  7.042 2.648e-04 -4.534 999.999 -1.983 -4.008 -4.730 -5.262 -6.111 -6.677 -6.782
0.00010 1.00e+09 1.8292579651    1.634  3.736  3.6393  0.424    8  0.611  2.106    70.26    46.51  1 -1.26e-06      0.00 7.304e-01 2.694e-01 8.869e-05 1.706e-05 5.142e-05  6.757 2.144e-04 -4.571 999.999 -2.019 -4.033 -4.749 -5.295 -6.154 -6.728 -6.832
0.00010 1.00e+09 1.8292584419    1.633  3.810  3.6344  0.331    8  0.611  8.730    87.31    54.74  1 -1.76e-06      0.00 7.278e-01 2.715e-01 5.039e-04 1.701e-05 7.696e-05  7.708 6.559e-04 -4.755 999.999 -2.101 -4.150 -4.905 -5.454 -6.334 -6.923 -7.042
0.00010 1.00e+09 1.8292601109    1.628  3.703  3.6412  0.464    8  0.612  8.939    64.07    43.37  1 -1.09e-06      0.00 7.278e-01 2.716e-01 5.179e-04 1.701e-05 7.724e-05  7.722 6.702e-04 -4.488 999.999 -1.910 -3.952 -4.688 -5.212 -6.060 -6.625 -6.735
0.00010 1.00e+09 1.8292630911    1.621  3.506  3.6539  0.710    8  0.612  9.301    36.15    28.20  1 -4.76e-07      0.00 7.277e-01 2.716e-01 5.423e-04 1.701e-05 7.773e-05  7.744 6.953e-04 -3.994 999.999 -1.558 -3.589 -4.288 -4.765 -5.555 -6.075 -6.168
0.00010 1.00e+09 1.8292677402    1.609  3.409  3.6597  0.826    8  0.612  9.785    27.54    22.96  1 -3.27e-07      0.00 7.276e-01 2.717e-01 5.754e-04 1.701e-05 7.840e-05  7.772 7.293e-04 -3.753 999.999 -1.382 -3.408 -4.090 -4.546 -5.309 -5.808 -5.893
0.00010 1.00e+09 1.8292739391    1.594  3.434  3.6574  0.788    8  0.612 10.334    30.02    24.45  1 -3.62e-07      0.00 7.275e-01 2.718e-01 6.134e-04 1.700e-05 7.915e-05  7.803 7.685e-04 -3.814 999.999 -1.417 -3.444 -4.133 -4.598 -5.372 -5.879 -5.967
0.00010 1.00e+09 1.8292818069    1.574  3.536  3.6495  0.649    8  0.613 10.864    41.40    31.04  1 -5.49e-07      0.00 7.273e-01 2.719e-01 6.507e-04 1.700e-05 7.986e-05  7.830 8.067e-04 -4.070 999.999 -1.584 -3.619 -4.331 -4.825 -5.635 -6.170 -6.269
0.00010 1.00e+09 1.8292914629    1.551  3.644  3.6408  0.500    8  0.614 11.269    58.44    40.08  1 -8.77e-07      0.00 7.273e-01 2.719e-01 6.791e-04 1.700e-05 8.035e-05  7.851 8.359e-04 -4.340 999.999 -1.757 -3.800 -4.537 -5.063 -5.913 -6.480 -6.590
0.00010 1.00e+09 1.8293029070    1.523  3.721  3.6338  0.387    8  0.614 11.416    75.76    48.52  1 -1.25e-06      0.00 7.272e-01 2.719e-01 6.884e-04 1.700e-05 8.041e-05  7.857 8.454e-04 -4.533 999.999 -1.873 -3.922 -4.679 -5.230 -6.113 -6.704 -6.824
0.00010 1.00e+09 1.8293162584    1.492  3.765  3.6288  0.314    8  0.615 11.133    89.48    54.73  1 -1.56e-06      0.00 7.273e-01 2.719e-01 6.658e-04 1.700e-05 7.974e-05  7.842 8.220e-04 -4.643 999.999 -1.927 -3.980 -4.752 -5.321 -6.227 -6.836 -6.963
0.00010 1.00e+09 1.8293315172    1.457  3.789  3.6249  0.264    8  0.616 10.183    99.94    59.15  1 -1.77e-06      0.00 7.276e-01 2.717e-01 5.958e-04 1.701e-05 7.801e-05  7.789 7.499e-04 -4.702 999.999 -1.942 -3.999 -4.782 -5.365 -6.289 -6.912 -7.044
0.00010 1.00e+09 1.8293488026    1.418  3.805  3.6213  0.222    8  0.617  7.032   109.84    63.10  1 -1.96e-06      0.00 7.280e-01 2.714e-01 4.602e-04 1.702e-05 7.482e-05  7.665 6.103e-04 -4.742 999.999 -1.941 -4.001 -4.795 -5.392 -6.333 -6.968 -7.105
0.00010 1.00e+09 1.8293492794    1.416  3.887  3.6150  0.114    8  0.617 19.191   141.13    76.15  1  -2.9e-06      0.00 7.227e-01 2.754e-01 1.705e-03 1.690e-05 1.185e-04  8.270 1.905e-03 -4.948 999.999 -2.077 -4.143 -4.956 -5.575 -6.545 -7.203 -7.348
0.00010 1.00e+09 1.8293509483    1.410  3.782  3.6226  0.248    8  0.618 19.232   103.37    60.22  1 -1.78e-06      0.00 7.227e-01 2.754e-01 1.707e-03 1.690e-05 1.184e-04  8.271 1.907e-03 -4.685 999.999 -1.898 -3.957 -4.748 -5.339 -6.274 -6.905 -7.040
0.00010 1.00e+09 1.8293539286    1.398  3.587  3.6367  0.495    8  0.618 19.302    58.11    39.01  1 -7.54e-07      0.00 7.227e-01 2.754e-01 1.711e-03 1.690e-05 1.182e-04  8.272 1.911e-03 -4.198 999.999 -1.569 -3.616 -4.365 -4.905 -5.775 -6.356 -6.472
0.00010 1.00e+09 1.8293584585    1.381  3.488  3.6434  0.615    8  0.618 19.391    43.85    31.48  1 -5.06e-07      0.00 7.228e-01 2.753e-01 1.714e-03 1.690e-05 1.179e-04  8.273 1.915e-03 -3.951 999.999 -1.398 -3.438 -4.168 -4.683 -5.522 -6.079 -6.185
0.00010 1.00e+09 1.8293646574    1.358  3.513  3.6407  0.573    8  0.618 19.484    48.29    33.71  1 -5.69e-07      0.00 7.228e-01 2.753e-01 1.717e-03 1.690e-05 1.175e-04  8.274 1.917e-03 -4.012 999.999 -1.427 -3.470 -4.208 -4.734 -5.585 -6.152 -6.262
0.00010 1.00e+09 1.8293725252    1.329  3.612  3.6318  0.429    8  0.619 19.553    67.27    43.00  1 -8.88e-07      0.00 7.229e-01 2.752e-01 1.716e-03 1.690e-05 1.170e-04  8.273 1.916e-03 -4.259 999.999 -1.576 -3.627 -4.390 -4.948 -5.840 -6.439 -6.561
0.00010 1.00e+09 1.8293821812    1.294  3.715  3.6220  0.275    8  0.620 19.562    95.76    55.68  1 -1.45e-06      0.00 7.229e-01 2.751e-01 1.707e-03 1.691e-05 1.164e-04  8.271 1.907e-03 -4.517 999.999 -1.725 -3.785 -4.576 -5.170 -6.107 -6.740 -6.876
0.00010 1.00e+09 1.8293936253    1.254  3.788  3.6141  0.157    8  0.620 19.463   125.51    67.65  1 -2.11e-06      0.00 7.231e-01 2.751e-01 1.688e-03 1.691e-05 1.156e-04  8.266 1.887e-03 -4.700 999.999 -1.819 -3.886 -4.701 -5.323 -6.297 -6.958 -7.104
0.00010 1.00e+09 1.8294068575    1.209  3.829  3.6083  0.077    8  0.621 19.195   150.47    76.74  1 -2.68e-06      0.00 7.232e-01 2.750e-01 1.652e-03 1.691e-05 1.148e-04  8.256 1.850e-03 -4.802 999.999 -1.856 -3.928 -4.760 -5.403 -6.404 -7.086 -7.240
0.00010 1.00e+09 1.8294221163    1.159  3.850  3.6037  0.019    8  0.622 18.684   171.29    83.53  1 -3.13e-06      0.00 7.233e-01 2.749e-01 1.594e-03 1.691e-05 1.138e-04  8.240 1.790e-03 -4.855 999.999 -1.857 -3.934 -4.779 -5.439 -6.461 -7.159 -7.320
0.00010 1.00e+09 1.8294392824    1.106  3.864  3.5993 -0.033    8  0.623 15.837   192.52    89.82  0 -3.57e-06      0.00 7.235e-01 2.748e-01 1.506e-03 1.692e-05 1.126e-04  8.214 1.700e-03 -4.890 999.999 -1.844 -3.924 -4.782 -5.458 -6.501 -7.215 -7.381
0.00010 1.00e+09 1.8294397593    1.103  3.955  3.5915 -0.156    8  0.623 26.192   256.29   111.25  0 -5.56e-06      0.00 7.180e-01 2.786e-01 3.073e-03 1.679e-05 1.564e-04  8.535 3.324e-03 -5.117 999.999 -1.983 -4.070 -4.951 -5.656 -6.735 -7.477 -7.654
0.00010 1.00e+09 1.8294413090    1.094  3.851  3.6010 -0.018    8  0.623 26.125   185.60    87.06  0 -3.43e-06      0.00 7.181e-01 2.786e-01 3.055e-03 1.679e-05 1.559e-04  8.533 3.306e-03 -4.857 999.999 -1.830 -3.909 -4.762 -5.431 -6.466 -7.174 -7.338
0.00010 1.00e+09 1.8294442892    1.076  3.659  3.6188  0.238    8  0.624 26.010   102.20    55.33  1 -1.46e-06      0.00 7.182e-01 2.785e-01 3.024e-03 1.680e-05 1.550e-04  8.528 3.274e-03 -4.377 999.999 -1.548 -3.611 -4.412 -5.018 -5.970 -6.614 -6.755
0.00010 1.00e+09 1.8294487000    1.051  3.558  3.6291  0.370    8  0.624 25.859    75.08    43.52  1 -9.84e-07      0.00 7.184e-01 2.784e-01 2.984e-03 1.680e-05 1.539e-04  8.522 3.233e-03 -4.124 999.999 -1.411 -3.464 -4.236 -4.803 -5.708 -6.316 -6.442
0.00010 1.00e+09 1.8294546604    1.017  3.582  3.6289  0.331    8  0.624 25.698    82.07    45.97  1 -1.18e-06      0.00 7.185e-01 2.783e-01 2.942e-03 1.680e-05 1.526e-04  8.516 3.189e-03 -4.185 999.999 -1.468 -3.522 -4.294 -4.862 -5.768 -6.377 -6.504
0.00010 1.00e+09 1.8294622898    0.976  3.678  3.6226  0.192    8  0.625 25.567   113.10    57.50  1 -1.98e-06      0.00 7.187e-01 2.782e-01 2.907e-03 1.681e-05 1.516e-04  8.510 3.153e-03 -4.424 999.999 -1.638 -3.697 -4.488 -5.079 -6.013 -6.645 -6.780
0.00010 1.00e+09 1.8294717073    0.928  3.776  3.6165  0.048    8  0.625 25.524   158.22    72.29  0  -3.5e-06      0.00 7.188e-01 2.781e-01 2.894e-03 1.681e-05 1.512e-04  8.508 3.139e-03 -4.670 999.999 -1.815 -3.880 -4.688 -5.302 -6.265 -6.918 -7.061
0.00010 1.00e+09 1.8294827938    0.874  3.845  3.6134 -0.060    8  0.626 25.643   203.30    84.52  0 -5.56e-06      0.00 7.187e-01 2.781e-01 2.920e-03 1.681e-05 1.518e-04  8.512 3.166e-03 -4.842 999.999 -1.952 -4.020 -4.837 -5.462 -6.439 -7.103 -7.251
0.00010 1.00e+09 1.8294956684    0.815  3.882  3.6136 -0.127    8  0.627 26.007   239.54    91.32  0 -7.82e-06      0.00 7.184e-01 2.783e-01 3.008e-03 1.680e-05 1.542e-04  8.526 3.258e-03 -4.936 999.999 -2.049 -4.116 -4.933 -5.557 -6.534 -7.197 -7.344
0.00010 1.00e+09 1.8295104504    0.752  3.901  3.6160 -0.171    8  0.628 26.691   270.69    93.19  0 -1.03e-05      0.00 7.178e-01 2.787e-01 3.184e-03 1.679e-05 1.590e-04  8.551 3.440e-03 -4.983 999.999 -2.123 -4.188 -4.998 -5.613 -6.579 -7.233 -7.377
0.00010 1.00e+09 1.8295271397    0.687  3.913  3.6196 -0.208    8  0.629 27.318   312.70    90.43  0 -1.34e-05      0.00 7.168e-01 2.794e-01 3.479e-03 1.676e-05 1.672e-04  8.591 3.747e-03 -5.014 999.999 -2.193 -4.255 -5.055 -5.657 -6.606 -7.248 -7.387
0.00010 1.00e+09 1.8295271397    0.687  4.012  3.6101 -0.344    8  0.629 28.241   429.50   114.69  0 -2.17e-05      0.00 7.164e-01 2.797e-01 3.623e-03 1.675e-05 1.711e-04  8.609 3.897e-03 -5.260 999.999 -2.334 -4.405 -5.231 -5.868 -6.861 -7.536 -7.688
0.00010 1.00e+09 1.8295272589    0.686  3.908  3.6207 -0.199    8  0.629 28.233   307.12    88.87  0 -1.32e-05      0.00 7.164e-01 2.797e-01 3.621e-03 1.675e-05 1.710e-04  8.609 3.894e-03 -5.001 999.999 -2.193 -4.254 -5.050 -5.649 -6.592 -7.230 -7.368
0.00010 1.00e+09 1.8295274973    0.684  3.717  3.6401  0.069    8  0.629 28.218   165.30    55.49  0 -5.41e-06      0.00 7.164e-01 2.797e-01 3.616e-03 1.675e-05 1.709e-04  8.608 3.890e-03 -4.523 999.999 -1.933 -3.977 -4.716 -5.243 -6.097 -6.666 -6.777
0.00010 1.00e+09 1.8295278549    0.682  3.612  3.6517  0.219    8  0.629 28.198   117.11    42.43  0 -3.41e-06      0.00 7.164e-01 2.797e-01 3.610e-03 1.675e-05 1.707e-04  8.608 3.884e-03 -4.259 999.999 -1.799 -3.832 -4.537 -5.022 -5.822 -6.350 -6.445
0.00010 1.00e+09 1.8295283318    0.678  3.632  3.6515  0.195    8  0.629 28.175   124.73    43.88  0 -3.83e-06      0.00 7.165e-01 2.797e-01 3.604e-03 1.676e-05 1.705e-04  8.607 3.877e-03 -4.311 999.999 -1.848 -3.881 -4.587 -5.073 -5.874 -6.403 -6.498
0.00010 1.00e+09 1.8295289278    0.673  3.722  3.6450  0.077    8  0.629 28.153   165.63    53.26  0 -5.93e-06      0.00 7.165e-01 2.796e-01 3.597e-03 1.676e-05 1.704e-04  8.606 3.870e-03 -4.534 999.999 -1.999 -4.038 -4.763 -5.272 -6.103 -6.655 -6.759
0.00010 1.00e+09 1.8295296431    0.668  3.812  3.6390 -0.041    8  0.629 28.135   220.74    64.36  0 -9.37e-06      0.00 7.165e-01 2.796e-01 3.592e-03 1.676e-05 1.702e-04  8.605 3.865e-03 -4.759 999.999 -2.157 -4.201 -4.944 -5.475 -6.334 -6.907 -7.019
0.00010 1.00e+09 1.8295305967    0.661  3.872  3.6364 -0.116    8  0.629 28.129   268.21    71.82  0 -1.31e-05      0.00 7.165e-01 2.796e-01 3.590e-03 1.676e-05 1.702e-04  8.605 3.863e-03 -4.911 999.999 -2.279 -4.326 -5.076 -5.617 -6.488 -7.070 -7.186
0.00010 1.00e+09 1.8295315504    0.654  3.902  3.6373 -0.148    8  0.630 28.142   297.17    73.51  0 -1.59e-05      0.00 7.165e-01 2.796e-01 3.594e-03 1.676e-05 1.703e-04  8.605 3.867e-03 -4.986 999.999 -2.364 -4.410 -5.157 -5.695 -6.562 -7.141 -7.256
0.00010 1.00e+09 1.8295327425    0.645  3.913  3.6406 -0.151    8  0.630 28.183   314.78    70.32  0 -1.77e-05      0.00 7.165e-01 2.797e-01 3.606e-03 1.676e-05 1.706e-04  8.607 3.879e-03 -5.013 999.999 -2.428 -4.471 -5.209 -5.735 -6.586 -7.153 -7.263
0.00010 1.00e+09 1.8295340538    0.635  3.916  3.6452 -0.143    8  0.630 27.962   346.89    62.04  0 -1.92e-05      0.00 7.164e-01 2.797e-01 3.629e-03 1.675e-05 1.712e-04  8.610 3.903e-03 -5.021 999.999 -2.488 -4.527 -5.251 -5.760 -6.590 -7.141 -7.245
0.00010 1.00e+09 1.8295341730    0.635 -9.999  4.0912  1.707    9  0.635  0.000     0.00     0.00 -1         0      0.00 7.164e-01 2.797e-01 3.629e-03 1.675e-05 1.712e-04  8.610 3.903e-03 29.767 30.022 30.475 30.578 30.601 30.638 30.764 30.792 30.823
#isochrone terminated
