# File generated by CMD 3.0 (http://stev.oapd.inaf.it/cmd) on Thu Jun  8 21:01:52 CEST 2017
# isochrones PARSEC release v1.2S + COLIBRI release PR16, as in Marigo et al. 2017
# Basic reference: Marigo et al. (2017), ApJ, 835, 77
# Photometric system: <i>UBVRIJHK</i> (cf. Maiz-Apellaniz 2006 + Bessell 1990)
# O-rich circumstellar dust ignored
# C-rich circumstellar dust ignored
# Kind of output: isochrone tables
# Zini Age Mini  Mass   logL    logTe  logg  label   McoreTP C_O  period0 period1 pmode  Mloss  tau1m   X   Y   Xc  Xn  Xo  Cexcess  Z 	 mbolmag  Umag    Bmag    Vmag    Rmag    Imag    Jmag    Hmag    Kmag
0.00100 1.00e+09 0.0900000036    0.090 -3.185  3.4600  5.369    0  0.000  0.463     0.00     0.00 -1   5.7e-17      0.00 7.000e-01 2.990e-01 1.100e-03 5.880e-04 3.170e-03 -1.000 1.000e-03 12.733 21.894 17.818 15.538 13.898 12.161 10.772 10.325 10.267
0.00100 1.00e+09 0.0970839038    0.097 -3.028  3.4826  5.335    0  0.000  0.463     0.00     0.00 -1  8.18e-17      0.00 7.000e-01 2.990e-01 1.100e-03 5.880e-04 3.170e-03 -1.000 1.000e-03 12.340 20.194 16.819 14.659 13.256 11.754 10.457 9.943 9.825
0.00100 1.00e+09 0.0985370651    0.099 -2.996  3.4873  5.329    0  0.000  0.463     0.00     0.00 -1   8.8e-17      0.00 7.000e-01 2.990e-01 1.100e-03 5.880e-04 3.170e-03 -1.000 1.000e-03 12.260 19.852 16.618 14.485 13.124 11.671 10.393 9.867 9.738
0.00100 1.00e+09 0.1000000015    0.100 -2.961  3.4923  5.320    0  0.000  0.463     0.00     0.00 -1  9.57e-17      0.00 7.000e-01 2.990e-01 1.100e-03 5.880e-04 3.170e-03 -1.000 1.000e-03 12.172 19.496 16.407 14.304 12.982 11.580 10.322 9.785 9.646
0.00100 1.00e+09 0.1077164337    0.108 -2.846  3.5056  5.291    0  0.000  0.463     0.00     0.00 -1  1.24e-16      0.00 7.000e-01 2.990e-01 1.100e-03 5.880e-04 3.170e-03 -1.000 1.000e-03 11.886 18.532 15.807 13.789 12.559 11.286 10.079 9.519 9.354
0.00100 1.00e+09 0.1199999973    0.120 -2.679  3.5250  5.248    0  0.000  0.463     0.00     0.00 -1  1.81e-16      0.00 7.000e-01 2.990e-01 1.100e-03 5.880e-04 3.170e-03 -1.000 1.000e-03 11.466 17.235 14.965 13.083 11.954 10.853 9.717 9.136 8.946
0.00100 1.00e+09 0.1400000006    0.140 -2.499  3.5413  5.200    0  0.000  0.463     0.00     0.00 -1  2.68e-16      0.00 7.000e-01 2.990e-01 1.100e-03 5.880e-04 3.170e-03 -1.000 1.000e-03 11.017 16.155 14.191 12.431 11.366 10.389 9.312 8.725 8.521
0.00100 1.00e+09 0.1599999964    0.160 -2.363  3.5516  5.164    0  0.000  0.463     0.00     0.00 -1  3.57e-16      0.00 7.000e-01 2.990e-01 1.100e-03 5.880e-04 3.170e-03 -1.000 1.000e-03 10.679 15.474 13.665 11.984 10.952 10.042 9.002 8.415 8.206
0.00100 1.00e+09 0.2000000179    0.200 -2.158  3.5658  5.112    0  0.000  0.463     0.00     0.00 -1  5.44e-16      0.00 7.000e-01 2.990e-01 1.100e-03 5.880e-04 3.170e-03 -1.000 1.000e-03 10.165 14.538 12.910 11.334 10.348 9.517 8.526 7.942 7.728
0.00100 1.00e+09 0.2174915671    0.218 -2.086  3.5702  5.095    0  0.000  0.463     0.00     0.00 -1  6.27e-16      0.00 7.000e-01 2.990e-01 1.100e-03 5.880e-04 3.170e-03 -1.000 1.000e-03 9.986 14.234 12.660 11.115 10.143 9.335 8.359 7.776 7.561
0.00100 1.00e+09 0.2500000000    0.250 -1.967  3.5774  5.065    0  0.000  0.463     0.00     0.00 -1  7.96e-16      0.00 7.000e-01 2.990e-01 1.100e-03 5.880e-04 3.170e-03 -1.000 1.000e-03 9.688 13.706 12.264 10.765 9.811 9.026 8.065 7.484 7.276
0.00100 1.00e+09 0.3000000417    0.300 -1.816  3.5861  5.027    0  0.000  0.463     0.00     0.00 -1  1.07e-15      0.00 7.000e-01 2.990e-01 1.100e-03 5.880e-04 3.170e-03 -1.000 1.000e-03 9.310 13.007 11.746 10.312 9.387 8.633 7.695 7.117 6.918
0.00100 1.00e+09 0.3499999940    0.350 -1.664  3.5931  4.970    0  0.000  0.463     0.00     0.00 -1   1.5e-15      0.00 7.000e-01 2.990e-01 1.100e-03 5.880e-04 3.170e-03 -1.000 1.000e-03 8.929 12.254 11.192 9.839 8.957 8.237 7.331 6.751 6.564
0.00100 1.00e+09 0.4000000060    0.400 -1.520  3.6034  4.926    0  0.000  0.463     0.00     0.00 -1  2.06e-15      0.00 7.000e-01 2.990e-01 1.100e-03 5.880e-04 3.170e-03 -1.000 1.000e-03 8.571 11.537 10.647 9.380 8.551 7.870 7.001 6.414 6.242
0.00100 1.00e+09 0.4500000179    0.450 -1.356  3.6187  4.874    0  0.000  0.463     0.00     0.00 -1  3.01e-15      0.00 7.000e-01 2.990e-01 1.100e-03 5.880e-04 3.170e-03 -1.000 1.000e-03 8.160 10.874 10.064 8.874 8.103 7.463 6.633 6.036 5.878
0.00100 1.00e+09 0.5000000000    0.500 -1.171  3.6431  4.832    0  0.000  0.463     0.00     0.00 -1   4.6e-15      0.00 7.000e-01 2.990e-01 1.100e-03 5.880e-04 3.170e-03 -1.000 1.000e-03 7.696 10.009 9.331 8.257 7.577 7.004 6.236 5.642 5.513
0.00100 1.00e+09 0.5464481711    0.546 -0.997  3.6695  4.803    0  0.000  0.463     0.00     0.00 -1  6.78e-15      0.00 7.000e-01 2.990e-01 1.100e-03 5.880e-04 3.170e-03 -1.000 1.000e-03 7.263 9.122 8.624 7.666 7.080 6.572 5.878 5.326 5.224
0.00100 1.00e+09 0.5500000715    0.550 -0.985  3.6714  4.801    0  0.000  0.463     0.00     0.00 -1  6.98e-15      0.00 7.000e-01 2.990e-01 1.100e-03 5.880e-04 3.170e-03 -1.000 1.000e-03 7.232 9.057 8.574 7.624 7.045 6.541 5.853 5.304 5.204
0.00100 1.00e+09 0.6000000238    0.600 -0.813  3.6956  4.764    0  0.000  0.463     0.00     0.00 -1  1.03e-14      0.00 7.000e-01 2.990e-01 1.100e-03 5.880e-04 3.170e-03 -1.000 1.000e-03 6.803 8.218 7.932 7.080 6.573 6.117 5.505 5.014 4.931
0.00100 1.00e+09 0.6356211901    0.636 -0.695  3.7133  4.741    0  0.000  0.463     0.00     0.00 -1  1.35e-14      0.00 7.000e-01 2.990e-01 1.100e-03 5.880e-04 3.170e-03 -1.000 1.000e-03 6.507 7.650 7.505 6.726 6.260 5.836 5.277 4.828 4.755
0.00100 1.00e+09 0.6499999762    0.650 -0.649  3.7203  4.733    0  0.000  0.463     0.00     0.00 -1   1.5e-14      0.00 7.000e-01 2.990e-01 1.100e-03 5.880e-04 3.170e-03 -1.000 1.000e-03 6.393 7.434 7.341 6.592 6.142 5.729 5.190 4.757 4.689
0.00100 1.00e+09 0.6999999881    0.700 -0.495  3.7447  4.708    0  0.000  0.463     0.00     0.00 -1  2.12e-14      0.00 7.000e-01 2.990e-01 1.100e-03 5.880e-04 3.170e-03 -1.000 1.000e-03 6.006 6.739 6.803 6.159 5.758 5.383 4.910 4.526 4.472
0.00100 1.00e+09 0.7500000000    0.750 -0.351  3.7673  4.685    0  0.000  0.463     0.00     0.00 -1  2.94e-14      0.00 7.000e-01 2.990e-01 1.100e-03 5.880e-04 3.170e-03 -1.000 1.000e-03 5.646 6.156 6.324 5.775 5.416 5.076 4.657 4.313 4.274
0.00100 1.00e+09 0.7819350958    0.782 -0.264  3.7782  4.660    0  0.000  0.463     0.00     0.00 -1  3.62e-14      0.00 7.000e-01 2.990e-01 1.100e-03 5.880e-04 3.170e-03 -1.000 9.999e-04 5.429 5.855 6.057 5.550 5.210 4.886 4.493 4.167 4.134
0.00100 1.00e+09 0.8000000119    0.800 -0.216  3.7842  4.646    0  0.000  0.463     0.00     0.00 -1  4.06e-14      0.00 7.000e-01 2.990e-01 1.100e-03 5.880e-04 3.170e-03 -1.000 1.000e-03 5.310 5.699 5.913 5.427 5.098 4.783 4.403 4.088 4.058
0.00100 1.00e+09 0.8500000238    0.850 -0.088  3.7991  4.603    0  0.000  0.463     0.00     0.00 -1  5.56e-14      0.00 7.000e-01 2.990e-01 1.100e-03 5.880e-04 3.170e-03 -1.000 1.000e-03 4.989 5.304 5.537 5.099 4.796 4.504 4.158 3.869 3.846
0.00100 1.00e+09 0.8938041925    0.893  0.019  3.8115  4.568    0  0.000  0.463     0.00     0.00 -1  7.23e-14      0.00 7.000e-01 2.990e-01 1.100e-03 5.880e-04 3.170e-03 -1.000 1.000e-03 4.722 4.992 5.226 4.825 4.543 4.270 3.952 3.687 3.669
0.00100 1.00e+09 0.8999999762    0.900  0.034  3.8132  4.563    0  0.000  0.463     0.00     0.00 -1  7.49e-14      0.00 7.000e-01 2.990e-01 1.100e-03 5.880e-04 3.170e-03 -1.000 1.000e-03 4.685 4.950 5.183 4.787 4.508 4.238 3.924 3.662 3.645
0.00100 1.00e+09 0.9480951428    0.948  0.145  3.8264  4.527    0  0.000  0.463     0.00     0.00 -1  9.82e-14      0.00 7.000e-01 2.990e-01 1.100e-03 5.880e-04 3.170e-03 -1.000 1.000e-03 4.407 4.641 4.862 4.501 4.245 3.996 3.713 3.477 3.464
0.00100 1.00e+09 0.9499999881    0.950  0.150  3.8269  4.526    0  0.000  0.463     0.00     0.00 -1  9.92e-14      0.00 7.000e-01 2.990e-01 1.100e-03 5.880e-04 3.170e-03 -1.000 1.000e-03 4.396 4.629 4.850 4.490 4.235 3.987 3.705 3.470 3.457
0.00100 1.00e+09 0.9998511672    1.000  0.259  3.8409  4.495    0  0.000  0.463     0.00     0.00 -1  1.29e-13      0.00 7.000e-01 2.990e-01 1.100e-03 5.880e-04 3.170e-03 -1.000 9.999e-04 4.123 4.333 4.531 4.206 3.976 3.752 3.502 3.296 3.285
0.00100 1.00e+09 1.0000000000    1.000  0.259  3.8409  4.495    0  0.000  0.463     0.00     0.00 -1  1.29e-13      0.00 7.000e-01 2.990e-01 1.100e-03 5.880e-04 3.170e-03 -1.000 9.999e-04 4.122 4.332 4.530 4.205 3.975 3.751 3.501 3.295 3.285
0.00100 1.00e+09 1.0115319490    1.012  0.284  3.8444  4.489    0  0.000  0.463     0.00     0.00 -1  1.34e-13      0.00 7.000e-01 2.990e-01 1.100e-03 5.880e-04 3.170e-03 -1.000 1.000e-03 4.061 4.267 4.458 4.141 3.918 3.700 3.458 3.259 3.249
0.00100 1.00e+09 1.0499999523    1.050  0.364  3.8559  4.471    0  0.000  0.463     0.00     0.00 -1  1.53e-13      0.00 7.000e-01 2.990e-01 1.100e-03 5.880e-04 3.170e-03 -1.000 9.999e-04 3.860 4.056 4.222 3.932 3.730 3.532 3.316 3.141 3.133
0.00100 1.00e+09 1.0619441271    1.062  0.388  3.8599  4.468    0  0.000  0.463     0.00     0.00 -1  1.58e-13      0.00 7.000e-01 2.990e-01 1.100e-03 5.880e-04 3.170e-03 -1.000 1.000e-03 3.800 3.993 4.150 3.869 3.674 3.483 3.277 3.110 3.102
0.00100 1.00e+09 1.0906403065    1.090  0.445  3.8695  4.461    0  0.000  0.463     0.00     0.00 -1  1.71e-13      0.00 7.000e-01 2.990e-01 1.100e-03 5.880e-04 3.170e-03 -1.000 1.000e-03 3.658 3.846 3.980 3.720 3.543 3.370 3.185 3.037 3.030
0.00100 1.00e+09 1.1000000238    1.099  0.463  3.8726  4.459    0  0.000  0.463     0.00     0.00 -1  1.76e-13      0.00 7.000e-01 2.990e-01 1.100e-03 5.880e-04 3.170e-03 -1.000 1.000e-03 3.613 3.799 3.926 3.672 3.501 3.334 3.156 3.015 3.007
0.00100 1.00e+09 1.1499999762    1.149  0.558  3.8918  4.460    0  0.000  0.463     0.00     0.00 -1  1.95e-13      0.00 7.000e-01 2.990e-01 1.100e-03 5.880e-04 3.170e-03 -1.000 1.000e-03 3.376 3.558 3.638 3.424 3.290 3.160 3.022 2.919 2.912
0.00100 1.00e+09 1.1965360641    1.196  0.642  3.9094  4.464    0  0.000  0.463     0.00     0.00 -1  2.12e-13      0.00 7.000e-01 2.990e-01 1.100e-03 5.880e-04 3.170e-03 -1.000 1.000e-03 3.165 3.345 3.386 3.210 3.110 3.012 2.911 2.838 2.833
0.00100 1.00e+09 1.2000000477    1.200  0.648  3.9107  4.464    0  0.000  0.463     0.00     0.00 -1  2.13e-13      0.00 7.000e-01 2.990e-01 1.100e-03 5.880e-04 3.170e-03 -1.000 1.000e-03 3.150 3.330 3.368 3.195 3.097 3.002 2.903 2.832 2.827
0.00100 1.00e+09 1.2332504988    1.233  0.707  3.9228  4.465    0  0.000  0.463     0.00     0.00 -1  2.24e-13      0.00 7.000e-01 2.990e-01 1.100e-03 5.880e-04 3.170e-03 -1.000 1.000e-03 3.003 3.184 3.201 3.055 2.979 2.905 2.829 2.776 2.771
0.00100 1.00e+09 1.2500000000    1.250  0.736  3.9288  4.466    0  0.000  0.463     0.00     0.00 -1   2.3e-13      0.00 7.000e-01 2.990e-01 1.100e-03 5.880e-04 3.170e-03 -1.000 1.000e-03 2.929 3.113 3.121 2.989 2.923 2.859 2.793 2.748 2.743
0.00100 1.00e+09 1.2878646851    1.288  0.802  3.9418  4.466    0  0.000  0.463     0.00     0.00 -1  2.41e-13      0.00 7.000e-01 2.990e-01 1.100e-03 5.880e-04 3.170e-03 -1.000 1.000e-03 2.766 2.956 2.952 2.850 2.805 2.760 2.714 2.684 2.679
0.00100 1.00e+09 1.2999999523    1.300  0.822  3.9459  4.465    0  0.000  0.463     0.00     0.00 -1  2.44e-13      0.00 7.000e-01 2.990e-01 1.100e-03 5.880e-04 3.170e-03 -1.000 1.000e-03 2.714 2.906 2.901 2.808 2.769 2.729 2.689 2.664 2.659
0.00100 1.00e+09 1.3090631962    1.309  0.838  3.9489  4.465    0  0.000  0.463     0.00     0.00 -1  2.46e-13      0.00 7.000e-01 2.990e-01 1.100e-03 5.880e-04 3.170e-03 -1.000 1.000e-03 2.675 2.869 2.863 2.776 2.741 2.705 2.670 2.647 2.643
0.00100 1.00e+09 1.3421914577    1.342  0.895  3.9595  4.461    0  0.000  0.463     0.00     0.00 -1  2.55e-13      0.00 7.000e-01 2.990e-01 1.100e-03 5.880e-04 3.170e-03 -1.000 1.000e-03 2.533 2.731 2.731 2.665 2.642 2.618 2.598 2.585 2.582
0.00100 1.00e+09 1.3500000238    1.350  0.908  3.9619  4.460    0  0.000  0.463     0.00     0.00 -1  2.58e-13      0.00 7.000e-01 2.990e-01 1.100e-03 5.880e-04 3.170e-03 -1.000 1.000e-03 2.500 2.699 2.700 2.638 2.619 2.598 2.581 2.569 2.567
0.00100 1.00e+09 1.3740137815    1.374  0.948  3.9689  4.456    0  0.000  0.463     0.00     0.00 -1  2.61e-13      0.00 7.000e-01 2.990e-01 1.100e-03 5.880e-04 3.170e-03 -1.000 9.999e-04 2.400 2.601 2.613 2.562 2.550 2.536 2.528 2.522 2.521
0.00100 1.00e+09 1.3999999762    1.400  0.991  3.9762  4.450    0  0.000  0.463     0.00     0.00 -1  2.66e-13      0.00 7.000e-01 2.990e-01 1.100e-03 5.880e-04 3.170e-03 -1.000 1.000e-03 2.292 2.495 2.518 2.480 2.474 2.468 2.470 2.469 2.469
0.00100 1.00e+09 1.4222364426    1.423  1.028  3.9821  4.444    0  0.000  0.463     0.00     0.00 -1  2.66e-13      0.00 7.000e-01 2.990e-01 1.100e-03 5.880e-04 3.170e-03 -1.000 1.000e-03 2.200 2.406 2.441 2.413 2.411 2.410 2.419 2.421 2.422
0.00100 1.00e+09 1.4466733932    1.447  1.068  3.9884  4.436    0  0.000  0.463     0.00     0.00 -1  2.67e-13      0.00 7.000e-01 2.990e-01 1.100e-03 5.880e-04 3.170e-03 -1.000 1.000e-03 2.100 2.308 2.356 2.338 2.340 2.344 2.361 2.367 2.370
0.00100 1.00e+09 1.4500000477    1.450  1.074  3.9892  4.435    0  0.000  0.463     0.00     0.00 -1  2.68e-13      0.00 7.000e-01 2.990e-01 1.100e-03 5.880e-04 3.170e-03 -1.000 9.999e-04 2.086 2.294 2.344 2.327 2.330 2.335 2.353 2.359 2.362
0.00100 1.00e+09 1.4886497259    1.489  1.138  3.9980  4.417    0  0.000  0.463     0.00     0.00 -1  2.63e-13      0.00 7.000e-01 2.990e-01 1.100e-03 5.880e-04 3.170e-03 -1.000 1.000e-03 1.925 2.137 2.210 2.206 2.214 2.225 2.254 2.263 2.269
0.00100 1.00e+09 1.5000000000    1.500  1.157  4.0005  4.411    0  0.000  0.463     0.00     0.00 -1  2.62e-13      0.00 7.000e-01 2.990e-01 1.100e-03 5.880e-04 3.170e-03 -1.000 1.000e-03 1.877 2.090 2.170 2.170 2.179 2.192 2.223 2.234 2.240
0.00100 1.00e+09 1.5323219299    1.533  1.210  4.0067  4.392    0  0.000  0.463     0.00     0.00 -1  2.48e-13      0.00 7.000e-01 2.990e-01 1.100e-03 5.880e-04 3.170e-03 -1.000 1.000e-03 1.745 1.960 2.058 2.067 2.079 2.096 2.134 2.147 2.155
0.00100 1.00e+09 1.5499999523    1.550  1.239  4.0097  4.380    0  0.000  0.463     0.00     0.00 -1  2.42e-13      0.00 7.000e-01 2.990e-01 1.100e-03 5.880e-04 3.170e-03 -1.000 1.000e-03 1.672 1.888 1.995 2.008 2.022 2.040 2.082 2.096 2.104
0.00100 1.00e+09 1.5640982389    1.564  1.263  4.0117  4.368    0  0.000  0.463     0.00     0.00 -1         0      0.00 7.000e-01 2.990e-01 1.100e-03 5.880e-04 3.170e-03 -1.000 1.000e-03 1.613 1.831 1.944 1.960 1.975 1.994 2.038 2.053 2.062
0.00100 1.00e+09 1.5924918652    1.592  1.310  4.0146  4.341    0  0.000  0.463     0.00     0.00 -1         0      0.00 7.000e-01 2.990e-01 1.100e-03 5.880e-04 3.170e-03 -1.000 1.000e-03 1.495 1.713 1.835 1.856 1.873 1.893 1.940 1.956 1.966
0.00100 1.00e+09 1.6000000238    1.600  1.323  4.0151  4.332    0  0.000  0.463     0.00     0.00 -1         0      0.00 7.000e-01 2.990e-01 1.100e-03 5.880e-04 3.170e-03 -1.000 1.000e-03 1.463 1.681 1.805 1.827 1.844 1.865 1.912 1.928 1.938
0.00100 1.00e+09 1.6175808907    1.618  1.352  4.0161  4.311    0  0.000  0.463     0.00     0.00 -1         0      0.00 7.000e-01 2.990e-01 1.100e-03 5.880e-04 3.170e-03 -1.000 1.000e-03 1.390 1.607 1.735 1.759 1.776 1.797 1.846 1.862 1.873
0.00100 1.00e+09 1.6390705109    1.639  1.388  4.0163  4.282    0  0.000  0.463     0.00     0.00 -1         0      0.00 7.000e-01 2.990e-01 1.100e-03 5.880e-04 3.170e-03 -1.000 1.000e-03 1.300 1.514 1.644 1.670 1.688 1.709 1.758 1.774 1.784
0.00100 1.00e+09 1.6499999762    1.650  1.407  4.0158  4.264    0  0.000  0.463     0.00     0.00 -1         0      0.00 7.000e-01 2.990e-01 1.100e-03 5.880e-04 3.170e-03 -1.000 1.000e-03 1.253 1.465 1.594 1.621 1.638 1.659 1.707 1.723 1.733
0.00100 1.00e+09 1.6634900570    1.663  1.430  4.0152  4.242    0  0.000  0.463     0.00     0.00 -1         0      0.00 7.000e-01 2.990e-01 1.100e-03 5.880e-04 3.170e-03 -1.000 1.000e-03 1.195 1.405 1.533 1.560 1.577 1.597 1.645 1.661 1.671
0.00100 1.00e+09 1.6866158247    1.686  1.470  4.0124  4.196    0  0.000  0.463     0.00     0.00 -1         0      0.00 7.000e-01 2.990e-01 1.100e-03 5.880e-04 3.170e-03 -1.000 1.000e-03 1.094 1.299 1.420 1.446 1.462 1.481 1.525 1.540 1.550
0.00100 1.00e+09 1.7000000477    1.700  1.494  4.0103  4.167    0  0.000  0.463     0.00     0.00 -1         0      0.00 7.000e-01 2.990e-01 1.100e-03 5.880e-04 3.170e-03 -1.000 1.000e-03 1.035 1.236 1.351 1.377 1.391 1.409 1.451 1.465 1.474
0.00100 1.00e+09 1.7003391981    1.700  1.495  4.0102  4.167    0  0.000  0.463     0.00     0.00 -1         0      0.00 7.000e-01 2.990e-01 1.100e-03 5.880e-04 3.170e-03 -1.000 1.000e-03 1.033 1.234 1.349 1.375 1.390 1.408 1.449 1.463 1.472
0.00100 1.00e+09 1.7201173306    1.720  1.530  4.0053  4.116    0  0.000  0.463     0.00     0.00 -1         0      0.00 7.000e-01 2.990e-01 1.100e-03 5.880e-04 3.170e-03 -1.000 1.000e-03 0.944 1.137 1.238 1.262 1.274 1.290 1.326 1.338 1.346
0.00100 1.00e+09 1.7373259068    1.737  1.562  3.9995  4.065    0  0.000  0.463     0.00     0.00 -1         0      0.00 7.000e-01 2.990e-01 1.100e-03 5.880e-04 3.170e-03 -1.000 1.000e-03 0.864 1.050 1.135 1.155 1.165 1.177 1.206 1.216 1.223
0.00100 1.00e+09 1.7500000000    1.749  1.587  3.9945  4.024    0  0.000  0.463     0.00     0.00 -1         0      0.00 7.000e-01 2.990e-01 1.100e-03 5.880e-04 3.170e-03 -1.000 9.999e-04 0.803 0.984 1.054 1.071 1.078 1.088 1.111 1.119 1.124
0.00100 1.00e+09 1.7513406277    1.751  1.589  3.9940  4.020    0  0.000  0.463     0.00     0.00 -1         0      0.00 7.000e-01 2.990e-01 1.100e-03 5.880e-04 3.170e-03 -1.000 9.999e-04 0.797 0.977 1.046 1.062 1.069 1.078 1.101 1.108 1.114
0.00100 1.00e+09 1.7651027441    1.764  1.617  3.9885  3.973    0  0.000  0.463     0.00     0.00 -1         0      0.00 7.000e-01 2.990e-01 1.100e-03 5.880e-04 3.170e-03 -1.000 9.999e-04 0.727 0.901 0.955 0.967 0.972 0.978 0.993 0.999 1.003
0.00100 1.00e+09 1.7761840820    1.776  1.642  3.9845  3.936    0  0.000  0.463     0.00     0.00 -1         0      0.00 7.000e-01 2.990e-01 1.100e-03 5.880e-04 3.170e-03 -1.000 1.000e-03 0.666 0.837 0.881 0.889 0.892 0.895 0.906 0.909 0.913
0.00100 1.00e+09 1.7817786932    1.781  1.663  3.9929  3.950    0  0.000  0.463     0.00     0.00 -1         0      0.00 7.000e-01 2.990e-01 1.100e-03 5.880e-04 3.170e-03 -1.000 1.000e-03 0.613 0.787 0.855 0.874 0.881 0.889 0.911 0.918 0.923
0.00100 1.00e+09 1.7846399546    1.784  1.677  4.0006  3.967    0  0.000  0.463     0.00     0.00 -1         0      0.00 7.000e-01 2.990e-01 1.100e-03 5.880e-04 3.170e-03 -1.000 1.000e-03 0.578 0.756 0.848 0.874 0.885 0.898 0.928 0.938 0.945
0.00100 1.00e+09 1.7857038975    1.785  1.690  4.0097  3.991    0  0.000  0.463     0.00     0.00 -1         0      0.00 7.000e-01 2.990e-01 1.100e-03 5.880e-04 3.170e-03 -1.000 1.000e-03 0.546 0.733 0.852 0.887 0.901 0.919 0.960 0.973 0.983
0.00100 1.00e+09 1.7862266302    1.786  1.703  4.0190  4.014    0  0.000  0.463     0.00     0.00 -1         0      0.00 7.000e-01 2.990e-01 1.100e-03 5.880e-04 3.170e-03 -1.000 1.000e-03 0.511 0.708 0.855 0.898 0.916 0.938 0.989 1.006 1.018
0.00100 1.00e+09 1.7865155935    1.786  1.719  4.0278  4.034    0  0.000  0.463     0.00     0.00 -1         0      0.00 7.000e-01 2.990e-01 1.100e-03 5.880e-04 3.170e-03 -1.000 1.000e-03 0.472 0.681 0.854 0.905 0.926 0.952 1.013 1.032 1.046
0.00100 1.00e+09 1.7866989374    1.786  1.735  4.0355  4.049    0  0.000  0.463     0.00     0.00 -1         0      0.00 7.000e-01 2.990e-01 1.100e-03 5.880e-04 3.170e-03 -1.000 1.000e-03 0.434 0.654 0.850 0.906 0.930 0.959 1.028 1.050 1.066
0.00100 1.00e+09 1.7867920399    1.786  1.743  4.0397  4.057    0  0.000  0.463     0.00     0.00 -1         0      0.00 7.000e-01 2.990e-01 1.100e-03 5.880e-04 3.170e-03 -1.000 1.000e-03 0.412 0.639 0.848 0.906 0.931 0.963 1.036 1.059 1.076
0.00100 1.00e+09 1.7868688107    1.786  1.726  4.0332  4.049    0  0.000  0.463     0.00     0.00 -1         0      0.00 7.000e-01 2.990e-01 1.100e-03 5.880e-04 3.170e-03 -1.000 1.000e-03 0.455 0.672 0.860 0.915 0.938 0.966 1.033 1.054 1.069
0.00100 1.00e+09 1.7869530916    1.786  1.716  4.0237  4.021    0  0.000  0.463     0.00     0.00 -1         0      0.00 7.000e-01 2.990e-01 1.100e-03 5.880e-04 3.170e-03 -1.000 1.000e-03 0.480 0.683 0.844 0.891 0.911 0.935 0.992 1.010 1.023
0.00100 1.00e+09 1.7870548964    1.786  1.724  4.0129  3.970    0  0.000  0.463     0.00     0.00 -1         0      0.00 7.000e-01 2.990e-01 1.100e-03 5.880e-04 3.170e-03 -1.000 9.999e-04 0.461 0.649 0.779 0.818 0.834 0.853 0.897 0.912 0.922
0.00100 1.00e+09 1.7871984243    1.786  1.743  4.0016  3.905    0  0.000  0.463     0.00     0.00 -1         0      0.00 7.000e-01 2.990e-01 1.100e-03 5.880e-04 3.170e-03 -1.000 9.999e-04 0.412 0.586 0.684 0.714 0.725 0.738 0.770 0.780 0.788
0.00100 1.00e+09 1.7873827219    1.787  1.760  3.9902  3.843    0  0.000  0.463     0.00     0.00 -1         0      0.00 7.000e-01 2.990e-01 1.100e-03 5.880e-04 3.170e-03 -1.000 1.000e-03 0.371 0.533 0.598 0.619 0.625 0.632 0.650 0.656 0.661
0.00100 1.00e+09 1.7876104116    1.787  1.771  3.9787  3.786    0  0.000  0.463     0.00     0.00 -1         0      0.00 7.000e-01 2.990e-01 1.100e-03 5.880e-04 3.170e-03 -1.000 1.000e-03 0.343 0.500 0.533 0.542 0.542 0.541 0.545 0.545 0.547
0.00100 1.00e+09 1.7878828049    1.787  1.779  3.9671  3.732    0  0.000  0.463     0.00     0.00 -1         0      0.00 7.000e-01 2.990e-01 1.100e-03 5.880e-04 3.170e-03 -1.000 1.000e-03 0.323 0.479 0.481 0.476 0.469 0.459 0.447 0.441 0.441
0.00100 1.00e+09 1.7881914377    1.787  1.784  3.9553  3.679    0  0.000  0.463     0.00     0.00 -1         0      0.00 7.000e-01 2.990e-01 1.100e-03 5.880e-04 3.170e-03 -1.000 1.000e-03 0.309 0.465 0.440 0.419 0.403 0.384 0.355 0.342 0.339
0.00100 1.00e+09 1.7885203362    1.788  1.788  3.9434  3.627    0  0.000  0.463     0.00     0.00 -1         0      0.00 7.000e-01 2.990e-01 1.100e-03 5.880e-04 3.170e-03 -1.000 9.999e-04 0.299 0.458 0.409 0.371 0.345 0.313 0.266 0.245 0.239
0.00100 1.00e+09 1.7888507843    1.788  1.791  3.9313  3.576    0  0.000  0.463     0.00     0.00 -1         0      0.00 7.000e-01 2.990e-01 1.100e-03 5.880e-04 3.170e-03 -1.000 1.000e-03 0.292 0.457 0.389 0.332 0.292 0.247 0.182 0.149 0.141
0.00100 1.00e+09 1.7891678810    1.788  1.793  3.9191  3.526    0  0.000  0.463     0.00     0.00 -1         0      0.00 7.000e-01 2.990e-01 1.100e-03 5.880e-04 3.170e-03 -1.000 1.000e-03 0.288 0.461 0.381 0.303 0.247 0.185 0.100 0.055 0.044
0.00100 1.00e+09 1.7894624472    1.789  1.794  3.9068  3.476    0  0.000  0.463     0.00     0.00 -1         0      0.00 7.000e-01 2.990e-01 1.100e-03 5.880e-04 3.170e-03 -1.000 1.000e-03 0.286 0.470 0.390 0.283 0.209 0.129 0.022 -0.039 -0.051
0.00100 1.00e+09 1.7897309065    1.789  1.794  3.8946  3.427    0  0.000  0.463     0.00     0.00 -1         0      0.00 7.000e-01 2.990e-01 1.100e-03 5.880e-04 3.170e-03 -1.000 1.000e-03 0.285 0.482 0.414 0.274 0.178 0.078 -0.053 -0.131 -0.143
0.00100 1.00e+09 1.7899729013    1.789  1.793  3.8822  3.379    0  0.000  0.463     0.00     0.00 -1         0      0.00 7.000e-01 2.990e-01 1.100e-03 5.880e-04 3.170e-03 -1.000 1.000e-03 0.287 0.498 0.446 0.274 0.154 0.032 -0.122 -0.220 -0.234
0.00100 1.00e+09 1.7901899815    1.789  1.792  3.8699  3.331    0  0.000  0.463     0.00     0.00 -1         0      0.00 7.000e-01 2.990e-01 1.100e-03 5.880e-04 3.170e-03 -1.000 1.000e-03 0.291 0.518 0.485 0.281 0.137 -0.007 -0.188 -0.308 -0.323
0.00100 1.00e+09 1.7903845310    1.790  1.790  3.8576  3.283    0  0.000  0.463     0.00     0.00 -1         0      0.00 7.000e-01 2.990e-01 1.100e-03 5.880e-04 3.170e-03 -1.000 1.000e-03 0.296 0.541 0.529 0.294 0.125 -0.043 -0.250 -0.394 -0.410
0.00100 1.00e+09 1.7905594110    1.790  1.787  3.8453  3.237    0  0.000  0.463     0.00     0.00 -1         0      0.00 7.000e-01 2.990e-01 1.100e-03 5.880e-04 3.170e-03 -1.000 1.000e-03 0.302 0.569 0.577 0.311 0.118 -0.074 -0.308 -0.478 -0.496
0.00100 1.00e+09 1.7907176018    1.790  1.784  3.8330  3.191    0  0.000  0.463     0.00     0.00 -1         0      0.00 7.000e-01 2.990e-01 1.100e-03 5.880e-04 3.170e-03 -1.000 1.000e-03 0.310 0.601 0.629 0.331 0.114 -0.101 -0.364 -0.559 -0.579
0.00100 1.00e+09 1.7908620834    1.790  1.780  3.8209  3.146    0  0.000  0.463     0.00     0.00 -1         0      0.00 7.000e-01 2.990e-01 1.100e-03 5.880e-04 3.170e-03 -1.000 1.000e-03 0.319 0.640 0.685 0.353 0.112 -0.125 -0.416 -0.638 -0.660
0.00100 1.00e+09 1.7909984589    1.790  1.776  3.8093  3.104    0  0.000  0.463     0.00     0.00 -1         0      0.00 7.000e-01 2.990e-01 1.100e-03 5.880e-04 3.170e-03 -1.000 1.000e-03 0.331 0.684 0.743 0.379 0.115 -0.143 -0.462 -0.710 -0.734
0.00100 1.00e+09 1.7911424637    1.790  1.770  3.7983  3.066    0  0.000  0.463     0.00     0.00 -1         0      0.00 7.000e-01 2.990e-01 1.100e-03 5.880e-04 3.170e-03 -1.000 1.000e-03 0.346 0.737 0.805 0.409 0.124 -0.155 -0.501 -0.774 -0.800
0.00100 1.00e+09 1.7913156748    1.791  1.760  3.7874  3.033    0  0.000  0.463     0.00     0.00 -1         0      0.00 7.000e-01 2.990e-01 1.100e-03 5.880e-04 3.170e-03 -1.000 1.000e-03 0.369 0.805 0.879 0.448 0.141 -0.156 -0.529 -0.827 -0.855
0.00100 1.00e+09 1.7915371656    1.791  1.743  3.7763  3.005    0  0.000  0.463     0.00     0.00 -1         0      0.00 7.000e-01 2.990e-01 1.100e-03 5.880e-04 3.170e-03 -1.000 1.000e-03 0.411 0.902 0.976 0.506 0.179 -0.138 -0.540 -0.863 -0.894
0.00100 1.00e+09 1.7918094397    1.791  1.715  3.7649  2.988    0  0.000  0.463     0.00     0.00 -1         0      0.00 7.000e-01 2.990e-01 1.100e-03 5.880e-04 3.170e-03 -1.000 1.000e-03 0.483 1.041 1.108 0.596 0.246 -0.090 -0.521 -0.871 -0.906
0.00100 1.00e+09 1.7920360565    1.791  1.689  3.7568  2.981    0  0.000  0.463     0.00     0.00 -1         0      0.00 7.000e-01 2.990e-01 1.100e-03 5.880e-04 3.170e-03 -1.000 1.000e-03 0.547 1.164 1.219 0.675 0.309 -0.041 -0.493 -0.862 -0.900
0.00100 1.00e+09 1.7923337221    1.792  1.663  3.7473  2.969    0  0.000  0.463     0.00     0.00 -1         0      0.00 7.000e-01 2.990e-01 1.100e-03 5.880e-04 3.170e-03 -1.000 1.000e-03 0.612 1.306 1.342 0.757 0.372 0.006 -0.471 -0.862 -0.904
0.00100 1.00e+09 1.7925915718    1.792  1.684  3.7416  2.926    0  0.000  0.463     0.00     0.00 -1         0      0.00 7.000e-01 2.990e-01 1.100e-03 5.880e-04 3.170e-03 -1.000 1.000e-03 0.561 1.306 1.324 0.715 0.320 -0.056 -0.548 -0.952 -0.996
0.00100 1.00e+09 1.7928490639    1.792  1.709  3.7368  2.882    0  0.000  0.463     0.00     0.00 -1         0      0.00 7.000e-01 2.990e-01 1.100e-03 5.880e-04 3.170e-03 -1.000 1.000e-03 0.498 1.291 1.292 0.662 0.257 -0.127 -0.632 -1.047 -1.094
0.00100 1.00e+09 1.7931703329    1.792  1.749  3.7329  2.826    0  0.000  0.463     0.00     0.00 -1         0      0.00 7.000e-01 2.990e-01 1.100e-03 5.880e-04 3.170e-03 -1.000 1.000e-03 0.398 1.237 1.218 0.569 0.157 -0.234 -0.750 -1.174 -1.222
0.00100 1.00e+09 1.7934910059    1.793  1.789  3.7300  2.775    0  0.000  0.463     0.00     0.00 -1         0      0.00 7.000e-01 2.990e-01 1.100e-03 5.880e-04 3.170e-03 -1.000 1.000e-03 0.298 1.172 1.137 0.475 0.057 -0.338 -0.862 -1.293 -1.343
0.00100 1.00e+09 1.7938109636    1.793  1.828  3.7275  2.726    0  0.000  0.463     0.00     0.00 -1         0      0.00 7.000e-01 2.990e-01 1.100e-03 5.880e-04 3.170e-03 -1.000 1.000e-03 0.200 1.104 1.056 0.382 -0.041 -0.441 -0.972 -1.408 -1.459
0.00100 1.00e+09 1.7941305637    1.793  1.867  3.7253  2.678    0  0.000  0.463     0.00     0.00 -1         0      0.00 7.000e-01 2.990e-01 1.100e-03 5.880e-04 3.170e-03 -1.000 1.000e-03 0.102 1.034 0.974 0.289 -0.138 -0.542 -1.079 -1.521 -1.573
0.00100 1.00e+09 1.7944493294    1.794  1.906  3.7232  2.631    0  0.000  0.463     0.00     0.00 -1         0      0.00 7.000e-01 2.990e-01 1.100e-03 5.880e-04 3.170e-03 -1.000 9.999e-04 0.005 0.964 0.892 0.197 -0.234 -0.642 -1.185 -1.632 -1.685
0.00100 1.00e+09 1.7945767641    1.794  1.921  3.7224  2.612    0  0.000  0.463     0.00     0.00 -1         0      0.00 7.000e-01 2.990e-01 1.100e-03 5.880e-04 3.170e-03 -1.000 1.000e-03 -0.033 0.937 0.859 0.161 -0.272 -0.681 -1.227 -1.676 -1.729
0.00100 1.00e+09 1.7947984934    1.794  1.948  3.7210  2.580    0  0.000  0.463     0.00     0.00 -1         0      0.00 7.000e-01 2.990e-01 1.100e-03 5.880e-04 3.170e-03 -1.000 1.000e-03 -0.099 0.891 0.804 0.098 -0.338 -0.749 -1.299 -1.752 -1.805
0.00100 1.00e+09 1.7949463129    1.794  1.965  3.7200  2.559    0  0.000  0.463     0.00     0.00 -1         0      0.00 7.000e-01 2.990e-01 1.100e-03 5.880e-04 3.170e-03 -1.000 1.000e-03 -0.143 0.861 0.767 0.057 -0.381 -0.794 -1.347 -1.803 -1.856
0.00100 1.00e+09 1.7950726748    1.794  1.980  3.7192  2.540    0  0.000  0.463     0.00     0.00 -1         0      0.00 7.000e-01 2.990e-01 1.100e-03 5.880e-04 3.170e-03 -1.000 1.000e-03 -0.181 0.835 0.736 0.022 -0.418 -0.832 -1.387 -1.845 -1.899
0.00100 1.00e+09 1.7953881025    1.795  2.017  3.7172  2.495    0  0.000  0.463     0.00     0.00 -1         0      0.00 7.000e-01 2.990e-01 1.100e-03 5.880e-04 3.170e-03 -1.000 1.000e-03 -0.274 0.771 0.658 -0.066 -0.510 -0.928 -1.489 -1.951 -2.006
0.00100 1.00e+09 1.7957028151    1.795  2.054  3.7153  2.451    0  0.000  0.463     0.00     0.00 -1         0      0.00 7.000e-01 2.990e-01 1.100e-03 5.880e-04 3.170e-03 -1.000 1.000e-03 -0.366 0.708 0.581 -0.153 -0.601 -1.023 -1.590 -2.057 -2.113
0.00100 1.00e+09 1.7960467339    1.795  2.094  3.7131  2.402    0  0.000  0.463     0.00     0.00 -1         0      0.00 7.000e-01 2.990e-01 1.100e-03 5.880e-04 3.170e-03 -1.000 1.000e-03 -0.466 0.641 0.498 -0.248 -0.700 -1.126 -1.699 -2.172 -2.228
0.00100 1.00e+09 1.7963416576    1.796  2.129  3.7113  2.361    0  0.000  0.463     0.00     0.00 -1         0      0.00 7.000e-01 2.990e-01 1.100e-03 5.880e-04 3.170e-03 -1.000 9.999e-04 -0.551 0.584 0.428 -0.328 -0.784 -1.213 -1.791 -2.269 -2.326
0.00100 1.00e+09 1.7966412306    1.796  2.163  3.7094  2.319    0  0.000  0.463     0.00     0.00 -1         0      0.00 7.000e-01 2.990e-01 1.100e-03 5.880e-04 3.170e-03 -1.000 1.000e-03 -0.637 0.527 0.357 -0.409 -0.869 -1.301 -1.885 -2.368 -2.426
0.00100 1.00e+09 1.7969313860    1.796  2.196  3.7076  2.279    0  0.000  0.463     0.00     0.00 -1         0      0.00 7.000e-01 2.990e-01 1.100e-03 5.880e-04 3.170e-03 -1.000 1.000e-03 -0.720 0.475 0.290 -0.486 -0.951 -1.386 -1.976 -2.463 -2.522
0.00100 1.00e+09 1.7972389460    1.796  2.231  3.7057  2.236    0  0.000  0.463     0.00     0.00 -1         0      0.00 7.000e-01 2.990e-01 1.100e-03 5.880e-04 3.170e-03 -1.000 1.000e-03 -0.807 0.421 0.220 -0.567 -1.036 -1.475 -2.071 -2.563 -2.622
0.00100 1.00e+09 1.7975291014    1.797  2.263  3.7038  2.197    0  0.000  0.463     0.00     0.00 -1         0      0.00 7.000e-01 2.990e-01 1.100e-03 5.880e-04 3.170e-03 -1.000 1.000e-03 -0.888 0.372 0.156 -0.641 -1.115 -1.557 -2.158 -2.656 -2.715
0.00100 1.00e+09 1.7978414297    1.797  2.298  3.7019  2.154    0  0.000  0.463     0.00     0.00 -1         0      0.00 7.000e-01 2.990e-01 1.100e-03 5.880e-04 3.170e-03 -1.000 1.000e-03 -0.975 0.318 0.087 -0.722 -1.200 -1.647 -2.254 -2.756 -2.817
0.00100 1.00e+09 1.7981412411    1.797  2.332  3.6998  2.112    0  0.000  0.463     0.00     0.00 -1         0      0.00 7.000e-01 2.990e-01 1.100e-03 5.880e-04 3.170e-03 -1.000 1.000e-03 -1.059 0.268 0.021 -0.800 -1.283 -1.733 -2.346 -2.854 -2.915
0.00100 1.00e+09 1.7984457016    1.798  2.365  3.6978  2.071    0  0.000  0.463     0.00     0.00 -1         0      0.00 7.000e-01 2.990e-01 1.100e-03 5.880e-04 3.170e-03 -1.000 1.000e-03 -1.143 0.219 -0.045 -0.877 -1.365 -1.819 -2.439 -2.952 -3.014
0.00100 1.00e+09 1.7987473011    1.798  2.397  3.6959  2.031    0  0.000  0.463     0.00     0.00 -1         0      0.00 7.000e-01 2.990e-01 1.100e-03 5.880e-04 3.170e-03 -1.000 1.000e-03 -1.224 0.172 -0.107 -0.951 -1.444 -1.902 -2.527 -3.045 -3.108
0.00100 1.00e+09 1.7990399599    1.798  2.427  3.6940  1.994    0  0.000  0.463     0.00     0.00 -1         0      0.00 7.000e-01 2.990e-01 1.100e-03 5.880e-04 3.170e-03 -1.000 1.000e-03 -1.297 0.134 -0.163 -1.018 -1.514 -1.976 -2.607 -3.131 -3.194
0.00100 1.00e+09 1.7990853786    1.798  2.382  3.6969  2.050    0  0.000  0.463     0.00     0.00 -1         0      0.00 7.000e-01 2.990e-01 1.100e-03 5.880e-04 3.170e-03 -1.000 1.000e-03 -1.185 0.192 -0.079 -0.916 -1.406 -1.862 -2.484 -3.000 -3.062
0.00100 1.00e+09 1.7990943193    1.798  2.373  3.6975  2.062    0  0.000  0.463     0.00     0.00 -1         0      0.00 7.000e-01 2.990e-01 1.100e-03 5.880e-04 3.170e-03 -1.000 1.000e-03 -1.162 0.205 -0.061 -0.895 -1.383 -1.838 -2.458 -2.972 -3.034
0.00100 1.00e+09 1.7990984917    1.798  2.364  3.6981  2.073    0  0.000  0.463     0.00     0.00 -1         0      0.00 7.000e-01 2.990e-01 1.100e-03 5.880e-04 3.170e-03 -1.000 9.999e-04 -1.140 0.218 -0.044 -0.875 -1.362 -1.816 -2.435 -2.947 -3.009
0.00100 1.00e+09 1.7991018295    1.798  2.352  3.6988  2.089    0  0.000  0.463     0.00     0.00 -1         0      0.00 7.000e-01 2.990e-01 1.100e-03 5.880e-04 3.170e-03 -1.000 1.000e-03 -1.109 0.237 -0.020 -0.846 -1.332 -1.784 -2.400 -2.911 -2.972
0.00100 1.00e+09 1.7991063595    1.798  2.335  3.6998  2.109    0  0.000  0.463     0.00     0.00 -1         0      0.00 7.000e-01 2.990e-01 1.100e-03 5.880e-04 3.170e-03 -1.000 1.000e-03 -1.068 0.261 0.012 -0.809 -1.292 -1.742 -2.355 -2.863 -2.925
0.00100 1.00e+09 1.7991117239    1.798  2.317  3.7009  2.132    0  0.000  0.463     0.00     0.00 -1         0      0.00 7.000e-01 2.990e-01 1.100e-03 5.880e-04 3.170e-03 -1.000 1.000e-03 -1.022 0.288 0.048 -0.766 -1.246 -1.694 -2.304 -2.809 -2.870
0.00100 1.00e+09 1.7991186380    1.798  2.294  3.7023  2.160    0  0.000  0.463     0.00     0.00 -1         0      0.00 7.000e-01 2.990e-01 1.100e-03 5.880e-04 3.170e-03 -1.000 1.000e-03 -0.966 0.320 0.092 -0.714 -1.191 -1.637 -2.243 -2.744 -2.804
0.00100 1.00e+09 1.7991278172    1.798  2.271  3.7037  2.188    0  0.000  0.463     0.00     0.00 -1         0      0.00 7.000e-01 2.990e-01 1.100e-03 5.880e-04 3.170e-03 -1.000 1.000e-03 -0.908 0.355 0.137 -0.661 -1.135 -1.578 -2.179 -2.677 -2.737
0.00100 1.00e+09 1.7991405725    1.798  2.246  3.7052  2.220    0  0.000  0.463     0.00     0.00 -1         0      0.00 7.000e-01 2.990e-01 1.100e-03 5.880e-04 3.170e-03 -1.000 1.000e-03 -0.844 0.393 0.188 -0.602 -1.073 -1.512 -2.109 -2.603 -2.662
0.00100 1.00e+09 1.7991586924    1.798  2.217  3.7069  2.255    0  0.000  0.463     0.00     0.00 -1         0      0.00 7.000e-01 2.990e-01 1.100e-03 5.880e-04 3.170e-03 -1.000 1.000e-03 -0.772 0.436 0.245 -0.536 -1.002 -1.439 -2.031 -2.520 -2.579
0.00100 1.00e+09 1.7991846800    1.798  2.186  3.7087  2.293    0  0.000  0.463     0.00     0.00 -1         0      0.00 7.000e-01 2.990e-01 1.100e-03 5.880e-04 3.170e-03 -1.000 1.000e-03 -0.695 0.483 0.306 -0.464 -0.927 -1.360 -1.947 -2.431 -2.489
0.00100 1.00e+09 1.7992227077    1.798  2.156  3.7104  2.330    0  0.000  0.463     0.00     0.00 -1         0      0.00 7.000e-01 2.990e-01 1.100e-03 5.880e-04 3.170e-03 -1.000 1.000e-03 -0.621 0.529 0.365 -0.395 -0.854 -1.284 -1.865 -2.345 -2.403
0.00100 1.00e+09 1.7992780209    1.799  2.125  3.7122  2.368    0  0.000  0.463     0.00     0.00 -1         0      0.00 7.000e-01 2.990e-01 1.100e-03 5.880e-04 3.170e-03 -1.000 1.000e-03 -0.543 0.580 0.429 -0.322 -0.777 -1.204 -1.780 -2.255 -2.312
0.00100 1.00e+09 1.7993574142    1.799  2.093  3.7140  2.408    0  0.000  0.463     0.00     0.00 -1         0      0.00 7.000e-01 2.990e-01 1.100e-03 5.880e-04 3.170e-03 -1.000 1.000e-03 -0.462 0.632 0.495 -0.246 -0.697 -1.121 -1.691 -2.162 -2.218
0.00100 1.00e+09 1.7994749546    1.799  2.061  3.7159  2.448    0  0.000  0.463     0.00     0.00 -1         0      0.00 7.000e-01 2.990e-01 1.100e-03 5.880e-04 3.170e-03 -1.000 1.000e-03 -0.382 0.685 0.561 -0.171 -0.617 -1.038 -1.603 -2.069 -2.124
0.00100 1.00e+09 1.7997210026    1.799  2.050  3.7165  2.461    0  0.000  0.463     0.00     0.00 -1         0      0.00 7.000e-01 2.990e-01 1.100e-03 5.880e-04 3.170e-03 -1.000 1.000e-03 -0.356 0.702 0.582 -0.146 -0.592 -1.011 -1.574 -2.039 -2.094
0.00100 1.00e+09 1.7999999523    1.799  2.038  3.7172  2.475    0  0.000  0.463     0.00     0.00 -1         0      0.00 7.000e-01 2.990e-01 1.100e-03 5.880e-04 3.170e-03 -1.000 1.000e-03 -0.326 0.722 0.607 -0.118 -0.562 -0.980 -1.541 -2.004 -2.059
0.00100 1.00e+09 1.8009392023    1.800  1.997  3.7195  2.526    0  0.000  0.463     0.00     0.00 -1         0      0.00 7.000e-01 2.990e-01 1.100e-03 5.880e-04 3.170e-03 -1.000 1.000e-03 -0.224 0.789 0.690 -0.022 -0.461 -0.875 -1.429 -1.886 -1.940
0.00100 1.00e+09 1.8014736176    1.801  1.965  3.7214  2.567    0  0.000  0.463     0.00     0.00 -1         0      0.00 7.000e-01 2.990e-01 1.100e-03 5.880e-04 3.170e-03 -1.000 1.000e-03 -0.141 0.844 0.758 0.055 -0.380 -0.791 -1.339 -1.791 -1.844
0.00100 1.00e+09 1.8022875786    1.802  1.928  3.7236  2.612    0  0.000  0.463     0.00     0.00 -1         0      0.00 7.000e-01 2.990e-01 1.100e-03 5.880e-04 3.170e-03 -1.000 1.000e-03 -0.049 0.904 0.833 0.141 -0.290 -0.696 -1.238 -1.684 -1.736
0.00100 1.00e+09 1.8033165932    1.803  1.886  3.7263  2.665    0  0.000  0.463     0.00     0.00 -1         0      0.00 7.000e-01 2.990e-01 1.100e-03 5.880e-04 3.170e-03 -1.000 1.000e-03 0.054 0.976 0.919 0.239 -0.186 -0.588 -1.123 -1.562 -1.614
0.00100 1.00e+09 1.8047670126    1.804  1.840  3.7295  2.724    0  0.000  0.463     0.00     0.00 -1         0      0.00 7.000e-01 2.990e-01 1.100e-03 5.880e-04 3.170e-03 -1.000 1.000e-03 0.169 1.052 1.011 0.347 -0.072 -0.469 -0.994 -1.426 -1.476
0.00100 1.00e+09 1.8070714474    1.806  1.798  3.7342  2.785    0  0.000  0.463     0.00     0.00 -1         0      0.00 7.000e-01 2.990e-01 1.100e-03 5.880e-04 3.170e-03 -1.000 1.000e-03 0.274 1.101 1.083 0.442 0.032 -0.356 -0.868 -1.289 -1.337
0.00100 1.00e+09 1.8092598915    1.809  1.775  3.7383  2.826    0  0.000  0.463     0.00     0.00 -1         0      0.00 7.000e-01 2.990e-01 1.100e-03 5.880e-04 3.170e-03 -1.000 1.000e-03 0.333 1.112 1.114 0.492 0.091 -0.291 -0.791 -1.202 -1.248
0.00100 1.00e+09 1.8131856918    1.812  1.804  3.7462  2.829    0  0.000  0.463     0.00     0.00 -1         0      0.00 7.000e-01 2.990e-01 1.100e-03 5.880e-04 3.170e-03 -1.000 1.000e-03 0.261 0.971 0.991 0.404 0.019 -0.349 -0.829 -1.221 -1.263
0.00100 1.00e+09 1.8193051815    1.819  1.843  3.7498  2.806    0  0.000  0.463     0.00     0.00 -1         0      0.00 7.000e-01 2.990e-01 1.100e-03 5.880e-04 3.170e-03 -1.000 1.000e-03 0.163 0.844 0.870 0.299 -0.079 -0.441 -0.911 -1.294 -1.335
0.00100 1.00e+09 1.8300536871    1.829  1.899  3.7523  2.763    0  0.000  0.463     0.00     0.00 -1         0      0.00 7.000e-01 2.990e-01 1.100e-03 5.880e-04 3.170e-03 -1.000 1.000e-03 0.023 0.685 0.712 0.153 -0.220 -0.577 -1.040 -1.417 -1.457
0.00100 1.00e+09 1.8416489363    1.841  1.957  3.7542  2.715    0  0.000  0.463     0.00     0.00 -1         0      0.00 7.000e-01 2.990e-01 1.100e-03 5.880e-04 3.170e-03 -1.000 1.000e-03 -0.122 0.529 0.553 0.003 -0.365 -0.719 -1.177 -1.548 -1.588
0.00100 1.00e+09 1.8500000238    1.849  1.998  3.7554  2.680    0  0.000  0.463     0.00     0.00 -1         0      0.00 7.000e-01 2.990e-01 1.100e-03 5.880e-04 3.170e-03 -1.000 1.000e-03 -0.226 0.419 0.441 -0.104 -0.470 -0.821 -1.276 -1.644 -1.684
0.00100 1.00e+09 1.8538603783    1.853  2.017  3.7559  2.664    0  0.000  0.463     0.00     0.00 -1         0      0.00 7.000e-01 2.990e-01 1.100e-03 5.880e-04 3.170e-03 -1.000 1.000e-03 -0.274 0.368 0.389 -0.153 -0.518 -0.868 -1.321 -1.688 -1.727
0.00100 1.00e+09 1.8654935360    1.865  2.074  3.7575  2.616    0  0.000  0.463     0.00     0.00 -1         0      0.00 7.000e-01 2.990e-01 1.100e-03 5.880e-04 3.170e-03 -1.000 1.000e-03 -0.416 0.218 0.235 -0.300 -0.661 -1.008 -1.457 -1.819 -1.858
0.00100 1.00e+09 1.8775671721    1.877  2.131  3.7585  2.566    0  0.000  0.463     0.00     0.00 -1         0      0.00 7.000e-01 2.990e-01 1.100e-03 5.880e-04 3.170e-03 -1.000 1.000e-03 -0.558 0.071 0.084 -0.445 -0.804 -1.149 -1.595 -1.955 -1.993
0.00100 1.00e+09 1.8857115507    1.885  2.168  3.7585  2.531    0  0.000  0.463     0.00     0.00 -1         0      0.00 7.000e-01 2.990e-01 1.100e-03 5.880e-04 3.170e-03 -1.000 1.000e-03 -0.651 -0.019 -0.010 -0.539 -0.897 -1.242 -1.688 -2.047 -2.086
0.00100 1.00e+09 1.8875554800    1.887  2.176  3.7579  2.522    0  0.000  0.463     0.00     0.00 -1         0      0.00 7.000e-01 2.990e-01 1.100e-03 5.880e-04 3.170e-03 -1.000 1.000e-03 -0.669 -0.033 -0.025 -0.557 -0.916 -1.262 -1.710 -2.070 -2.109
0.00100 1.00e+09 1.8985406160    1.898  2.218  3.7521  2.459    0  0.000  0.463     0.00     0.00 -1         0      0.00 7.000e-01 2.990e-01 1.100e-03 5.880e-04 3.170e-03 -1.000 1.000e-03 -0.774 -0.093 -0.097 -0.651 -1.023 -1.379 -1.841 -2.215 -2.256
0.00100 1.00e+09 1.8999999762    1.900  2.223  3.7511  2.450    0  0.000  0.463     0.00     0.00 -1         0      0.00 7.000e-01 2.990e-01 1.100e-03 5.880e-04 3.170e-03 -1.000 1.000e-03 -0.788 -0.097 -0.104 -0.663 -1.036 -1.394 -1.859 -2.235 -2.276
0.00100 1.00e+09 1.9031616449    1.903  2.234  3.7485  2.429    0  0.000  0.463     0.00     0.00 -1         0      0.00 7.000e-01 2.990e-01 1.100e-03 5.880e-04 3.170e-03 -1.000 1.000e-03 -0.816 -0.101 -0.116 -0.686 -1.065 -1.427 -1.899 -2.282 -2.324
0.00100 1.00e+09 1.9032225609    1.903  2.236  3.7488  2.428    0  0.000  0.463     0.00     0.00 -1         0      0.00 7.000e-01 2.990e-01 1.100e-03 5.880e-04 3.170e-03 -1.000 1.000e-03 -0.821 -0.108 -0.123 -0.692 -1.070 -1.431 -1.903 -2.284 -2.327
0.00100 1.00e+09 1.9048289061    1.904  2.240  3.7481  2.422    0  0.000  0.463     0.00     0.00 -1         0      0.00 7.000e-01 2.990e-01 1.100e-03 5.880e-04 3.170e-03 -1.000 1.000e-03 -0.830 -0.112 -0.128 -0.700 -1.079 -1.442 -1.915 -2.298 -2.341
0.00100 1.00e+09 1.9083287716    1.908  2.241  3.7397  2.389    0  0.000  0.463     0.00     0.00 -1         0      0.00 7.000e-01 2.990e-01 1.100e-03 5.880e-04 3.170e-03 -1.000 1.000e-03 -0.832 -0.038 -0.074 -0.684 -1.081 -1.459 -1.954 -2.358 -2.403
0.00100 1.00e+09 1.9098737240    1.910  2.237  3.7316  2.361    0  0.000  0.463     0.00     0.00 -1         0      0.00 7.000e-01 2.990e-01 1.100e-03 5.880e-04 3.170e-03 -1.000 1.000e-03 -0.821 0.061 -0.004 -0.654 -1.068 -1.460 -1.979 -2.403 -2.452
0.00100 1.00e+09 1.9107379913    1.910  2.252  3.7206  2.301    0  0.000  0.463     0.00     0.00 -1         0      0.00 7.000e-01 2.990e-01 1.100e-03 5.880e-04 3.170e-03 -1.000 1.000e-03 -0.861 0.155 0.041 -0.666 -1.103 -1.514 -2.065 -2.517 -2.570
0.00100 1.00e+09 1.9108678102    1.911  2.279  3.7161  2.256    0  0.000  0.463     0.00     0.00 -1         0      0.00 7.000e-01 2.990e-01 1.100e-03 5.880e-04 3.170e-03 -1.000 1.000e-03 -0.928 0.152 0.010 -0.720 -1.167 -1.587 -2.150 -2.614 -2.669
0.00100 1.00e+09 1.9108784199    1.911  2.285  3.7154  2.248    0  0.000  0.463     0.00     0.00 -1         0      0.00 7.000e-01 2.990e-01 1.100e-03 5.880e-04 3.170e-03 -1.000 1.000e-03 -0.943 0.147 0.001 -0.733 -1.182 -1.603 -2.168 -2.634 -2.689
0.00100 1.00e+09 1.9109004736    1.911  2.306  3.7135  2.219    0  0.000  0.463     0.00     0.00 -1         0      0.00 7.000e-01 2.990e-01 1.100e-03 5.880e-04 3.170e-03 -1.000 1.000e-03 -0.995 0.123 -0.035 -0.780 -1.232 -1.657 -2.229 -2.699 -2.755
0.00100 1.00e+09 1.9109368324    1.911  2.344  3.7104  2.168    0  0.000  0.463     0.00     0.00 -1         0      0.00 7.000e-01 2.990e-01 1.100e-03 5.880e-04 3.170e-03 -1.000 1.000e-03 -1.091 0.074 -0.105 -0.867 -1.326 -1.756 -2.337 -2.816 -2.873
0.00100 1.00e+09 1.9110187292    1.911  2.373  3.7085  2.132    0  0.000  0.463     0.00     0.00 -1         0      0.00 7.000e-01 2.990e-01 1.100e-03 5.880e-04 3.170e-03 -1.000 1.000e-03 -1.163 0.032 -0.161 -0.933 -1.397 -1.831 -2.417 -2.901 -2.959
0.00100 1.00e+09 1.9116510153    1.911  2.341  3.7109  2.174    0  0.000  0.463     0.00     0.00 -1         0      0.00 7.000e-01 2.990e-01 1.100e-03 5.880e-04 3.170e-03 -1.000 1.000e-03 -1.082 0.074 -0.101 -0.860 -1.318 -1.747 -2.326 -2.804 -2.860
0.00100 1.00e+09 1.9121865034    1.912  2.377  3.7078  2.126    0  0.000  0.463     0.00     0.00 -1         0      0.00 7.000e-01 2.990e-01 1.100e-03 5.880e-04 3.170e-03 -1.000 1.000e-03 -1.173 0.033 -0.164 -0.941 -1.406 -1.841 -2.429 -2.915 -2.973
0.00100 1.00e+09 1.9124794006    1.912  2.414  3.7050  2.078    0  0.000  0.463     0.00     0.00 -1         0      0.00 7.000e-01 2.990e-01 1.100e-03 5.880e-04 3.170e-03 -1.000 1.000e-03 -1.264 -0.011 -0.230 -1.022 -1.494 -1.935 -2.532 -3.025 -3.084
0.00100 1.00e+09 1.9127922058    1.912  2.450  3.7024  2.031    0  0.000  0.463     0.00     0.00 -1         0      0.00 7.000e-01 2.990e-01 1.100e-03 5.880e-04 3.170e-03 -1.000 1.000e-03 -1.354 -0.058 -0.297 -1.104 -1.582 -2.028 -2.633 -3.133 -3.193
0.00100 1.00e+09 1.9131149054    1.913  2.489  3.6994  1.980    0  0.000  0.463     0.00     0.00 -1         0      0.00 7.000e-01 2.990e-01 1.100e-03 5.880e-04 3.170e-03 -1.000 1.000e-03 -1.453 -0.104 -0.368 -1.193 -1.678 -2.129 -2.743 -3.252 -3.312
0.00100 1.00e+09 1.9134085178    1.913  2.530  3.6965  1.927    0  0.000  0.463     0.00     0.00 -1         0      0.00 7.000e-01 2.990e-01 1.100e-03 5.880e-04 3.170e-03 -1.000 1.000e-03 -1.556 -0.156 -0.443 -1.286 -1.778 -2.236 -2.858 -3.374 -3.436
0.00100 1.00e+09 1.9136806726    1.913  2.574  3.6934  1.872    0  0.000  0.463     0.00     0.00 -1         0      0.00 7.000e-01 2.990e-01 1.100e-03 5.880e-04 3.170e-03 -1.000 1.000e-03 -1.665 -0.203 -0.521 -1.383 -1.883 -2.346 -2.979 -3.503 -3.566
0.00100 1.00e+09 1.9139180183    1.914  2.616  3.6903  1.817    0  0.000  0.463     0.00     0.00 -1         0      0.00 7.000e-01 2.990e-01 1.100e-03 5.880e-04 3.170e-03 -1.000 1.000e-03 -1.771 -0.246 -0.595 -1.477 -1.984 -2.454 -3.097 -3.630 -3.694
0.00100 1.00e+09 1.9141306877    1.914  2.658  3.6875  1.764    0  0.000  0.463     0.00     0.00 -1         0      0.00 7.000e-01 2.990e-01 1.100e-03 5.880e-04 3.170e-03 -1.000 1.000e-03 -1.876 -0.291 -0.669 -1.570 -2.085 -2.560 -3.213 -3.753 -3.818
0.00100 1.00e+09 1.9143224955    1.914  2.702  3.6842  1.707    0  0.000  0.463     0.00     0.00 -1         0      0.00 7.000e-01 2.990e-01 1.100e-03 5.880e-04 3.170e-03 -1.000 1.000e-03 -1.985 -0.332 -0.743 -1.666 -2.190 -2.671 -3.335 -3.885 -3.950
0.00100 1.00e+09 1.9144941568    1.914  2.753  3.6805  1.640    0  0.000  0.463     0.00     0.00 -1         0      0.00 7.000e-01 2.990e-01 1.100e-03 5.880e-04 3.170e-03 -1.000 1.000e-03 -2.114 -0.379 -0.830 -1.778 -2.311 -2.800 -3.477 -4.037 -4.104
0.00100 1.00e+09 1.9146497250    1.914  2.802  3.6769  1.578    0  0.000  0.463     0.00     0.00 -1         0      0.00 7.000e-01 2.990e-01 1.100e-03 5.880e-04 3.170e-03 -1.000 1.000e-03 -2.234 -0.420 -0.909 -1.880 -2.424 -2.920 -3.609 -4.180 -4.249
0.00100 1.00e+09 1.9147917032    1.915  2.845  3.6737  1.522    0  0.000  0.463     0.00     0.00 -1         0      0.00 7.000e-01 2.990e-01 1.100e-03 5.880e-04 3.170e-03 -1.000 1.000e-03 -2.343 -0.455 -0.979 -1.973 -2.526 -3.028 -3.729 -4.309 -4.379
0.00100 1.00e+09 1.9149227142    1.915  2.888  3.6706  1.467    0  0.000  0.463     0.00     0.00 -1         0      0.00 7.000e-01 2.990e-01 1.100e-03 5.880e-04 3.170e-03 -1.000 1.000e-03 -2.449 -0.485 -1.047 -2.063 -2.626 -3.135 -3.847 -4.436 -4.507
0.00100 1.00e+09 1.9150441885    1.915  2.930  3.6672  1.411    0  0.000  0.463     0.00     0.00 -1         0      0.00 7.000e-01 2.990e-01 1.100e-03 5.880e-04 3.170e-03 -1.000 1.000e-03 -2.555 -0.504 -1.108 -2.150 -2.723 -3.239 -3.964 -4.563 -4.636
0.00100 1.00e+09 1.9151570797    1.915  2.972  3.6640  1.357    0  0.000  0.463     0.00     0.00 -1         0      0.00 7.000e-01 2.990e-01 1.100e-03 5.880e-04 3.170e-03 -1.000 1.000e-03 -2.659 -0.521 -1.167 -2.235 -2.819 -3.342 -4.079 -4.687 -4.761
0.00100 1.00e+09 1.9152629375    1.915  3.013  3.6608  1.303    0  0.000  0.463     0.00     0.00 -1         0      0.00 7.000e-01 2.990e-01 1.100e-03 5.880e-04 3.170e-03 -1.000 1.000e-03 -2.763 -0.535 -1.225 -2.319 -2.914 -3.445 -4.193 -4.812 -4.887
0.00100 1.00e+09 1.9153628349    1.915  3.055  3.6575  1.248    0  0.000  0.463     0.00     0.00 -1         0      0.00 7.000e-01 2.990e-01 1.100e-03 5.880e-04 3.170e-03 -1.000 1.000e-03 -2.867 -0.544 -1.280 -2.402 -3.009 -3.547 -4.309 -4.937 -5.013
0.00100 1.00e+09 1.9154576063    1.915  3.096  3.6543  1.194    0  0.000  0.463     0.00     0.00 -1         0      0.00 7.000e-01 2.990e-01 1.100e-03 5.880e-04 3.170e-03 -1.000 1.000e-03 -2.970 -0.551 -1.334 -2.485 -3.103 -3.649 -4.423 -5.060 -5.138
0.00100 1.00e+09 1.9155489206    1.915  3.137  3.6510  1.139    0  0.000  0.463     0.00     0.00 -1         0      0.00 7.000e-01 2.990e-01 1.100e-03 5.880e-04 3.170e-03 -1.000 1.000e-03 -3.072 -0.549 -1.383 -2.562 -3.193 -3.747 -4.536 -5.184 -5.263
0.00100 1.00e+09 1.9156163931    1.915  3.169  3.6483  1.097    0  0.591  0.463     0.00     0.00 -1         0      0.00 7.000e-01 2.990e-01 1.100e-03 5.880e-04 3.170e-03 -1.000 1.000e-03 -3.152 -0.542 -1.418 -2.620 -3.261 -3.823 -4.622 -5.279 -5.360
0.00100 1.00e+09 1.9162218571    1.916  3.619  3.6098  0.493    0  0.591  0.463     0.00     0.00 -1         0      0.00 7.000e-01 2.990e-01 1.100e-03 5.880e-04 3.170e-03 -1.000 1.000e-03 -4.277 -0.082 -1.722 -3.332 -4.173 -4.862 -5.849 -6.629 -6.746
0.00100 1.00e+09 1.9162225723    1.916  3.619  3.6086  0.488    8  0.591  0.324    68.17    40.55  1 -3.98e-07      0.00 7.246e-01 2.744e-01 1.009e-04 1.665e-04 4.151e-04 -1.000 1.015e-03 -4.277 -0.041 -1.698 -3.317 -4.164 -4.858 -5.850 -6.636 -6.753
0.00100 1.00e+09 1.9162234068    1.915  3.557  3.6140  0.571    8  0.591  0.324    56.94    34.71  1 -3.09e-07      0.00 7.246e-01 2.744e-01 1.009e-04 1.665e-04 4.151e-04 -1.000 1.015e-03 -4.122 -0.132 -1.676 -3.234 -4.049 -4.721 -5.685 -6.451 -6.562
0.00100 1.00e+09 1.9162237644    1.915  3.511  3.6181  0.633    8  0.591  0.324    49.86    30.94  1 -2.58e-07      0.00 7.246e-01 2.744e-01 1.009e-04 1.665e-04 4.151e-04 -1.000 1.015e-03 -4.008 -0.198 -1.656 -3.170 -3.961 -4.618 -5.561 -6.314 -6.421
0.00100 1.00e+09 1.9162254333    1.914  3.307  3.6360  0.909    8  0.591  0.324    27.47    18.48  1 -1.22e-07      0.00 7.246e-01 2.744e-01 1.010e-04 1.665e-04 4.151e-04 -1.000 1.015e-03 -3.497 -0.449 -1.539 -2.857 -3.553 -4.149 -5.003 -5.698 -5.788
0.00100 1.00e+09 1.9162279367    1.913  3.249  3.6411  0.987    8  0.591  0.324    23.20    15.97  1    -1e-07      0.00 7.246e-01 2.744e-01 1.010e-04 1.665e-04 4.151e-04 -1.000 1.015e-03 -3.352 -0.500 -1.494 -2.761 -3.432 -4.013 -4.844 -5.523 -5.609
0.00100 1.00e+09 1.9162315130    1.910  3.291  3.6373  0.929    8  0.591  0.325    26.33    17.81  1 -1.16e-07      0.00 7.246e-01 2.744e-01 1.010e-04 1.665e-04 4.151e-04 -1.000 1.015e-03 -3.459 -0.460 -1.526 -2.832 -3.521 -4.113 -4.962 -5.653 -5.742
0.00100 1.00e+09 1.9162359238    1.908  3.403  3.6274  0.777    8  0.592  0.325    36.54    23.64  1 -1.72e-07      0.00 7.246e-01 2.744e-01 1.011e-04 1.665e-04 4.151e-04 -1.000 1.015e-03 -3.738 -0.334 -1.597 -3.009 -3.749 -4.373 -5.268 -5.991 -6.088
0.00100 1.00e+09 1.9162414074    1.905  3.514  3.6175  0.625    8  0.592  0.325    50.65    31.35  1 -2.63e-07      0.00 7.246e-01 2.744e-01 1.012e-04 1.665e-04 4.151e-04 -1.000 1.015e-03 -4.016 -0.181 -1.650 -3.170 -3.965 -4.624 -5.570 -6.325 -6.433
0.00100 1.00e+09 1.9162479639    1.901  3.592  3.6105  0.519    8  0.592  0.325    63.71    38.22  1  -3.6e-07      0.00 7.246e-01 2.744e-01 1.013e-04 1.665e-04 4.151e-04 -1.000 1.015e-03 -4.211 -0.062 -1.679 -3.277 -4.112 -4.798 -5.780 -6.559 -6.674
0.00100 1.00e+09 1.9162555933    1.897  3.635  3.6066  0.460    8  0.593  0.326    72.32    42.63  1  -4.3e-07      0.00 7.246e-01 2.744e-01 1.014e-04 1.665e-04 4.152e-04 -1.000 1.015e-03 -4.317 0.011 -1.685 -3.327 -4.187 -4.891 -5.894 -6.687 -6.806
0.00100 1.00e+09 1.9162642956    1.892  3.655  3.6047  0.430    8  0.593  0.326    77.00    44.99  1  -4.7e-07      0.00 7.246e-01 2.744e-01 1.015e-04 1.665e-04 4.152e-04 -1.000 1.015e-03 -4.367 0.052 -1.683 -3.348 -4.222 -4.935 -5.949 -6.748 -6.870
0.00100 1.00e+09 1.9162741899    1.886  3.667  3.6034  0.412    8  0.593  0.326    80.10    46.54  1 -4.97e-07      0.00 7.246e-01 2.744e-01 1.016e-04 1.665e-04 4.152e-04 -1.000 1.015e-03 -4.398 0.080 -1.680 -3.360 -4.243 -4.961 -5.982 -6.786 -6.910
0.00100 1.00e+09 1.9162745476    1.886  3.674  3.6028  0.403    8  0.593  0.327    81.61    47.30  1 -5.11e-07      0.00 7.246e-01 2.744e-01 1.017e-04 1.665e-04 4.152e-04 -1.000 1.016e-03 -4.414 0.091 -1.681 -3.367 -4.254 -4.975 -5.999 -6.805 -6.929
0.00100 1.00e+09 1.9162757397    1.885  3.564  3.6124  0.551    8  0.594  0.328    59.38    35.93  1 -3.24e-07      0.00 7.246e-01 2.744e-01 1.021e-04 1.665e-04 4.153e-04 -1.000 1.016e-03 -4.141 -0.082 -1.658 -3.234 -4.057 -4.735 -5.707 -6.479 -6.592
0.00100 1.00e+09 1.9162778854    1.883  3.361  3.6304  0.826    8  0.594  0.330    32.81    21.51  1 -1.49e-07      0.00 7.246e-01 2.744e-01 1.028e-04 1.665e-04 4.154e-04 -1.000 1.017e-03 -3.632 -0.357 -1.557 -2.935 -3.659 -4.273 -5.154 -5.867 -5.962
0.00100 1.00e+09 1.9162813425    1.881  3.302  3.6356  0.905    8  0.594  0.333    27.63    18.54  1 -1.21e-07      0.00 7.246e-01 2.744e-01 1.038e-04 1.665e-04 4.155e-04 -1.000 1.018e-03 -3.484 -0.420 -1.517 -2.840 -3.538 -4.135 -4.992 -5.688 -5.779
0.00100 1.00e+09 1.9162858725    1.878  3.344  3.6318  0.847    8  0.594  0.338    31.32    20.66  1 -1.41e-07      0.00 7.246e-01 2.744e-01 1.053e-04 1.665e-04 4.158e-04 -1.000 1.020e-03 -3.590 -0.371 -1.544 -2.907 -3.624 -4.233 -5.108 -5.816 -5.910
0.00100 1.00e+09 1.9162917137    1.874  3.453  3.6220  0.697    8  0.594  0.343    43.23    27.29  1 -2.11e-07      0.00 7.245e-01 2.744e-01 1.070e-04 1.665e-04 4.161e-04 -1.000 1.022e-03 -3.863 -0.230 -1.603 -3.072 -3.842 -4.484 -5.407 -6.147 -6.250
0.00100 1.00e+09 1.9162989855    1.869  3.562  3.6122  0.549    8  0.595  0.350    59.50    35.96  1 -3.24e-07      0.00 7.245e-01 2.745e-01 1.092e-04 1.665e-04 4.164e-04 -1.000 1.024e-03 -4.134 -0.067 -1.647 -3.225 -4.049 -4.727 -5.701 -6.473 -6.586
0.00100 1.00e+09 1.9163075686    1.863  3.637  3.6054  0.445    8  0.595  0.357    74.36    43.59  1 -4.43e-07      0.00 7.245e-01 2.745e-01 1.117e-04 1.665e-04 4.168e-04 -1.000 1.027e-03 -4.322 0.057 -1.661 -3.315 -4.183 -4.892 -5.901 -6.698 -6.819
0.00100 1.00e+09 1.9163175821    1.857  3.677  3.6017  0.389    8  0.596  0.366    83.95    48.39  1 -5.28e-07      0.00 7.244e-01 2.745e-01 1.145e-04 1.665e-04 4.173e-04 -1.000 1.030e-03 -4.422 0.134 -1.659 -3.358 -4.252 -4.979 -6.009 -6.819 -6.945
0.00100 1.00e+09 1.9163290262    1.849  3.695  3.5998  0.361    8  0.596  0.375    88.99    50.87  1 -5.74e-07      0.00 7.244e-01 2.746e-01 1.176e-04 1.665e-04 4.179e-04 -1.000 1.034e-03 -4.467 0.175 -1.655 -3.376 -4.283 -5.018 -6.058 -6.875 -7.003
0.00100 1.00e+09 1.9163420200    1.841  3.705  3.5987  0.345    8  0.597  0.385    92.19    52.42  1 -6.04e-07      0.00 7.243e-01 2.746e-01 1.210e-04 1.665e-04 4.185e-04 -1.000 1.038e-03 -4.493 0.204 -1.649 -3.383 -4.298 -5.039 -6.086 -6.906 -7.036
0.00100 1.00e+09 1.9163423777    1.840  3.717  3.5976  0.328    8  0.597  0.396    95.56    54.07  1 -6.37e-07      0.00 7.243e-01 2.747e-01 1.242e-04 1.665e-04 4.187e-04 -1.000 1.042e-03 -4.523 0.225 -1.649 -3.396 -4.319 -5.065 -6.118 -6.943 -7.074
0.00100 1.00e+09 1.9163438082    1.839  3.609  3.6072  0.474    8  0.597  0.407    69.71    41.16  1 -4.01e-07      0.00 7.243e-01 2.747e-01 1.280e-04 1.665e-04 4.190e-04 -1.000 1.046e-03 -4.253 0.041 -1.640 -3.273 -4.129 -4.829 -5.829 -6.620 -6.739
0.00100 1.00e+09 1.9163464308    1.837  3.407  3.6251  0.747    8  0.597  0.428    38.68    24.74  1 -1.81e-07      0.00 7.242e-01 2.747e-01 1.346e-04 1.665e-04 4.195e-04 -1.000 1.053e-03 -3.748 -0.252 -1.560 -2.995 -3.746 -4.378 -5.285 -6.015 -6.114
0.00100 1.00e+09 1.9163504839    1.834  3.347  3.6304  0.828    8  0.597  0.457    32.48    21.26  1 -1.45e-07      0.00 7.241e-01 2.748e-01 1.441e-04 1.665e-04 4.202e-04 -1.000 1.063e-03 -3.597 -0.324 -1.523 -2.900 -3.624 -4.238 -5.119 -5.832 -5.927
0.00100 1.00e+09 1.9163559675    1.829  3.389  3.6265  0.769    8  0.598  0.493    36.83    23.70  1  -1.7e-07      0.00 7.240e-01 2.749e-01 1.558e-04 1.665e-04 4.212e-04 -1.000 1.076e-03 -3.702 -0.267 -1.545 -2.965 -3.709 -4.335 -5.235 -5.960 -6.058
0.00100 1.00e+09 1.9163628817    1.824  3.496  3.6167  0.622    8  0.598  0.533    50.63    31.19  1 -2.56e-07      0.00 7.239e-01 2.750e-01 1.688e-04 1.665e-04 4.223e-04 -1.000 1.090e-03 -3.971 -0.110 -1.591 -3.117 -3.915 -4.577 -5.526 -6.284 -6.392
0.00100 1.00e+09 1.9163714647    1.817  3.602  3.6070  0.476    8  0.599  0.571    69.31    40.91  1 -3.94e-07      0.00 7.238e-01 2.751e-01 1.815e-04 1.665e-04 4.236e-04 -1.000 1.104e-03 -4.235 0.062 -1.620 -3.253 -4.109 -4.810 -5.811 -6.602 -6.721
0.00100 1.00e+09 1.9163815975    1.809  3.674  3.6002  0.374    8  0.599  0.604    86.27    49.40  1 -5.38e-07      0.00 7.237e-01 2.752e-01 1.923e-04 1.665e-04 4.248e-04 -1.000 1.116e-03 -4.416 0.201 -1.618 -3.332 -4.235 -4.968 -6.006 -6.821 -6.949
0.00100 1.00e+09 1.9163935184    1.800  3.713  3.5964  0.318    8  0.600  0.622    97.25    54.76  1  -6.4e-07      0.00 7.236e-01 2.753e-01 1.986e-04 1.665e-04 4.259e-04 -1.000 1.124e-03 -4.512 0.283 -1.609 -3.367 -4.298 -5.049 -6.109 -6.938 -7.071
0.00100 1.00e+09 1.9164072275    1.789  3.730  3.5944  0.290    8  0.601  0.618   103.12    57.57  1 -6.95e-07      0.00 7.235e-01 2.754e-01 1.977e-04 1.665e-04 4.267e-04 -1.000 1.123e-03 -4.555 0.329 -1.598 -3.378 -4.322 -5.084 -6.155 -6.991 -7.127
0.00100 1.00e+09 1.9164226055    1.778  3.739  3.5931  0.273    8  0.601  0.577   106.97    59.37  1  -7.3e-07      0.00 7.235e-01 2.754e-01 1.862e-04 1.665e-04 4.271e-04 -1.000 1.112e-03 -4.579 0.364 -1.585 -3.380 -4.334 -5.102 -6.181 -7.022 -7.159
0.00100 1.00e+09 1.9164229631    1.777  3.759  3.5913  0.246    8  0.601  1.049   107.77    65.21  1 -7.96e-07      0.00 7.225e-01 2.762e-01 3.424e-04 1.663e-04 4.354e-04  6.262 1.278e-03 -4.627 999.999 -1.506 -3.604 -4.446 -5.144 -6.247 -7.007 -7.158
0.00100 1.00e+09 1.9164245129    1.776  3.652  3.6010  0.391    8  0.601  1.065    76.90    50.61  1 -4.99e-07      0.00 7.224e-01 2.763e-01 3.483e-04 1.663e-04 4.359e-04  6.392 1.284e-03 -4.360 999.999 -1.355 -3.432 -4.251 -4.921 -5.971 -6.695 -6.836
0.00100 1.00e+09 1.9164272547    1.773  3.452  3.6191  0.663    8  0.602  1.095    40.95    31.53  1 -2.22e-07      0.00 7.224e-01 2.763e-01 3.586e-04 1.663e-04 4.367e-04  6.555 1.295e-03 -3.861 999.999 -1.076 -3.111 -3.885 -4.504 -5.457 -6.115 -6.234
0.00100 1.00e+09 1.9164314270    1.769  3.391  3.6246  0.745    8  0.602  1.135    33.77    27.27  1 -1.76e-07      0.00 7.222e-01 2.764e-01 3.727e-04 1.662e-04 4.378e-04  6.709 1.311e-03 -3.707 999.999 -0.988 -3.011 -3.772 -4.375 -5.297 -5.935 -6.048
0.00100 1.00e+09 1.9164371490    1.764  3.433  3.6205  0.686    8  0.602  1.180    38.75    30.22  1 -2.07e-07      0.00 7.221e-01 2.766e-01 3.888e-04 1.662e-04 4.392e-04  6.836 1.328e-03 -3.812 999.999 -1.044 -3.076 -3.847 -4.462 -5.406 -6.059 -6.176
0.00100 1.00e+09 1.9164444208    1.758  3.538  3.6106  0.540    8  0.603  1.223    54.40    38.96  1 -3.13e-07      0.00 7.220e-01 2.767e-01 4.043e-04 1.662e-04 4.407e-04  6.930 1.346e-03 -4.075 999.999 -1.187 -3.242 -4.037 -4.680 -5.678 -6.367 -6.495
0.00100 1.00e+09 1.9164533615    1.750  3.640  3.6008  0.396    8  0.603  1.254    75.93    49.99  1 -4.82e-07      0.00 7.218e-01 2.768e-01 4.157e-04 1.662e-04 4.421e-04  6.987 1.358e-03 -4.331 999.999 -1.325 -3.402 -4.221 -4.892 -5.943 -6.668 -6.808
0.00100 1.00e+09 1.9164640903    1.740  3.711  3.5938  0.295    8  0.604  1.258    95.86    59.49  1 -6.57e-07      0.00 7.217e-01 2.769e-01 4.181e-04 1.662e-04 4.432e-04  6.995 1.362e-03 -4.507 999.999 -1.417 -3.510 -4.346 -5.036 -6.126 -6.876 -7.024
0.00100 1.00e+09 1.9164764881    1.730  3.748  3.5898  0.239    8  0.604  1.219   109.10    65.47  1 -7.81e-07      0.00 7.217e-01 2.769e-01 4.055e-04 1.662e-04 4.436e-04  6.924 1.350e-03 -4.601 999.999 -1.460 -3.562 -4.409 -5.111 -6.222 -6.987 -7.141
0.00100 1.00e+09 1.9164907932    1.717  3.765  3.5876  0.210    8  0.605  1.116   116.54    68.70  1 -8.48e-07      0.00 7.219e-01 2.768e-01 3.708e-04 1.663e-04 4.431e-04  6.648 1.314e-03 -4.643 999.999 -1.474 -3.581 -4.434 -5.142 -6.265 -7.039 -7.195
0.00100 1.00e+09 1.9165068865    1.703  3.775  3.5860  0.191    8  0.606  0.923   126.69    68.38  1 -8.93e-07      0.00 7.222e-01 2.765e-01 3.054e-04 1.664e-04 4.411e-04 -1.000 1.246e-03 -4.666 0.577 -1.486 -3.355 -4.356 -5.161 -6.279 -7.146 -7.294
0.00100 1.00e+09 1.9165073633    1.703  3.801  3.5834  0.154    8  0.606  2.386   132.66    75.59  1 -1.01e-06      0.00 7.187e-01 2.795e-01 8.400e-04 1.656e-04 4.695e-04  7.753 1.813e-03 -4.733 999.999 -1.513 -3.620 -4.495 -5.210 -6.358 -7.144 -7.310
0.00100 1.00e+09 1.9165089130    1.701  3.696  3.5932  0.298    8  0.606  2.399    94.90    58.77  1 -6.28e-07      0.00 7.187e-01 2.795e-01 8.444e-04 1.656e-04 4.694e-04  7.757 1.818e-03 -4.469 999.999 -1.370 -3.462 -4.308 -4.991 -6.090 -6.838 -6.991
0.00100 1.00e+09 1.9165118933    1.697  3.499  3.6116  0.567    8  0.606  2.422    50.71    36.70  1 -2.76e-07      0.00 7.187e-01 2.794e-01 8.521e-04 1.656e-04 4.691e-04  7.763 1.825e-03 -3.977 999.999 -1.094 -3.156 -3.951 -4.579 -5.582 -6.261 -6.395
0.00100 1.00e+09 1.9165163040    1.692  3.436  3.6172  0.651    8  0.607  2.452    41.70    31.68  1 -2.17e-07      0.00 7.187e-01 2.794e-01 8.620e-04 1.656e-04 4.688e-04  7.772 1.835e-03 -3.820 999.999 -1.002 -3.055 -3.836 -4.447 -5.420 -6.078 -6.206
0.00100 1.00e+09 1.9165223837    1.685  3.478  3.6125  0.588    8  0.607  2.484    48.21    35.29  1 -2.55e-07      0.00 7.187e-01 2.794e-01 8.727e-04 1.656e-04 4.683e-04  7.781 1.846e-03 -3.926 999.999 -1.053 -3.113 -3.907 -4.532 -5.530 -6.204 -6.338
0.00100 1.00e+09 1.9165302515    1.676  3.581  3.6015  0.439    8  0.607  2.512    68.14    45.71  1 -3.86e-07      0.00 7.188e-01 2.794e-01 8.814e-04 1.656e-04 4.678e-04  7.789 1.854e-03 -4.183 999.999 -1.182 -3.260 -4.084 -4.743 -5.797 -6.513 -6.658
0.00100 1.00e+09 1.9165397882    1.666  3.682  3.5903  0.291    8  0.608  2.525    95.95    59.02  1 -5.91e-07      0.00 7.188e-01 2.793e-01 8.846e-04 1.656e-04 4.671e-04  7.792 1.857e-03 -4.434 999.999 -1.301 -3.396 -4.252 -4.944 -6.056 -6.815 -6.972
0.00100 1.00e+09 1.9165511131    1.653  3.750  3.5818  0.185    8  0.608  2.509   122.74    70.89  1 -8.01e-07      0.00 7.189e-01 2.793e-01 8.775e-04 1.656e-04 4.663e-04  7.787 1.849e-03 -4.606 999.999 -1.366 -3.474 -4.356 -5.077 -6.231 -7.024 -7.192
0.00100 1.00e+09 1.9165644646    1.638  3.787  3.5760  0.121    8  0.609  2.448   142.17    79.02  1 -9.45e-07      0.00 7.190e-01 2.792e-01 8.543e-04 1.656e-04 4.654e-04  7.768 1.824e-03 -4.698 999.999 -1.382 -3.499 -4.400 -5.140 -6.324 -7.141 -7.316
0.00100 1.00e+09 1.9165796041    1.621  3.805  3.5719  0.083    8  0.610  2.320   155.14    84.19  1 -1.02e-06      0.00 7.192e-01 2.790e-01 8.080e-04 1.657e-04 4.644e-04  7.726 1.776e-03 -4.742 999.999 -1.371 -3.495 -4.408 -5.162 -6.367 -7.202 -7.382
0.00100 1.00e+09 1.9165968895    1.602  3.815  3.5682  0.052    8  0.611  2.082   166.08    88.39  1 -1.07e-06      0.00 7.195e-01 2.788e-01 7.301e-04 1.658e-04 4.633e-04  7.647 1.696e-03 -4.768 999.999 -1.348 -3.480 -4.403 -5.167 -6.394 -7.245 -7.427
0.00100 1.00e+09 1.9165972471    1.601  3.848  3.5645  0.004    8  0.611  4.432   185.81    96.16  1 -1.25e-06      0.00 7.151e-01 2.822e-01 1.632e-03 1.648e-04 4.910e-04  8.168 2.636e-03 -4.851 999.999 -1.369 -3.485 -4.450 -5.258 -6.468 -7.321 -7.535
0.00100 1.00e+09 1.9165987968    1.599  3.744  3.5758  0.153    8  0.611  4.431   131.33    74.09  1 -7.81e-07      0.00 7.152e-01 2.822e-01 1.631e-03 1.648e-04 4.908e-04  8.168 2.636e-03 -4.590 999.999 -1.262 -3.366 -4.291 -5.052 -6.211 -7.017 -7.213
0.00100 1.00e+09 1.9166015387    1.595  3.549  3.5972  0.432    8  0.611  4.429    68.63    45.50  1 -3.43e-07      0.00 7.152e-01 2.822e-01 1.630e-03 1.648e-04 4.906e-04  8.167 2.634e-03 -4.103 999.999 -1.036 -3.119 -3.977 -4.658 -5.716 -6.440 -6.605
0.00100 1.00e+09 1.9166058302    1.590  3.485  3.6039  0.522    8  0.611  4.423    55.67    38.85  1 -2.66e-07      0.00 7.152e-01 2.821e-01 1.626e-03 1.648e-04 4.902e-04  8.166 2.630e-03 -3.941 999.999 -0.951 -3.027 -3.865 -4.523 -5.549 -6.249 -6.405
0.00100 1.00e+09 1.9166115522    1.582  3.526  3.5985  0.457    8  0.611  4.411    64.74    43.47  1 -3.13e-07      0.00 7.153e-01 2.821e-01 1.620e-03 1.648e-04 4.897e-04  8.164 2.624e-03 -4.045 999.999 -0.994 -3.075 -3.929 -4.605 -5.658 -6.377 -6.540
0.00100 1.00e+09 1.9166189432    1.572  3.626  3.5860  0.304    8  0.612  4.387    92.22    56.62  1 -4.73e-07      0.00 7.154e-01 2.820e-01 1.609e-03 1.648e-04 4.891e-04  8.161 2.613e-03 -4.296 999.999 -1.099 -3.193 -4.084 -4.805 -5.916 -6.682 -6.862
0.00100 1.00e+09 1.9166280031    1.560  3.723  3.5735  0.154    8  0.612  4.347   130.49    73.35  1 -7.18e-07      0.00 7.155e-01 2.819e-01 1.592e-03 1.649e-04 4.883e-04  8.155 2.595e-03 -4.537 999.999 -1.180 -3.287 -4.218 -4.988 -6.158 -6.974 -7.173
0.00100 1.00e+09 1.9166387320    1.545  3.789  3.5641  0.047    8  0.613  4.283   167.28    88.21  1 -9.63e-07      0.00 7.156e-01 2.818e-01 1.566e-03 1.649e-04 4.874e-04  8.145 2.567e-03 -4.702 999.999 -1.216 -3.333 -4.298 -5.106 -6.320 -7.175 -7.388
0.00100 1.00e+09 1.9166512489    1.528  3.823  3.5579 -0.018    8  0.613  4.185   193.87    98.31  1 -1.13e-06      0.00 7.158e-01 2.817e-01 1.527e-03 1.649e-04 4.864e-04  8.131 2.527e-03 -4.788 999.999 -1.215 -3.342 -4.327 -5.161 -6.404 -7.285 -7.507
0.00100 1.00e+09 1.9166656733    1.509  3.839  3.5535 -0.056    8  0.614  4.043   211.55   104.68  1 -1.22e-06      0.00 7.160e-01 2.815e-01 1.471e-03 1.650e-04 4.853e-04  8.110 2.469e-03 -4.827 999.999 -1.191 -3.325 -4.326 -5.176 -6.441 -7.341 -7.569
0.00100 1.00e+09 1.9166820049    1.488  3.848  3.5497 -0.086    8  0.615  3.790   226.50   109.84  1 -1.27e-06      0.00 7.163e-01 2.814e-01 1.395e-03 1.650e-04 4.840e-04  8.079 2.390e-03 -4.849 999.999 -1.156 -3.298 -4.311 -5.175 -6.460 -7.378 -7.610
0.00100 1.00e+09 1.9166823626    1.488  3.887  3.5446 -0.146    8  0.615  6.511   260.30   121.92  0 -1.53e-06      0.00 7.118e-01 2.847e-01 2.496e-03 1.640e-04 5.111e-04  8.393 3.536e-03 -4.948 999.999 -1.182 -3.315 -4.360 -5.267 -6.551 -7.481 -7.737
0.00100 1.00e+09 1.9166837931    1.485  3.784  3.5573  0.007    8  0.615  6.495   182.26    93.27  1 -9.58e-07      0.00 7.118e-01 2.847e-01 2.489e-03 1.640e-04 5.109e-04  8.392 3.529e-03 -4.690 999.999 -1.108 -3.226 -4.223 -5.071 -6.304 -7.182 -7.414
0.00100 1.00e+09 1.9166865349    1.480  3.591  3.5812  0.294    8  0.615  6.467    93.60    56.52  1  -4.2e-07      0.00 7.119e-01 2.846e-01 2.476e-03 1.640e-04 5.105e-04  8.389 3.515e-03 -4.209 999.999 -0.948 -3.044 -3.957 -4.703 -5.829 -6.611 -6.804
0.00100 1.00e+09 1.9166904688    1.473  3.525  3.5890  0.389    8  0.616  6.424    74.98    47.80  1 -3.23e-07      0.00 7.120e-01 2.845e-01 2.457e-03 1.640e-04 5.100e-04  8.385 3.496e-03 -4.043 999.999 -0.879 -2.968 -3.857 -4.571 -5.662 -6.413 -6.594
0.00100 1.00e+09 1.9166959524    1.463  3.567  3.5830  0.321    8  0.616  6.368    87.75    53.71  1 -3.83e-07      0.00 7.121e-01 2.844e-01 2.432e-03 1.641e-04 5.093e-04  8.380 3.470e-03 -4.147 999.999 -0.909 -3.003 -3.910 -4.649 -5.767 -6.541 -6.732
0.00100 1.00e+09 1.9167029858    1.451  3.664  3.5694  0.165    8  0.616  6.297   125.86    70.27  1 -5.79e-07      0.00 7.122e-01 2.843e-01 2.402e-03 1.641e-04 5.085e-04  8.374 3.438e-03 -4.391 999.999 -0.976 -3.081 -4.035 -4.829 -6.009 -6.839 -7.051
0.00100 1.00e+09 1.9167116880    1.436  3.758  3.5559  0.013    8  0.617  6.214   178.90    91.28  1 -8.74e-07      0.00 7.124e-01 2.842e-01 2.365e-03 1.641e-04 5.075e-04  8.366 3.401e-03 -4.625 999.999 -1.022 -3.142 -4.143 -4.998 -6.237 -7.121 -7.356
0.00100 1.00e+09 1.9167219400    1.418  3.821  3.5458 -0.096    8  0.617  6.120   229.99   109.90  0 -1.17e-06      0.00 7.125e-01 2.841e-01 2.325e-03 1.642e-04 5.066e-04  8.357 3.359e-03 -4.782 999.999 -1.032 -3.164 -4.205 -5.107 -6.386 -7.311 -7.566
0.00100 1.00e+09 1.9167338610    1.398  3.854  3.5392 -0.162    8  0.618  6.017   267.18   122.56  0 -1.37e-06      0.00 7.127e-01 2.840e-01 2.281e-03 1.642e-04 5.056e-04  8.347 3.313e-03 -4.865 999.999 -1.003 -3.150 -4.225 -5.163 -6.465 -7.409 -7.683
0.00100 1.00e+09 1.9167476892    1.375  3.868  3.5347 -0.201    8  0.619  5.907   292.35   130.60  0 -1.48e-06      0.00 7.128e-01 2.839e-01 2.236e-03 1.643e-04 5.047e-04  8.337 3.266e-03 -4.901 999.999 -0.952 -3.114 -4.219 -5.185 -6.500 -7.453 -7.744
0.00100 1.00e+09 1.9167631865    1.349  3.876  3.5307 -0.233    8  0.620  5.729   314.01   137.15  0 -1.56e-06      0.00 7.130e-01 2.838e-01 2.190e-03 1.643e-04 5.039e-04  8.326 3.218e-03 -4.921 999.999 -0.901 -3.074 -4.202 -5.190 -6.518 -7.481 -7.785
0.00100 1.00e+09 1.9167635441    1.348  3.923  3.5242 -0.306    8  0.620  8.110   371.94   155.71  0 -1.93e-06      0.00 7.092e-01 2.865e-01 3.204e-03 1.634e-04 5.268e-04  8.519 4.275e-03 -5.037 999.999 -0.922 -3.108 -4.260 -5.279 -6.631 -7.614 -7.932
0.00100 1.00e+09 1.9167647362    1.344  3.821  3.5385 -0.148    8  0.620  8.088   257.60   118.11  0 -1.22e-06      0.00 7.093e-01 2.865e-01 3.194e-03 1.634e-04 5.266e-04  8.517 4.265e-03 -4.782 999.999 -0.909 -3.058 -4.136 -5.077 -6.382 -7.328 -7.604
0.00100 1.00e+09 1.9167671204    1.337  3.631  3.5653  0.147    8  0.620  8.048   129.66    70.46  1 -5.42e-07      0.00 7.093e-01 2.864e-01 3.176e-03 1.634e-04 5.262e-04  8.514 4.246e-03 -4.306 999.999 -0.835 -2.944 -3.913 -4.725 -5.922 -6.769 -6.988
0.00100 1.00e+09 1.9167706966    1.326  3.563  3.5750  0.250    8  0.621  7.991   101.93    58.69  1 -4.17e-07      0.00 7.094e-01 2.863e-01 3.150e-03 1.635e-04 5.255e-04  8.510 4.219e-03 -4.137 999.999 -0.797 -2.898 -3.831 -4.602 -5.756 -6.563 -6.766
0.00100 1.00e+09 1.9167755842    1.312  3.604  3.5695  0.182    8  0.621  7.918   119.16    65.81  1 -5.03e-07      0.00 7.096e-01 2.862e-01 3.116e-03 1.635e-04 5.248e-04  8.505 4.184e-03 -4.239 999.999 -0.826 -2.931 -3.884 -4.678 -5.857 -6.687 -6.898
0.00100 1.00e+09 1.9167817831    1.293  3.699  3.5562  0.028    8  0.621  7.833   170.23    85.70  1 -7.73e-07      0.00 7.097e-01 2.861e-01 3.078e-03 1.635e-04 5.239e-04  8.499 4.144e-03 -4.477 999.999 -0.880 -2.999 -3.999 -4.853 -6.090 -6.972 -7.207
0.00100 1.00e+09 1.9167894125    1.271  3.789  3.5435 -0.121    8  0.622  7.742   239.73   110.30  0 -1.18e-06      0.00 7.099e-01 2.860e-01 3.036e-03 1.636e-04 5.230e-04  8.492 4.101e-03 -4.702 999.999 -0.917 -3.053 -4.103 -5.016 -6.304 -7.237 -7.497
0.00100 1.00e+09 1.9167984724    1.245  3.849  3.5349 -0.224    8  0.623  7.652   304.20   131.15  0 -1.61e-06      0.00 7.100e-01 2.859e-01 2.996e-03 1.636e-04 5.221e-04  8.485 4.058e-03 -4.853 999.999 -0.908 -3.069 -4.173 -5.138 -6.452 -7.404 -7.695
0.00100 1.00e+09 1.9168090820    1.216  3.880  3.5305 -0.284    8  0.623  7.574   348.06   144.12  0 -1.94e-06      0.00 7.101e-01 2.858e-01 2.961e-03 1.636e-04 5.213e-04  8.479 4.022e-03 -4.930 999.999 -0.907 -3.081 -4.209 -5.199 -6.528 -7.491 -7.796
0.00100 1.00e+09 1.9168212414    1.182  3.894  3.5286 -0.316    8  0.624  7.519   374.54   151.03  0 -2.18e-06      0.00 7.102e-01 2.858e-01 2.937e-03 1.636e-04 5.208e-04  8.475 3.997e-03 -4.964 999.999 -0.913 -3.090 -4.226 -5.224 -6.560 -7.529 -7.838
0.00100 1.00e+09 1.9168349504    1.146  3.900  3.5276 -0.341    8  0.625  7.460   394.91   155.65  0 -2.39e-06      0.00 7.102e-01 2.858e-01 2.931e-03 1.636e-04 5.208e-04  8.474 3.990e-03 -4.981 999.999 -0.916 -3.096 -4.235 -5.238 -6.577 -7.549 -7.860
0.00100 1.00e+09 1.9168353081    1.144  3.956  3.5194 -0.430    8  0.625  9.058   485.64   181.69  0 -3.09e-06      0.00 7.077e-01 2.875e-01 3.644e-03 1.631e-04 5.364e-04  8.582 4.735e-03 -5.120 999.999 -0.935 -3.130 -4.300 -5.341 -6.711 -7.709 -8.037
0.00100 1.00e+09 1.9168363810    1.138  3.853  3.5356 -0.265    8  0.625  9.037   330.78   135.96  0 -1.97e-06      0.00 7.078e-01 2.875e-01 3.634e-03 1.631e-04 5.362e-04  8.580 4.725e-03 -4.864 999.999 -0.932 -3.091 -4.191 -5.151 -6.463 -7.414 -7.702
0.00100 1.00e+09 1.9168386459    1.127  3.665  3.5655  0.038    8  0.626  9.000   163.44    79.83  0 -8.96e-07      0.00 7.078e-01 2.875e-01 3.616e-03 1.631e-04 5.358e-04  8.578 4.707e-03 -4.394 999.999 -0.925 -3.034 -4.002 -4.813 -6.010 -6.855 -7.074
0.00100 1.00e+09 1.9168418646    1.109  3.596  3.5781  0.152    8  0.626  8.947   125.40    65.10  1 -7.01e-07      0.00 7.079e-01 2.874e-01 3.592e-03 1.631e-04 5.352e-04  8.575 4.681e-03 -4.219 999.999 -0.920 -3.018 -3.941 -4.699 -5.840 -6.634 -6.831
0.00100 1.00e+09 1.9168463945    1.086  3.636  3.5746  0.088    8  0.626  8.882   145.00    72.08  1 -8.79e-07      0.00 7.080e-01 2.873e-01 3.561e-03 1.631e-04 5.346e-04  8.571 4.649e-03 -4.320 999.999 -0.974 -3.075 -4.010 -4.783 -5.939 -6.747 -6.951
0.00100 1.00e+09 1.9168521166    1.058  3.728  3.5639 -0.058    8  0.627  8.811   203.25    91.99  0  -1.4e-06      0.00 7.081e-01 2.873e-01 3.528e-03 1.632e-04 5.338e-04  8.566 4.614e-03 -4.549 999.999 -1.058 -3.169 -4.142 -4.961 -6.165 -7.017 -7.238
0.00100 1.00e+09 1.9168591499    1.023  3.813  3.5548 -0.194    8  0.628  8.743   278.54   115.09  0 -2.23e-06      0.00 7.082e-01 2.872e-01 3.496e-03 1.632e-04 5.331e-04  8.561 4.581e-03 -4.763 999.999 -1.145 -3.266 -4.271 -5.132 -6.375 -7.263 -7.500
0.00100 1.00e+09 1.9168674946    0.984  3.870  3.5508 -0.284    8  0.628  8.688   342.27   132.18  0  -3.2e-06      0.00 7.083e-01 2.871e-01 3.470e-03 1.632e-04 5.326e-04  8.558 4.554e-03 -4.904 999.999 -1.228 -3.354 -4.375 -5.254 -6.513 -7.417 -7.662
0.00100 1.00e+09 1.9168772697    0.940  3.898  3.5520 -0.327    8  0.629  8.661   378.26   139.53  0 -4.12e-06      0.00 7.084e-01 2.871e-01 3.458e-03 1.632e-04 5.323e-04  8.556 4.541e-03 -4.975 999.999 -1.315 -3.440 -4.456 -5.329 -6.584 -7.483 -7.726
0.00100 1.00e+09 1.9168884754    0.891  3.909  3.5566 -0.342    8  0.630  8.680   392.55   139.58  0 -5.02e-06      0.00 7.083e-01 2.871e-01 3.467e-03 1.632e-04 5.325e-04  8.557 4.550e-03 -5.002 999.999 -1.410 -3.529 -4.528 -5.380 -6.615 -7.496 -7.730
0.00100 1.00e+09 1.9169011116    0.840  3.914  3.5630 -0.347    8  0.632  8.744   398.96   136.17  0 -6.05e-06      0.00 7.082e-01 2.872e-01 3.506e-03 1.632e-04 5.334e-04  8.563 4.592e-03 -5.014 999.999 -1.511 -3.623 -4.599 -5.422 -6.629 -7.485 -7.707
0.00100 1.00e+09 1.9169013500    0.839  3.979  3.5529 -0.454    8  0.632  9.369   510.95   163.81  0 -8.15e-06      0.00 7.072e-01 2.879e-01 3.792e-03 1.630e-04 5.396e-04  8.601 4.891e-03 -5.177 999.999 -1.532 -3.655 -4.668 -5.537 -6.787 -7.683 -7.924
0.00100 1.00e+09 1.9169020653    0.835  3.875  3.5703 -0.282    8  0.632  9.360   343.46   121.18  0 -5.21e-06      0.00 7.072e-01 2.879e-01 3.787e-03 1.630e-04 5.395e-04  8.600 4.886e-03 -4.918 999.999 -1.516 -3.620 -4.571 -5.361 -6.536 -7.362 -7.573
0.00100 1.00e+09 1.9169036150    0.828  3.689  3.6017  0.025    8  0.632  9.344   168.28    70.49  0 -2.41e-06      0.00 7.073e-01 2.878e-01 3.779e-03 1.630e-04 5.393e-04  8.599 4.878e-03 -4.453 999.999 -1.433 -3.511 -4.363 -5.030 -6.062 -6.767 -6.930
0.00100 1.00e+09 1.9169058800    0.817  3.616  3.6161  0.150    8  0.632  9.321   126.18    56.23  0 -1.87e-06      0.00 7.073e-01 2.878e-01 3.769e-03 1.630e-04 5.391e-04  8.598 4.867e-03 -4.270 999.999 -1.411 -3.477 -4.286 -4.901 -5.866 -6.520 -6.664
0.00100 1.00e+09 1.9169088602    0.802  3.654  3.6138  0.095    8  0.632  9.296   143.89    61.16  0 -2.33e-06      0.00 7.074e-01 2.878e-01 3.757e-03 1.630e-04 5.388e-04  8.597 4.854e-03 -4.366 999.999 -1.482 -3.549 -4.364 -4.988 -5.963 -6.625 -6.772
0.00100 1.00e+09 1.9169127941    0.783  3.741  3.6049 -0.037    8  0.633  9.271   196.82    75.81  0 -3.62e-06      0.00 7.074e-01 2.878e-01 3.745e-03 1.630e-04 5.386e-04  8.595 4.841e-03 -4.582 999.999 -1.598 -3.674 -4.515 -5.171 -6.188 -6.881 -7.041
0.00100 1.00e+09 1.9169175625    0.761  3.820  3.5982 -0.156    8  0.633  9.253   261.77    91.28  0 -5.63e-06      0.00 7.074e-01 2.877e-01 3.736e-03 1.630e-04 5.384e-04  8.594 4.832e-03 -4.781 999.999 -1.722 -3.803 -4.665 -5.345 -6.393 -7.110 -7.279
0.00100 1.00e+09 1.9169232845    0.736  3.871  3.5972 -0.226    8  0.634  9.249   312.34   100.06  0  -7.9e-06      0.00 7.074e-01 2.877e-01 3.734e-03 1.630e-04 5.383e-04  8.594 4.830e-03 -4.908 999.999 -1.837 -3.920 -4.784 -5.468 -6.520 -7.242 -7.411
0.00100 1.00e+09 1.9169299603    0.707  3.894  3.6017 -0.248    8  0.634  9.268   337.41    99.65  0    -1e-05      0.00 7.074e-01 2.878e-01 3.744e-03 1.630e-04 5.385e-04  8.595 4.840e-03 -4.965 999.999 -1.945 -4.024 -4.875 -5.542 -6.573 -7.278 -7.442
0.00100 1.00e+09 1.9169375896    0.675  3.900  3.6102 -0.240    8  0.635  9.323   349.71    91.64  0  -1.2e-05      0.00 7.073e-01 2.878e-01 3.770e-03 1.630e-04 5.391e-04  8.598 4.868e-03 -4.980 999.999 -2.055 -4.126 -4.952 -5.588 -6.581 -7.256 -7.408
0.00100 1.00e+09 1.9169461727    0.641  3.899  3.6209 -0.219    8  0.636  9.426   416.58    70.73  0 -1.43e-05      0.00 7.071e-01 2.879e-01 3.819e-03 1.630e-04 5.402e-04  8.605 4.919e-03 -4.979 999.999 -2.174 -4.235 -5.030 -5.627 -6.569 -7.206 -7.344
0.00100 1.00e+09 1.9169462919    0.641 -9.999  4.0635  1.584    9  0.641  0.000     0.00     0.00 -1         0      0.00 7.071e-01 2.879e-01 3.819e-03 1.630e-04 5.402e-04  8.605 4.919e-03 29.767 29.882 30.340 30.415 30.421 30.440 30.552 30.569 30.596
#isochrone terminated
